1 0.73984375 0.228171875 0.1046875 0.04321875
1 0.899375 0.23145312499999998 0.108125 0.03415625
1 0.7409375 0.15253125 0.0975 0.029453125000000004
1 0.9087500000000001 0.14971874999999998 0.114375 0.0300625
1 0.729375 0.377875 0.093125 0.036375000000000005
1 0.8984375 0.381625 0.1 0.031375
1 0.355 0.49898437500000004 0.094375 0.031718750000000004
1 0.5134375 0.498671875 0.0925 0.037343749999999995
1 0.3565625 0.5785312499999999 0.09125 0.0376875
1 0.5128125 0.5741562499999999 0.10375000000000001 0.028921875000000003
1 0.35078125 0.65790625 0.0953125 0.033953125
1 0.50515625 0.65978125 0.10406249999999999 0.037703125
1 0.36328125 0.344125 0.0953125 0.031375
1 0.51828125 0.34178125000000004 0.1053125 0.0360625
1 0.5154687499999999 0.26160937500000003 0.10593749999999999 0.02884375
1 0.3596875 0.266609375 0.08499999999999999 0.02634375
1 0.36296875 0.190828125 0.0884375 0.027890625000000002
1 0.5165625 0.184734375 0.11125 0.025078125
1 0.35359375000000004 0.730265625 0.09468750000000001 0.03178125
1 0.5071875 0.729796875 0.10500000000000001 0.04021875
1 0.3565625 0.8040312500000001 0.09125 0.029296875
1 0.509375 0.8085625000000001 0.103125 0.035234375
1 0.3628125 0.419125 0.10375000000000001 0.031390625
1 0.5192187500000001 0.42037500000000005 0.10093749999999999 0.033890625
1 0.17671874999999998 0.199734375 0.0909375 0.030078125
1 0.17093750000000002 0.12221875 0.095 0.025062499999999998
1 0.1771875 0.272859375 0.08249999999999999 0.02634375
1 0.18140625 0.346 0.09406250000000001 0.035125
0 0.43656249999999996 0.186140625 0.05125 0.037265625000000004
0 0.43843750000000004 0.10971875 0.05500000000000001 0.0375625
0 0.45015625000000004 0.028609375 0.0440625 0.034734375
0 0.43 0.258328125 0.044375 0.03790625
0 0.5859375 0.250984375 0.05 0.04509375
0 0.59375 0.180828125 0.046875 0.032890625
0 0.5878125 0.10221875 0.041249999999999995 0.0350625
0 0.59859375 0.34162499999999996 0.0471875 0.038875
0 0.5965625 0.42210937499999995 0.04625 0.040453125
0 0.5959375 0.498359375 0.045 0.04296875
0 0.5901562499999999 0.579 0.049062499999999995 0.041749999999999995
0 0.5884375000000001 0.65821875 0.05500000000000001 0.040828125
0 0.5896874999999999 0.737140625 0.045 0.04553125
0 0.44078125 0.57978125 0.06281250000000001 0.0401875
0 0.438125 0.500859375 0.048125 0.04796875
0 0.4421875 0.42164062500000005 0.05 0.048890625
0 0.43968749999999995 0.34771874999999997 0.045 0.0416875
0 0.8260937500000001 0.232078125 0.0396875 0.04790625
0 0.8284375 0.15221875 0.0475 0.047578125
0 0.82125 0.29693749999999997 0.051875000000000004 0.043234375000000005
0 0.8246874999999999 0.3835 0.04 0.047625
0 0.8190625 0.470546875 0.05375 0.05609375
0 0.6564062500000001 0.380375 0.0440625 0.041375
0 0.6609375 0.46429687499999994 0.05 0.04359375
0 0.66515625 0.5511874999999999 0.049062499999999995 0.042359375
0 0.6578125 0.61915625 0.04375 0.043937500000000004
0 0.6564062500000001 0.702453125 0.0440625 0.044906249999999995
0 0.8215625 0.62353125 0.04625 0.0401875
0 0.8215625 0.55196875 0.04625 0.040796874999999996
0 0.0990625 0.276453125 0.03875 0.036671875
1 0.3703125 0.030640624999999998 0.10625 0.035671875