0 0.434375 0.185828125 0.053125 0.042890625
0 0.5878125 0.180046875 0.041249999999999995 0.034453125
0 0.5871875 0.255515625 0.052500000000000005 0.03853125
0 0.43171875000000004 0.265359375 0.050937500000000004 0.03634375
0 0.44265625000000003 0.34162499999999996 0.0415625 0.038875
0 0.59859375 0.34271875 0.0471875 0.044187500000000005
0 0.6 0.42648437499999997 0.046875 0.049203125
0 0.60203125 0.5005468750000001 0.0478125 0.053593749999999996
0 0.59484375 0.57665625 0.0396875 0.0464375
0 0.5915625 0.6574375 0.04875 0.042390625
0 0.5925 0.733078125 0.044375 0.05615625
0 0.591875 0.817 0.043125000000000004 0.045875
0 0.43624999999999997 0.8091875 0.044375 0.036484375
0 0.4371875 0.737765625 0.052500000000000005 0.04678125
0 0.42296875 0.65821875 0.0459375 0.040828125
0 0.2809375 0.42507812500000003 0.04 0.037015625
0 0.44453125 0.41662499999999997 0.0578125 0.038890625
0 0.27875 0.49992187499999996 0.041875 0.03984375
0 0.28250000000000003 0.58275 0.036875000000000005 0.03675
0 0.2915625 0.346625 0.03625 0.036375000000000005
0 0.2846875 0.267234375 0.034999999999999996 0.040109375
0 0.43875000000000003 0.10721875 0.049375 0.0325625
0 0.10171875 0.12378125 0.053437500000000006 0.034437499999999996
0 0.10390625 0.201453125 0.0515625 0.036640624999999996
0 0.09468750000000001 0.053453125000000004 0.042499999999999996 0.037546875
0 0.09515625 0.275828125 0.0340625 0.035421875000000005
0 0.10890625000000001 0.350375 0.0365625 0.043875
0 0.1053125 0.419125 0.03875 0.031390625
0 0.66109375 0.230828125 0.0471875 0.045406249999999995
0 0.8260937500000001 0.1476875 0.0521875 0.041640625
0 0.6625 0.15362499999999998 0.046875 0.047265625
0 0.8201562499999999 0.076125 0.0465625 0.042234375000000005
0 0.8201562499999999 0.371 0.0465625 0.047625
0 0.66078125 0.458515625 0.0403125 0.03515625
0 0.81859375 0.46101562500000004 0.0496875 0.04015625
0 0.82578125 0.54415625 0.0453125 0.043921875
0 0.2934375 0.040953125 0.04 0.037546875
0 0.4459375 0.030015625 0.045 0.034421875000000005
1 0.3596875 0.265984375 0.08499999999999999 0.025093749999999998
1 0.51359375 0.258484375 0.0896875 0.022593750000000003
1 0.36843750000000003 0.34381249999999997 0.09 0.0245
1 0.5231250000000001 0.340375 0.093125 0.023875
1 0.36343749999999997 0.42225 0.0925 0.025140625
1 0.51875 0.41896875 0.096875 0.021703125
1 0.3546875 0.499140625 0.1 0.02890625
1 0.5171875 0.497890625 0.1125 0.02640625
1 0.36140625000000004 0.577125 0.0915625 0.025484374999999997
1 0.5121875 0.5736875 0.1025 0.024859375
1 0.35171874999999997 0.65540625 0.0909375 0.028953125000000003
1 0.5109375 0.65353125 0.1 0.025203125
1 0.35859375 0.728703125 0.0921875 0.03490625
1 0.5134375 0.734640625 0.0925 0.02803125
1 0.36062500000000003 0.8063750000000001 0.093125 0.037109375
1 0.7359375 0.293484375 0.1 0.030109375
1 0.898125 0.298328125 0.105625 0.030421874999999998
1 0.90703125 0.232390625 0.1078125 0.02978125
1 0.905625 0.14581249999999998 0.108125 0.025374999999999998
1 0.7434375 0.15128124999999998 0.1025 0.026937499999999996
1 0.73828125 0.37740625 0.1078125 0.0323125
1 0.73390625 0.45632812500000003 0.0990625 0.024531249999999998
1 0.74 0.542734375 0.10187500000000001 0.031734374999999995
1 0.905625 0.540390625 0.108125 0.036421875
1 0.5196875000000001 0.8649687500000001 0.10500000000000001 0.0324375
1 0.36593749999999997 0.86371875 0.0975 0.0299375