0 0.53359375 0.030953124999999998 0.0421875 0.042546875
0 0.5465625000000001 0.09378125000000001 0.03375 0.0369375
0 0.5478125 0.15346875 0.03625 0.037578125000000004
0 0.54515625 0.212390625 0.0340625 0.039781250000000004
0 0.54890625 0.36146875 0.0665625 0.044187500000000005
0 0.55 0.43039062499999997 0.059375 0.041390625
0 0.5504687500000001 0.498828125 0.06343750000000001 0.047031250000000004
0 0.5496875 0.56603125 0.052500000000000005 0.050187499999999996
0 0.86359375 0.43039062499999997 0.0396875 0.041390625
0 0.8703125 0.36490625 0.03125 0.0448125
0 0.8692187499999999 0.30115625 0.0384375 0.042296875
0 0.8715624999999999 0.235984375 0.03375 0.04009375
0 0.87625 0.172375 0.036875000000000005 0.047265625
0 0.8768750000000001 0.10893749999999999 0.038125 0.039125
0 0.87015625 0.493671875 0.0340625 0.03984375
0 0.8731249999999999 0.55603125 0.043125000000000004 0.042671875
0 0.8748437499999999 0.6180625 0.0371875 0.038625
0 0.8907812500000001 0.6897968750000001 0.06281250000000001 0.04771875
0 0.2628125 0.6776093750000001 0.041249999999999995 0.042078125
0 0.26515625 0.61853125 0.0365625 0.0426875
0 0.26265625 0.55759375 0.0440625 0.052046875000000006
0 0.13109375 0.5549375000000001 0.0371875 0.049859375
0 0.07640625 0.15409375 0.0340625 0.038828125000000005
0 0.0853125 0.210203125 0.03625 0.04165625
0 0.2496875 0.20035937499999998 0.04 0.043828125
1 0.15531250000000002 0.09221875 0.10124999999999999 0.0400625
1 0.2971875 0.08721875 0.0975 0.042562499999999996
1 0.16984375000000002 0.1501875 0.0896875 0.034140625
1 0.29671875000000003 0.14659375 0.09343749999999999 0.0363125
1 0.1796875 0.20754687500000002 0.0875 0.039468750000000004
1 0.32109375 0.205046875 0.0796875 0.034453125
1 0.46734375000000006 0.217078125 0.09718750000000001 0.030406250000000003
1 0.6109375 0.21551562500000002 0.1 0.03353125
1 0.4734375 0.15784375 0.1 0.033828125
1 0.61796875 0.15815625 0.0984375 0.040703125
1 0.61515625 0.09628125 0.0990625 0.0419375
1 0.47421875 0.09846875000000001 0.1109375 0.0400625
1 0.80078125 0.180046875 0.1078125 0.034453125
1 0.9439062500000001 0.17284375000000002 0.09406250000000001 0.038828125000000005
1 0.8009375000000001 0.24270312500000002 0.10500000000000001 0.031656250000000004
1 0.79890625 0.30098437499999997 0.10406249999999999 0.032609375
1 0.8006249999999999 0.3638125 0.110625 0.0395
1 0.7903125 0.427265625 0.10874999999999999 0.035140624999999995
1 0.7978125 0.49601562499999996 0.11125 0.03515625
1 0.8026562500000001 0.5586875 0.11156250000000001 0.032359375
1 0.7967187499999999 0.6199375 0.10593749999999999 0.029875000000000002
1 0.48687500000000006 0.759484375 0.095625 0.043359375
1 0.62796875 0.765734375 0.10593749999999999 0.043359375
1 0.6370312499999999 0.8182499999999999 0.1053125 0.035875000000000004
1 0.6643749999999999 0.8776249999999999 0.100625 0.042140625
1 0.3434375 0.737921875 0.09 0.031468750000000004
1 0.33515625 0.7930937499999999 0.0890625 0.038671875
1 0.20390625 0.7879375 0.0890625 0.031484374999999995
1 0.21515625 0.843875 0.0990625 0.037125000000000005
1 0.34015625 0.85309375 0.0990625 0.033687499999999995