1 0.18625 0.376625 0.081875 0.033875
1 0.3146875 0.37834375 0.095 0.027937499999999997
1 0.31015625 0.32225000000000004 0.0765625 0.025109375
1 0.184375 0.32021875 0.078125 0.024171875000000002
1 0.46781249999999996 0.361625 0.07625 0.028875
1 0.6228125 0.36209375 0.07375000000000001 0.032937499999999995
1 0.480625 0.42632812500000006 0.07062500000000001 0.039515625
1 0.6157812500000001 0.43351562499999996 0.0753125 0.035140624999999995
1 0.47859375000000004 0.494765625 0.0696875 0.03265625
1 0.6203125 0.497265625 0.08125 0.03765625
1 0.79453125 0.303328125 0.1078125 0.027921875000000002
1 0.94140625 0.30270312499999996 0.1015625 0.026671875
1 0.7978125 0.36428125 0.11125 0.0310625
1 0.9440625 0.36178125 0.10375000000000001 0.0260625
1 0.7928124999999999 0.429296875 0.10124999999999999 0.036078125
1 0.94453125 0.430078125 0.1078125 0.034515625
1 0.7928124999999999 0.494765625 0.10124999999999999 0.03265625
1 0.46781249999999996 0.217234375 0.08875 0.02759375
1 0.6140625 0.21770312500000003 0.09375 0.031656250000000004
1 0.18515625 0.206765625 0.0765625 0.028515625
1 0.32156250000000003 0.20598437500000003 0.08375 0.030078125
1 0.181875 0.264578125 0.073125 0.025406250000000002
1 0.3115625 0.265984375 0.08875 0.025093749999999998
1 0.1734375 0.148625 0.075 0.02475
0 0.5475 0.35584375 0.05437499999999999 0.032937499999999995
0 0.5503125 0.429296875 0.06625 0.036078125
0 0.5478125 0.497421875 0.061250000000000006 0.03484375
0 0.4140625 0.49320312499999996 0.04375 0.03578125
0 0.41703124999999996 0.427109375 0.0403125 0.037953125
0 0.5496875 0.5707187499999999 0.052500000000000005 0.0408125
0 0.418125 0.55978125 0.033125 0.037671875
0 0.6778125 0.57103125 0.03375 0.035171875000000005
0 0.68703125 0.62728125 0.0303125 0.0351875
0 0.8931250000000001 0.687140625 0.07062500000000001 0.045515625
0 0.745 0.686046875 0.049375 0.040203125
0 0.8915625 0.748546875 0.04875 0.04021875
0 0.9126562500000001 0.8788750000000001 0.0690625 0.044640625
0 0.5662499999999999 0.8196562500000001 0.041875 0.035562500000000004
0 0.5609375 0.760578125 0.0375 0.036171875
1 0.20125 0.787 0.08687500000000001 0.035859375
1 0.33265625 0.7941874999999999 0.0840625 0.031484374999999995
1 0.49406249999999996 0.759171875 0.09125 0.036484375
1 0.6378125 0.765890625 0.10375000000000001 0.028046875
1 0.6396875 0.8196562500000001 0.095 0.035562500000000004
1 0.3278125 0.679640625 0.08375 0.030515625