0 0.25609375 0.201453125 0.0371875 0.036640624999999996
0 0.24421875 0.261296875 0.0384375 0.03446875
0 0.25171875 0.31615625 0.053437500000000006 0.034796875
0 0.25171875 0.37271875 0.028437499999999998 0.029187499999999998
0 0.2446875 0.42960937499999996 0.03 0.030453124999999998
0 0.12609375 0.376625 0.0396875 0.033875
0 0.12015625 0.3219375 0.0340625 0.030734375
0 0.1203125 0.26770312500000004 0.03125 0.044171875
0 0.12375 0.20754687500000002 0.031875 0.039468750000000004
0 0.2384375 0.14315625 0.03 0.0356875
0 0.5434375 0.15253125 0.027500000000000004 0.029453125000000004
0 0.54125 0.20989062500000003 0.029375000000000002 0.03478125
0 0.5446875 0.431015625 0.05500000000000001 0.042640625
0 0.548125 0.3588125 0.068125 0.041999999999999996
0 0.41609375000000004 0.36365625 0.044687500000000005 0.0298125
0 0.5510937499999999 0.498828125 0.0646875 0.03453125
0 0.5515625 0.564 0.06875 0.036734375
0 0.42093749999999996 0.5700937500000001 0.045 0.0520625
0 0.41671874999999997 0.49664062500000006 0.033437499999999995 0.03640625
0 0.8921875 0.687296875 0.0625 0.042703124999999995
0 0.9145312499999999 0.87965625 0.060312500000000005 0.043078125
0 0.56375 0.8151249999999999 0.036875000000000005 0.029609375
0 0.56359375 0.759484375 0.027187499999999996 0.030859375
0 0.7106250000000001 0.7676093749999999 0.030625000000000003 0.034609375
0 0.708125 0.820125 0.038125 0.039625
0 0.26953125 0.7858906250000001 0.0328125 0.030546875
0 0.1434375 0.779796875 0.027500000000000004 0.027734375
0 0.1578125 0.8371562499999999 0.03125 0.0330625
0 0.2803125 0.84840625 0.03875 0.0305625
0 0.26156250000000003 0.677921875 0.03875 0.036453124999999996
0 0.265625 0.61290625 0.028125 0.0314375
0 0.25656249999999997 0.499140625 0.05375 0.04140625
1 0.6178125 0.43070312499999996 0.07625 0.035765625
1 0.47765625 0.427109375 0.0740625 0.025453125
1 0.47546875 0.49554687499999994 0.0759375 0.031093749999999996
1 0.6228125 0.497578125 0.07375000000000001 0.03203125
1 0.6212500000000001 0.569625 0.076875 0.035484375
1 0.4796875 0.5629062499999999 0.075 0.031421875
1 0.47859375000000004 0.6236875000000001 0.09468750000000001 0.024875
1 0.6146874999999999 0.629 0.095 0.029249999999999998
1 0.79359375 0.61540625 0.0996875 0.0239375
1 0.8006249999999999 0.55196875 0.110625 0.028296875
1 0.79875 0.49539062500000003 0.10687500000000001 0.03390625
1 0.7934375 0.42867187500000004 0.1025 0.034828125
1 0.80078125 0.3663125 0.1078125 0.032
1 0.7953125 0.3031875 0.10625 0.030734375
1 0.8 0.23785937499999998 0.109375 0.03134375
1 0.19859374999999999 0.55603125 0.0846875 0.030171874999999997
1 0.33109375 0.56165625 0.0871875 0.028921875000000003
1 0.199375 0.6115 0.083125 0.03175
1 0.3278125 0.6158750000000001 0.08375 0.028000000000000004
1 0.2009375 0.671359375 0.08 0.029578125
1 0.32796875000000003 0.676046875 0.0809375 0.032703125
1 0.213125 0.730578125 0.08562499999999999 0.02615625
1 0.3428125 0.736046875 0.08875 0.027718749999999997
1 0.4953125 0.758234375 0.09375 0.028359375
1 0.6396875 0.763078125 0.095 0.028671875000000003
1 0.6165625 0.216609375 0.09875 0.02634375
1 0.4646875 0.21598437499999998 0.095 0.025093749999999998