1 0.61390625 0.228484375 0.0465625 0.025093749999999998
1 0.71421875 0.226609375 0.053437500000000006 0.02134375
1 0.7262500000000001 0.282078125 0.049375 0.022921875
1 0.7150000000000001 0.34084375 0.051875000000000004 0.027937499999999997
1 0.6159375 0.34115625 0.0475 0.0223125
1 0.38125 0.34725 0.046875 0.025124999999999998
1 0.29578125 0.40709375000000003 0.0478125 0.022953124999999998
1 0.39078124999999997 0.40553125 0.0503125 0.026078125
1 0.5134375 0.40412499999999996 0.05500000000000001 0.026390625
1 0.6001562500000001 0.40756249999999994 0.0565625 0.027015624999999998
1 0.7259375 0.40365624999999994 0.05500000000000001 0.022328124999999997
1 0.82359375 0.4006875 0.059687500000000004 0.025765624999999997
1 0.71921875 0.458203125 0.050937500000000004 0.02828125
1 0.8203125 0.46164062499999997 0.05625 0.02890625
1 0.72609375 0.519296875 0.0521875 0.028609375
1 0.825 0.519296875 0.059375 0.028609375
1 0.72375 0.5774375 0.056874999999999995 0.032375
1 0.8225 0.580875 0.05437499999999999 0.033
1 0.8184374999999999 0.63728125 0.052500000000000005 0.030203124999999997
1 0.51 0.63571875 0.05437499999999999 0.0208125
1 0.6009375 0.63478125 0.05500000000000001 0.0251875
1 0.5114062500000001 0.5818125000000001 0.0540625 0.028625
1 0.5121875 0.521953125 0.052500000000000005 0.030796875
1 0.6079687500000001 0.525390625 0.053437500000000006 0.031421875
1 0.5084375 0.46585937499999996 0.045 0.027968749999999997
1 0.6053124999999999 0.467109375 0.05125 0.03046875
1 0.16796875 0.35475 0.0484375 0.027625
1 0.25953125 0.35350000000000004 0.0503125 0.025124999999999998
1 0.26749999999999996 0.297859375 0.044375 0.026359375
1 0.16921875 0.299890625 0.050937500000000004 0.027296874999999998
1 0.165625 0.24348437500000003 0.053125 0.030093750000000002
1 0.26234375 0.243796875 0.0496875 0.02446875
1 0.3878125 0.230359375 0.05375 0.02884375
1 0.4875 0.233015625 0.059375 0.03103125
1 0.37203125 0.17706249999999998 0.0503125 0.025390625
1 0.46781249999999996 0.182390625 0.05125 0.029765625
1 0.1684375 0.13565624999999998 0.052500000000000005 0.0206875
1 0.26015625 0.13284374999999998 0.0515625 0.0213125
1 0.2609375 0.079875 0.05 0.024734375
1 0.3825 0.0645625 0.049375 0.025359375
1 0.47781250000000003 0.06596874999999999 0.04625 0.025046875000000003
1 0.08453125 0.58040625 0.0503125 0.028937499999999998
1 0.1775 0.5807187500000001 0.051875000000000004 0.0233125
1 0.0859375 0.63759375 0.05 0.0245625
1 0.18359375 0.63603125 0.0546875 0.027687499999999997
1 0.29890625000000004 0.582125 0.0540625 0.0355
1 0.390625 0.5858749999999999 0.053125 0.0305
1 0.29890625000000004 0.524140625 0.0415625 0.028921875000000003
1 0.3859375 0.521484375 0.05 0.026734374999999998
1 0.08562499999999999 0.521484375 0.055625 0.026734374999999998
1 0.1828125 0.524765625 0.05625 0.030171874999999997
1 0.18656250000000002 0.46585937499999996 0.05125 0.027968749999999997
1 0.09015625000000001 0.46429687499999994 0.049062499999999995 0.031093749999999996
1 0.091875 0.40678125 0.055625 0.028578125
1 0.18562499999999998 0.40756249999999994 0.055625 0.027015624999999998
1 0.50703125 0.690734375 0.0578125 0.030828125
1 0.6009375 0.689171875 0.05500000000000001 0.033953125
1 0.7171875 0.692921875 0.05 0.028953125000000003
1 0.30109375 0.690265625 0.0521875 0.026765624999999998
1 0.39453125 0.694015625 0.0703125 0.034265625
1 0.3015625 0.6324375 0.05625 0.029875000000000002
0 0.3409375 0.40334375 0.0475 0.027953125000000002
0 0.2553125 0.40365624999999994 0.026250000000000002 0.034828125
0 0.42890625 0.4050625 0.0265625 0.034515625
0 0.4328125 0.34975 0.04375 0.030125000000000002
0 0.43156249999999996 0.292703125 0.041249999999999995 0.031671875
0 0.3434375 0.291609375 0.027500000000000004 0.026359375
0 0.3421875 0.466171875 0.0375 0.03484375
0 0.43656249999999996 0.462109375 0.026250000000000002 0.032968750000000005
0 0.33578125000000003 0.5189843749999999 0.0403125 0.034234375
0 0.3415625 0.58353125 0.04875 0.0351875
0 0.34859375 0.63603125 0.0471875 0.027687499999999997
0 0.34703125 0.692296875 0.0378125 0.027703125000000002
0 0.343125 0.749796875 0.045625 0.03021875
0 0.34703125 0.80871875 0.0378125 0.032421875
0 0.5503125 0.8123125 0.041249999999999995 0.030234375
0 0.5549999999999999 0.751515625 0.044375 0.03678125
0 0.5559375 0.692453125 0.04 0.037390625
0 0.5609375 0.63509375 0.0375 0.032078125
0 0.5578125 0.58165625 0.04375 0.0314375
0 0.56171875 0.525390625 0.0359375 0.031421875
0 0.7725 0.5213281249999999 0.041875 0.029546875
0 0.7720312500000001 0.46414062500000003 0.0378125 0.03390625
0 0.9021874999999999 0.23785937499999998 0.045 0.03134375
0 0.90359375 0.295984375 0.044687500000000005 0.035109375
0 0.90546875 0.35225 0.0484375 0.035125
0 0.81171875 0.289734375 0.0234375 0.035109375
0 0.8126562500000001 0.34115625 0.0315625 0.0348125
0 0.75875 0.34115625 0.026875 0.0348125
0 0.7684375 0.28535937499999997 0.027500000000000004 0.038859375
0 0.7579687500000001 0.222859375 0.028437499999999998 0.038843749999999996
0 0.75671875 0.17346875 0.025937500000000002 0.040078125
0 0.7537499999999999 0.11956249999999999 0.029375000000000002 0.035375000000000004
0 0.33890625 0.11909375 0.021562500000000002 0.0313125
0 0.3325 0.17596875 0.024375 0.032578125
0 0.3471875 0.225984375 0.0225 0.03259375
0 0.13093749999999998 0.24285937500000002 0.027500000000000004 0.02884375
0 0.12796875000000002 0.305375 0.0309375 0.028859375
0 0.309375 0.187234375 0.028125 0.030078125
0 0.304375 0.242546875 0.030625000000000003 0.03446875
0 0.21546875000000001 0.24676562500000002 0.043437500000000004 0.03353125
0 0.2171875 0.299578125 0.0375 0.032921875
0 0.10015624999999999 0.35303125 0.0315625 0.0335625
0 0.0996875 0.297234375 0.027500000000000004 0.037609375
0 0.09359375 0.242390625 0.0246875 0.03728125
0 0.0909375 0.188328125 0.0225 0.035390624999999995
0 0.0953125 0.12753125 0.01875 0.0294375
0 0.5125 0.12456249999999999 0.021875 0.032875
0 0.5192187500000001 0.0683125 0.025937500000000002 0.032859375
0 0.33968750000000003 0.06096875 0.02 0.040046874999999996
0 0.56828125 0.063625 0.017812500000000002 0.029734375
0 0.5706249999999999 0.11721875 0.025625 0.0400625
0 0.57546875 0.17534375 0.025937500000000002 0.031328125
0 0.575 0.232078125 0.021875 0.03540625
0 0.58390625 0.290515625 0.0240625 0.033546875
0 0.576875 0.34459375 0.025625 0.0354375
0 0.6825 0.518515625 0.024375 0.030171874999999997
0 0.67640625 0.46101562500000004 0.021562500000000002 0.04015625
0 0.67765625 0.57525 0.0240625 0.03425
0 0.6734375 0.63821875 0.025 0.038328125000000005
0 0.8614062499999999 0.63978125 0.0290625 0.035203125
0 0.8603125 0.5846250000000001 0.02375 0.0405
0 0.8640625 0.5211718750000001 0.01875 0.032359375
0 0.8657812500000001 0.466015625 0.025312499999999998 0.03765625
0 0.8953125 0.466015625 0.03125 0.03765625
0 0.8996875 0.5252343749999999 0.027500000000000004 0.034234375
0 0.8949999999999999 0.5807187500000001 0.024375 0.035812500000000004
0 0.8975 0.63353125 0.029375000000000002 0.035203125
0 0.89140625 0.691359375 0.0265625 0.032078125
0 0.898125 0.7507343750000001 0.030625000000000003 0.038343749999999996
0 0.1365625 0.520546875 0.03875 0.031109375
0 0.13093749999999998 0.57821875 0.04 0.0308125
0 0.1359375 0.63446875 0.0375 0.0308125
0 0.13546875 0.694640625 0.033437499999999995 0.03553125
0 0.14046875 0.8065312499999999 0.043437500000000004 0.034296875
0 0.13968750000000002 0.749328125 0.045 0.038656249999999996
0 0.1353125 0.8579375 0.03625 0.034
0 0.22484375 0.8605937499999999 0.0246875 0.0361875
0 0.040781250000000005 0.8623125 0.025312499999999998 0.03025
0 0.0478125 0.8035625 0.02375 0.037734375
0 0.052500000000000005 0.745578125 0.026875 0.031156250000000003
0 0.088125 0.07409375 0.023125 0.041296875
0 0.43046875 0.0655 0.0359375 0.033484375
0 0.6590625 0.1139375 0.04625 0.036625000000000005
0 0.74515625 0.053609375 0.021562500000000002 0.034734375
0 0.8171875 0.0614375 0.025 0.031609375
0 0.81765625 0.118 0.0290625 0.0385
0 0.813125 0.16971875 0.023125 0.032578125
0 0.806875 0.22942187500000003 0.023125 0.033218750000000005
0 0.90265625 0.17659375 0.0365625 0.033828125