0 0.43218750000000006 0.06159375 0.042499999999999996 0.041296875
0 0.52109375 0.06721875000000001 0.0296875 0.027546875
0 0.42578125 0.12034375 0.0453125 0.0338125
0 0.51640625 0.12268749999999999 0.0265625 0.029125
0 0.66140625 0.1114375 0.0415625 0.031625
0 0.65828125 0.054703125 0.035312500000000004 0.027546875
0 0.7496875000000001 0.050328125 0.027500000000000004 0.031296875
0 0.56859375 0.059390624999999996 0.0246875 0.030671874999999998
0 0.5696875 0.11628125 0.03 0.0319375
0 0.6609375 0.22535937499999997 0.0375 0.03134375
0 0.6646875 0.17175 0.045 0.033515625
0 0.57515625 0.17346875 0.0190625 0.027578125
0 0.5745312499999999 0.22942187500000003 0.0303125 0.033218750000000005
0 0.4140625 0.18096874999999998 0.04375 0.030078125
0 0.33734375 0.118 0.0246875 0.026000000000000002
0 0.33953125 0.05909375 0.0228125 0.036296875
0 0.2128125 0.07628125 0.041249999999999995 0.026921875
0 0.21156250000000001 0.13425 0.03875 0.0335
0 0.2146875 0.190359375 0.0325 0.036328125
0 0.21515625 0.244421875 0.0365625 0.03821875
0 0.2203125 0.297234375 0.03125 0.037609375
0 0.1328125 0.301765625 0.03125 0.031046875
0 0.1278125 0.240515625 0.021249999999999998 0.03353125
0 0.1284375 0.187078125 0.0225 0.032890625
0 0.1284375 0.1364375 0.0225 0.031625
0 0.29625 0.132375 0.026875 0.02975
0 0.46390624999999996 0.45632812500000003 0.021562500000000002 0.03703125
0 0.46953125 0.4006875 0.0203125 0.038265625
0 0.56046875 0.40443749999999995 0.033437499999999995 0.045765625
0 0.5565625 0.459765625 0.041249999999999995 0.03765625
0 0.64765625 0.467578125 0.0265625 0.03453125
0 0.64328125 0.40037500000000004 0.017812500000000002 0.031390625
0 0.8675 0.401625 0.031875 0.033890625
0 0.86203125 0.460546875 0.0303125 0.03609375
0 0.86484375 0.519453125 0.0296875 0.038296875
0 0.8643750000000001 0.57634375 0.025625 0.0395625
0 0.8565625000000001 0.6355625 0.028749999999999998 0.036140624999999996
0 0.8589062500000001 0.687296875 0.0240625 0.042703124999999995
0 0.8565625000000001 0.7468281250000001 0.028749999999999998 0.046156249999999996
0 0.85859375 0.8035625 0.0296875 0.050234375
1 0.29484374999999996 0.40584375 0.0646875 0.032953125
1 0.385625 0.40475000000000005 0.055625 0.027640625000000002
1 0.506875 0.40225 0.060625 0.035140624999999995
1 0.6021875 0.40599999999999997 0.057499999999999996 0.030140624999999997
1 0.5071875 0.462109375 0.05500000000000001 0.032968750000000005
1 0.6079687500000001 0.463515625 0.053437500000000006 0.03265625
1 0.71953125 0.459609375 0.0578125 0.027968749999999997
1 0.8171875 0.459609375 0.0625 0.027968749999999997
1 0.8278125 0.40365624999999994 0.058750000000000004 0.022328124999999997
1 0.50953125 0.520859375 0.06281250000000001 0.037984375
1 0.6095312500000001 0.525859375 0.06281250000000001 0.035484375
1 0.3 0.522578125 0.059375 0.032046875
1 0.3821875 0.5213281249999999 0.0675 0.029546875
1 0.39328124999999997 0.463515625 0.0553125 0.03265625
1 0.2896875 0.463671875 0.057499999999999996 0.029843750000000002
1 0.3859375 0.294109375 0.0625 0.031359375
1 0.47890625 0.299421875 0.0640625 0.035734375
1 0.38171875 0.34740625 0.06343750000000001 0.0348125
1 0.47781250000000003 0.34631249999999997 0.058750000000000004 0.0295
1 0.6174999999999999 0.34475 0.056874999999999995 0.032625
1 0.71921875 0.33975 0.06343750000000001 0.035125
1 0.6309375 0.288015625 0.065 0.028546875
1 0.72453125 0.285828125 0.0553125 0.030421874999999998
1 0.8631249999999999 0.11690624999999999 0.060625 0.033187499999999995
1 0.9584374999999999 0.118 0.057499999999999996 0.0385
1 0.8596875 0.1733125 0.06 0.030390624999999998
1 0.84890625 0.23114062500000002 0.0540625 0.039781250000000004
1 0.8528125 0.291765625 0.058750000000000004 0.036046875
1 0.8509375 0.34678125 0.0675 0.0335625
1 0.26125 0.298484375 0.056874999999999995 0.027609375000000002
1 0.171875 0.30098437499999997 0.053125 0.032609375
1 0.1675 0.245984375 0.056874999999999995 0.03509375
1 0.26328125 0.245359375 0.0578125 0.03384375
1 0.7228125000000001 0.515390625 0.061250000000000006 0.036421875
1 0.8223437499999999 0.519140625 0.0696875 0.043921875
1 0.51375 0.57884375 0.061875 0.0320625
1 0.6025 0.5843125 0.064375 0.033625
1 0.2971875 0.5793125 0.0725 0.036125000000000004
1 0.39546875 0.58790625 0.07843750000000001 0.043937500000000004
1 0.30140625 0.6327499999999999 0.0590625 0.036765625