0 0.3153125 0.1726875 0.03375 0.041640625
0 0.319375 0.225984375 0.035625000000000004 0.03259375
0 0.32296874999999997 0.268328125 0.033437499999999995 0.03290625
0 0.3196875 0.32037499999999997 0.03 0.033859375000000004
0 0.3203125 0.37709375 0.03125 0.0379375
0 0.32406250000000003 0.42209375 0.026250000000000002 0.027953125000000002
0 0.3246875 0.471015625 0.027500000000000004 0.03515625
0 0.32109375 0.5189843749999999 0.0296875 0.034234375
0 0.3225 0.56134375 0.029375000000000002 0.034546875
0 0.3284375 0.6135312500000001 0.034999999999999996 0.0326875
0 0.32390625 0.6599375000000001 0.0290625 0.034890624999999995
0 0.32453125 0.697765625 0.0303125 0.029281249999999998
0 0.32203125 0.741359375 0.025312499999999998 0.03209375
0 0.32953125 0.79153125 0.0278125 0.029296875
0 0.33296875 0.8366875 0.028437499999999998 0.028999999999999998
0 0.32953125 0.8801249999999999 0.0278125 0.034640625
0 0.505625 0.11721875 0.033125 0.0275625
0 0.5071875 0.172375 0.03 0.034765625
0 0.503125 0.22473437500000001 0.028125 0.030093750000000002
0 0.5053124999999999 0.269265625 0.026250000000000002 0.02853125
0 0.5059375 0.3238125 0.027500000000000004 0.034484375
0 0.50578125 0.3719375 0.0303125 0.03075
0 0.5059375 0.42115625 0.027500000000000004 0.032328125
0 0.5040625000000001 0.466953125 0.02375 0.03328125
0 0.50578125 0.513203125 0.0303125 0.038296875
0 0.5034375 0.56103125 0.0225 0.027671875000000002
0 0.5037499999999999 0.60665625 0.029375000000000002 0.0314375
0 0.5042187499999999 0.65134375 0.0209375 0.027078124999999998
0 0.49781250000000005 0.696203125 0.02375 0.03240625
0 0.506875 0.741515625 0.023125 0.029281249999999998
0 0.500625 0.7848124999999999 0.023125 0.037734375
0 0.5059375 0.83028125 0.027500000000000004 0.0318125
0 0.5096875 0.8746562499999999 0.0225 0.0330625
0 0.7334375 0.07440625 0.045 0.035671875
0 0.7368750000000001 0.13425 0.033125 0.046
0 0.5589062499999999 0.17346875 0.0240625 0.027578125
0 0.73703125 0.281609375 0.0303125 0.031359375
0 0.7384375000000001 0.36974999999999997 0.03 0.032625
0 0.7865624999999999 0.3185 0.026250000000000002 0.030109375
0 0.79234375 0.267390625 0.034687499999999996 0.03728125
0 0.78625 0.216453125 0.031875 0.04165625
0 0.78953125 0.16659375 0.0228125 0.038828125000000005
0 0.79390625 0.12221875 0.0315625 0.0375625
0 0.79765625 0.07346875 0.0265625 0.040046874999999996
0 0.5546875 0.06971875 0.025 0.032546874999999996
0 0.08859375 0.061906249999999996 0.027187499999999996 0.035671875
0 0.08640624999999999 0.12221875 0.0290625 0.0375625
0 0.0840625 0.1714375 0.03375 0.039140625
0 0.084375 0.22145312499999997 0.028125 0.03915625
0 0.17859375 0.06065625 0.044687500000000005 0.033171875
0 0.183125 0.11753125 0.038125 0.034437499999999996
0 0.1775 0.16675 0.039375 0.036015625
0 0.18125 0.220984375 0.046875 0.03509375
0 0.18156250000000002 0.275984375 0.041249999999999995 0.032609375
0 0.7946875 0.59915625 0.03 0.0414375
0 0.78453125 0.5524375 0.025312499999999998 0.032359375
0 0.786875 0.5100781249999999 0.033125 0.03203125
0 0.78515625 0.46460937500000005 0.0265625 0.03796875
0 0.7878125 0.41851562500000006 0.028749999999999998 0.042640625
0 0.9553125 0.41021875 0.026250000000000002 0.029203125000000003
1 0.14203125 0.5177343750000001 0.0528125 0.03078125
1 0.23828125 0.5135156249999999 0.0578125 0.032671875
1 0.1440625 0.465234375 0.05375 0.026718750000000003
1 0.23875000000000002 0.46773437500000004 0.061875 0.031718750000000004
1 0.1440625 0.5629062499999999 0.05375 0.031421875
1 0.23484375000000002 0.56025 0.0571875 0.029234375
1 0.2403125 0.41521875 0.058750000000000004 0.026703125
1 0.23765624999999999 0.3713125 0.0565625 0.0295
1 0.1390625 0.324125 0.05625 0.028859375
1 0.60234375 0.37146875 0.0546875 0.026687499999999996
1 0.69421875 0.37615625 0.050937500000000004 0.0298125
1 0.6040625000000001 0.277703125 0.061250000000000006 0.026671875
1 0.69796875 0.283796875 0.0459375 0.029484375
1 0.368125 0.6135312500000001 0.058125 0.0326875
1 0.46265625000000005 0.6130625000000001 0.0565625 0.028625
1 0.5951562499999999 0.5630625 0.0590625 0.028609375
1 0.69359375 0.5643125 0.06218749999999999 0.031109375
1 0.603125 0.471015625 0.053125 0.03515625
1 0.6995312499999999 0.47648437499999996 0.0553125 0.03671875