0 0.4234375 0.08284375000000001 0.0375 0.033796875
0 0.418125 0.13925 0.045625 0.031
0 0.41203124999999996 0.19629687499999998 0.042812499999999996 0.029453125000000004
0 0.4290625 0.247546875 0.03625 0.031968750000000004
0 0.42109375 0.30615625 0.0296875 0.027296874999999998
0 0.42281250000000004 0.36646875 0.03625 0.029187499999999998
0 0.54890625 0.47976562500000003 0.0415625 0.02765625
0 0.5478125 0.419125 0.03625 0.031390625
0 0.55234375 0.537109375 0.0421875 0.032984374999999996
0 0.5504687500000001 0.59290625 0.0384375 0.028937499999999998
0 0.21156250000000001 0.15315625 0.03875 0.030703124999999998
0 0.20625 0.09768750000000001 0.034375 0.041625
0 0.2109375 0.039703125 0.0375 0.035046875
0 0.12453125000000001 0.09721874999999999 0.0303125 0.0375625
0 0.12828124999999999 0.044703124999999996 0.025312499999999998 0.032546874999999996
0 0.12281249999999999 0.15518749999999998 0.02375 0.031640625
0 0.12546875 0.26582812499999997 0.025937500000000002 0.02790625
0 0.1234375 0.21004687500000002 0.025 0.031953125
0 0.1275 0.3175625 0.026875 0.034484375
0 0.21203124999999998 0.3169375 0.042812499999999996 0.033234375
0 0.210625 0.262703125 0.043125000000000004 0.03415625
0 0.21218750000000003 0.208484375 0.04 0.035078125
0 0.1365625 0.424921875 0.03875 0.039828125
0 0.2084375 0.3735 0.0325 0.027625
0 0.13390625 0.480078125 0.0365625 0.03453125
0 0.13234375 0.537109375 0.0396875 0.032984374999999996
0 0.12468749999999999 0.59290625 0.04 0.028937499999999998
0 0.13218749999999999 0.6522812499999999 0.042499999999999996 0.035203125
0 0.1315625 0.706671875 0.041249999999999995 0.031468750000000004
0 0.3409375 0.64415625 0.034999999999999996 0.031453125
0 0.3384375 0.475234375 0.042499999999999996 0.03421875
0 0.3421875 0.703078125 0.0375 0.03365625
0 0.33875 0.421 0.036875000000000005 0.035140624999999995
0 0.25109375 0.4225625 0.027187499999999996 0.032015625
0 0.25328125 0.477421875 0.025312499999999998 0.03234375
0 0.22203124999999999 0.478203125 0.025312499999999998 0.03078125
0 0.2209375 0.423046875 0.02 0.036078125
0 0.2915625 0.371625 0.02375 0.036375000000000005
0 0.29984375 0.315375 0.0246875 0.036359375
0 0.29500000000000004 0.14971874999999998 0.024375 0.0300625
0 0.645 0.13846875 0.036875000000000005 0.0325625
0 0.6484375 0.08096875 0.0375 0.030046875
0 0.65171875 0.189109375 0.0409375 0.033828125
0 0.65078125 0.244734375 0.0328125 0.03259375
0 0.66140625 0.300359375 0.0415625 0.031359375
0 0.65546875 0.360375 0.0359375 0.038875
0 0.8884375 0.249265625 0.042499999999999996 0.03853125
0 0.88984375 0.3063125 0.0421875 0.036984375
0 0.8903125 0.36334374999999997 0.04625 0.0354375
0 0.8884375 0.190984375 0.042499999999999996 0.037578125000000004
0 0.8984375 0.13471875 0.0375 0.0375625
0 0.7575000000000001 0.47320312500000006 0.036875000000000005 0.03328125
0 0.759375 0.5250781250000001 0.040625 0.037046875
0 0.76109375 0.59275 0.034687499999999996 0.03175
0 0.75328125 0.64790625 0.0378125 0.038953125
0 0.8514062499999999 0.59040625 0.021562500000000002 0.0489375
0 0.8490624999999999 0.531015625 0.026250000000000002 0.042671875
0 0.849375 0.473515625 0.020624999999999998 0.04015625
0 0.8546875 0.41646875000000005 0.025 0.041703125
0 0.665625 0.64853125 0.028125 0.040203125
0 0.670625 0.5893125 0.025625 0.043625000000000004
0 0.67140625 0.529765625 0.0240625 0.040171875
0 0.6678124999999999 0.474765625 0.026250000000000002 0.04265625
0 0.46015625 0.534140625 0.0265625 0.036421875
0 0.46015625 0.47664062500000004 0.0265625 0.03390625
0 0.42671875000000004 0.476171875 0.028437499999999998 0.04234375
0 0.4190625 0.528046875 0.028749999999999998 0.033609375000000004
0 0.54625 0.760734375 0.039375 0.033359375000000004
0 0.54578125 0.703234375 0.0478125 0.04334375
0 0.551875 0.64665625 0.038125 0.036453124999999996
0 0.33984375 0.757765625 0.0421875 0.036796875
0 0.4246875 0.762140625 0.027500000000000004 0.033046874999999996
0 0.45890624999999996 0.7597968749999999 0.0240625 0.037734375
0 0.42406249999999995 0.702921875 0.026250000000000002 0.03646875
0 0.4253125 0.64853125 0.028749999999999998 0.040203125
0 0.25359375 0.6447812500000001 0.0321875 0.032703125
0 0.25609375 0.701984375 0.0246875 0.04084375
0 0.21187499999999998 0.5930625 0.033125 0.038625
0 0.13125 0.757140625 0.046875 0.035546875
0 0.13546875 0.8116875 0.0459375 0.041499999999999995
0 0.215 0.81153125 0.026875 0.031796875
0 0.344375 0.8129375 0.035625000000000004 0.044
0 0.7537499999999999 0.8154375 0.041875 0.0365
0 0.8828125 0.757296875 0.03125 0.045234375
0 0.8439062500000001 0.704796875 0.0315625 0.04021875
0 0.7546875 0.704796875 0.0375 0.04021875
0 0.5203125 0.251140625 0.03125 0.04228125
0 0.51234375 0.30834375 0.0371875 0.037921875
0 0.5092187499999999 0.36584374999999997 0.0309375 0.0404375
0 0.49437499999999995 0.201453125 0.035625000000000004 0.036640624999999996
0 0.50734375 0.14378125 0.027187499999999996 0.0369375
0 0.51015625 0.08753125 0.0265625 0.0369375
0 0.89625 0.082828125 0.048125 0.041203125
0 0.8035937499999999 0.078625 0.0321875 0.034734375
0 0.80390625 0.134875 0.0265625 0.034749999999999996
0 0.8006249999999999 0.188796875 0.035625000000000004 0.039453125
0 0.7954687500000001 0.24723437499999998 0.028437499999999998 0.037593749999999995
0 0.7946875 0.29975 0.03 0.042609375
0 0.33453125 0.536015625 0.0378125 0.040171875
1 0.3759375 0.08534375 0.05500000000000001 0.026296874999999997
1 0.37171875 0.13846875 0.055937499999999994 0.0325625
1 0.36375 0.19598437500000002 0.049375 0.035078125
1 0.3828125 0.251765625 0.05625 0.03103125
1 0.4771875 0.249734375 0.045 0.030093750000000002
1 0.45265625 0.20035937499999998 0.049062499999999995 0.031328125
1 0.46671874999999996 0.14346874999999998 0.0459375 0.0300625
1 0.47093749999999995 0.0864375 0.045 0.031609375
1 0.59890625 0.08065625 0.0540625 0.023171875
1 0.69703125 0.08128125 0.0503125 0.024421875000000003
1 0.59953125 0.13799999999999998 0.0553125 0.028499999999999998
1 0.6975 0.13315625 0.05437499999999999 0.028187499999999997
1 0.6053124999999999 0.19442187500000002 0.05125 0.025703125
1 0.7028125000000001 0.192859375 0.058750000000000004 0.028828125
1 0.6046875 0.247703125 0.05 0.02915625
1 0.70125 0.24567187499999998 0.049375 0.028218749999999997
1 0.619375 0.304109375 0.048125 0.026359375
1 0.7121875 0.30067187500000003 0.052500000000000005 0.025734374999999997
1 0.6078125 0.361625 0.05625 0.028875
1 0.703125 0.35896875 0.053125 0.026687499999999996
1 0.50453125 0.41974999999999996 0.0528125 0.032640625
1 0.5934375000000001 0.4256875 0.052500000000000005 0.025765624999999997
1 0.4996875 0.47726562499999997 0.052500000000000005 0.03515625
1 0.594375 0.478828125 0.048125 0.03203125
1 0.70984375 0.473515625 0.0571875 0.02765625
1 0.8060937499999999 0.47257812499999996 0.06218749999999999 0.03203125
1 0.8121875 0.41725 0.065 0.027640625000000002
1 0.8084374999999999 0.5294531250000001 0.057499999999999996 0.033296875
1 0.7134375000000001 0.533203125 0.05500000000000001 0.028296875
1 0.50546875 0.5335156249999999 0.0484375 0.035171875000000005
1 0.5996875 0.538671875 0.052500000000000005 0.029859375
1 0.50078125 0.592125 0.0578125 0.0305
1 0.59375 0.59525 0.059375 0.02425
1 0.50125 0.64571875 0.061875 0.028328125
1 0.59609375 0.6471250000000001 0.0546875 0.028015625
1 0.08140625 0.5943125 0.0565625 0.028625
1 0.17109375 0.59540625 0.0546875 0.033937499999999995
1 0.18031250000000001 0.537890625 0.05125 0.031421875
1 0.09203125 0.48445312500000004 0.0528125 0.03078125
1 0.0828125 0.541015625 0.05625 0.025171875
1 0.18156250000000002 0.479296875 0.05375 0.03609375
1 0.18609375 0.427734375 0.059687500000000004 0.026703125
1 0.08937500000000001 0.42490625 0.063125 0.027328124999999998
1 0.1640625 0.37209375 0.05625 0.027937499999999997
1 0.25593750000000004 0.37084375 0.052500000000000005 0.025437500000000002
1 0.26156250000000003 0.31459375 0.05125 0.025421875
1 0.16453125 0.31740625 0.0478125 0.024796875
1 0.16625 0.26192187499999997 0.041875 0.03571875
1 0.25390625 0.260828125 0.0515625 0.030406250000000003
1 0.1640625 0.210984375 0.05625 0.027578125
1 0.25656249999999997 0.20801562499999998 0.05375 0.031015625
1 0.16312500000000002 0.15409375 0.048125 0.026328125
1 0.25859375 0.15471875 0.0546875 0.027578125
1 0.2546875 0.10003124999999999 0.05 0.0244375
1 0.1603125 0.09690625 0.04875 0.0306875
1 0.92453125 0.48023437500000005 0.0553125 0.031718750000000004
1 0.9217187499999999 0.538359375 0.055937499999999994 0.035484375
1 0.9215625 0.58540625 0.058750000000000004 0.026437500000000003
1 0.9240625 0.64196875 0.05125 0.033328125
1 0.9207812499999999 0.703703125 0.060312500000000005 0.03490625
1 0.9232812499999999 0.758234375 0.0528125 0.028359375
1 0.92734375 0.8277812499999999 0.0546875 0.0268125
1 0.9271874999999999 0.423828125 0.057499999999999996 0.034515625
1 0.9395312499999999 0.3635 0.0478125 0.032625
1 0.94203125 0.30975 0.0528125 0.037609375
1 0.8340624999999999 0.36303125 0.058750000000000004 0.0285625
1 0.8360937500000001 0.3050625 0.0471875 0.034484375
1 0.9378125 0.258328125 0.05375 0.025406250000000002
1 0.83671875 0.250515625 0.0484375 0.02853125
1 0.8451562499999999 0.191609375 0.0465625 0.026328125
1 0.9395312499999999 0.20035937499999998 0.060312500000000005 0.031328125
1 0.8509375 0.13846875 0.05500000000000001 0.0325625
1 0.945625 0.13784375 0.050624999999999996 0.0313125
1 0.8517187500000001 0.08503125 0.053437500000000006 0.031921875
1 0.940625 0.08206250000000001 0.053125 0.035359375
1 0.84890625 0.026109375 0.0540625 0.02971875
1 0.94828125 0.030953124999999998 0.0528125 0.030046875
1 0.4928125 0.8176249999999999 0.05125 0.034625
1 0.5900000000000001 0.8185625 0.051875000000000004 0.03025
1 0.5896874999999999 0.759484375 0.045 0.030859375
1 0.70625 0.756671875 0.046875 0.031484374999999995
1 0.7984375 0.761515625 0.0625 0.031796875
1 0.8021874999999999 0.8160624999999999 0.057499999999999996 0.025234374999999996
1 0.7032812500000001 0.81653125 0.0503125 0.029296875
1 0.7034374999999999 0.8705937499999999 0.06 0.0311875
1 0.8034375 0.8762187499999999 0.06 0.0299375
1 0.8048437500000001 0.64775 0.059687500000000004 0.029265625
1 0.7121875 0.5900937500000001 0.052500000000000005 0.029562500000000002
1 0.8104687500000001 0.59071875 0.058437499999999996 0.0308125
1 0.7107812499999999 0.64759375 0.0528125 0.032078125
1 0.49984375 0.703234375 0.0496875 0.030843749999999996
1 0.5928125 0.704484375 0.05125 0.03334375
1 0.29796875 0.701671875 0.058437499999999996 0.03396875
1 0.38734375 0.7051093749999999 0.0496875 0.03459375
1 0.29953124999999997 0.6471250000000001 0.0553125 0.028015625
1 0.3878125 0.6447812500000001 0.05375 0.032703125
1 0.29281250000000003 0.756984375 0.05125 0.02584375
1 0.3915625 0.7624531250000001 0.04875 0.027421875000000002
1 0.29031250000000003 0.8135625 0.058750000000000004 0.032734374999999996
1 0.38734375 0.81559375 0.0496875 0.033687499999999995
0 0.33859374999999997 0.244421875 0.027187499999999996 0.03821875