1 0.31062500000000004 0.251609375 0.143125 0.071359375
1 0.29874999999999996 0.3656875 0.144375 0.05575
1 0.305625 0.479296875 0.145625 0.06109375
1 0.30796875 0.59259375 0.1534375 0.0595625
1 0.67125 0.473828125 0.20187499999999997 0.05953125
1 0.67578125 0.36178125 0.2078125 0.0510625
1 0.67265625 0.252390625 0.2015625 0.05728124999999999
1 0.6681250000000001 0.13503125 0.195625 0.056937499999999995
1 0.6659375 0.5902499999999999 0.1975 0.05175
1 0.67765625 0.7012031249999999 0.21156250000000001 0.054906250000000004
1 0.6740625 0.8080937499999999 0.20125 0.043671875
0 0.1721875 0.13878125 0.0975 0.076953125
0 0.17281249999999998 0.26160937500000003 0.08625000000000001 0.066359375
0 0.17828125 0.38459374999999996 0.1003125 0.077953125
0 0.17609375 0.498046875 0.0896875 0.073609375
0 0.1746875 0.614 0.1025 0.074265625
0 0.4375 0.490390625 0.084375 0.07390624999999999
0 0.43484375000000003 0.37928125 0.0821875 0.07357812500000001
0 0.44234375000000004 0.26973437499999997 0.0846875 0.070109375
0 0.43359375 0.14596875 0.0796875 0.07257812500000001
0 0.829375 0.13596875 0.093125 0.077578125
0 0.8271875 0.257078125 0.08249999999999999 0.072921875
0 0.8300000000000001 0.366 0.081875 0.075125
0 0.8334374999999999 0.48101562500000006 0.095 0.08015625
0 0.8284375 0.59196875 0.08499999999999999 0.0708125
0 0.835625 0.702609375 0.093125 0.06709375
0 0.5270312500000001 0.698859375 0.0853125 0.07209375
0 0.5240625 0.5949375 0.07625 0.06737499999999999
0 0.5296875 0.483203125 0.075 0.07828125
0 0.52859375 0.37225 0.0821875 0.062625
0 0.8309374999999999 0.81778125 0.09 0.0693125
0 0.52640625 0.8259062500000001 0.0840625 0.0730625
0 0.5232812499999999 0.25598437500000004 0.07781249999999999 0.067609375
0 0.5215625 0.13721875 0.08375 0.0550625