1 0.670625 0.250359375 0.200625 0.056343750000000005
1 0.6646875 0.13565624999999998 0.195 0.0581875
1 0.66953125 0.3625625 0.1953125 0.062
1 0.6746875 0.481640625 0.20249999999999999 0.06890625
1 0.6684375 0.5915 0.20249999999999999 0.05425
1 0.6715625000000001 0.698390625 0.19624999999999998 0.05553125
1 0.67234375 0.81528125 0.2071875 0.0518125
1 0.306875 0.59290625 0.160625 0.06643750000000001
1 0.30578125 0.48445312500000004 0.15531250000000002 0.06828125
1 0.30328125 0.37475 0.15031250000000002 0.067640625
1 0.30593750000000003 0.246296875 0.16499999999999998 0.06696875
0 0.17546875 0.14409375 0.10093749999999999 0.06882812499999999
0 0.17078125 0.264265625 0.0978125 0.08104687499999999
0 0.17703125 0.3800625 0.0978125 0.072015625
0 0.17875000000000002 0.497890625 0.104375 0.076421875
0 0.17921875 0.610875 0.0959375 0.068
0 0.43375 0.60290625 0.08937500000000001 0.0739375
0 0.4340625 0.5083593750000001 0.08375 0.06298437500000001
0 0.43937499999999996 0.38553125 0.088125 0.07357812500000001
0 0.4375 0.27535937499999996 0.084375 0.068859375
0 0.43234374999999997 0.1464375 0.0896875 0.06414062499999999
0 0.8295312499999999 0.13346875 0.09031249999999999 0.07257812500000001
0 0.8296875 0.250359375 0.0875 0.06884375000000001
0 0.8237500000000001 0.36131250000000004 0.081875 0.072
0 0.83234375 0.477734375 0.10218750000000001 0.07671875
0 0.82546875 0.59165625 0.0884375 0.06393750000000001
0 0.5296875 0.37021875 0.075 0.07418749999999999
0 0.5309375000000001 0.485234375 0.0775 0.07921875
0 0.53015625 0.60228125 0.0915625 0.0726875
0 0.5303125 0.703703125 0.08875 0.07240625