0 0.17828125 0.251453125 0.0878125 0.086671875
0 0.17124999999999999 0.374125 0.08937500000000001 0.078890625
0 0.1753125 0.48898437499999997 0.09125 0.07421875
0 0.17250000000000001 0.60040625 0.091875 0.0814375
0 0.43218750000000006 0.60290625 0.08 0.0739375
0 0.4328125 0.496484375 0.08125 0.076734375
0 0.4334375 0.384125 0.08249999999999999 0.073890625
0 0.4346875 0.264734375 0.08499999999999999 0.072609375
0 0.8265625 0.131125 0.08125 0.06475
0 0.8214062500000001 0.24348437500000003 0.0740625 0.06759375
0 0.834375 0.3585 0.078125 0.072625
0 0.8379687499999999 0.478984375 0.0884375 0.07921875
0 0.82421875 0.5941562499999999 0.0734375 0.0689375
0 0.835 0.707453125 0.079375 0.07990625
0 0.8271875 0.81309375 0.08249999999999999 0.0786875
0 0.5253125 0.47976562500000003 0.07875 0.07765625000000001
0 0.5228125 0.371 0.07375000000000001 0.072625
0 0.52265625 0.25582812499999996 0.0765625 0.070421875
0 0.5265625 0.1401875 0.08125 0.06414062499999999
0 0.5215625 0.5986875 0.07125000000000001 0.074875
0 0.52578125 0.706046875 0.0703125 0.06771875000000001
0 0.5309375000000001 0.8238749999999999 0.0775 0.072125
1 0.66671875 0.24957812499999998 0.2084375 0.057906250000000006
1 0.66890625 0.13471875 0.1940625 0.0625625
1 0.66921875 0.362875 0.2009375 0.056374999999999995
1 0.6760937499999999 0.478359375 0.2146875 0.06546874999999999
1 0.67 0.59071875 0.21187499999999998 0.0558125
1 0.6721874999999999 0.701671875 0.21000000000000002 0.05896875
1 0.6721874999999999 0.8198124999999999 0.1975 0.05775
1 0.30656249999999996 0.59196875 0.15375 0.0708125
1 0.3078125 0.48539062499999996 0.15625 0.07640625
1 0.30343749999999997 0.36990625 0.16 0.0673125
1 0.309375 0.252859375 0.140625 0.073859375