1 0.2265625 0.169875 0.08125 0.029765625
1 0.0775 0.17034375 0.076875 0.033828125
1 0.08 0.252703125 0.06937499999999999 0.03915625
1 0.23875000000000002 0.252859375 0.08687500000000001 0.03634375
1 0.0725 0.34021875 0.079375 0.0391875
1 0.22531249999999997 0.334125 0.07875 0.036375000000000005
1 0.0728125 0.411625 0.08625000000000001 0.041390625
1 0.22890625 0.41537499999999994 0.0640625 0.036390624999999996
1 0.4246875 0.40615625 0.0775 0.039828125
1 0.5709375 0.40912499999999996 0.06999999999999999 0.036390624999999996
1 0.57609375 0.33225 0.07718749999999999 0.045125
1 0.4215625 0.32115625 0.07125000000000001 0.044796875
1 0.4259375 0.24270312500000002 0.08 0.04415625
1 0.5734375 0.248484375 0.075 0.04009375
1 0.5790625 0.1608125 0.07375000000000001 0.042890625
1 0.42437500000000006 0.15596875 0.083125 0.042578125
1 0.43140625000000005 0.5663437499999999 0.08156250000000001 0.044546875
1 0.58390625 0.5746249999999999 0.0740625 0.0455
1 0.42109375 0.486015625 0.0671875 0.04015625
1 0.5796875 0.489921875 0.075 0.04484375
1 0.4246875 0.650875 0.0775 0.048015625
1 0.5779687499999999 0.657765625 0.0684375 0.049265625
1 0.7684375 0.665734375 0.065 0.043328125
1 0.9243750000000001 0.671671875 0.083125 0.048953125
1 0.7681250000000001 0.753390625 0.07062500000000001 0.040546874999999996
1 0.9129687499999999 0.755421875 0.0759375 0.041484375000000004
1 0.4290625 0.726984375 0.061250000000000006 0.04084375
1 0.57984375 0.731671875 0.0846875 0.04396875
1 0.21781250000000002 0.742296875 0.07625 0.04021875
1 0.0665625 0.743546875 0.07375000000000001 0.04271875
1 0.0640625 0.8235625000000001 0.06875 0.04025
1 0.21234375 0.8251250000000001 0.07468749999999999 0.037125000000000005
1 0.08265625 0.57915625 0.0715625 0.0389375
1 0.23515625 0.5749375 0.0765625 0.039875
1 0.08499999999999999 0.660734375 0.079375 0.045828125
1 0.23828125 0.659 0.0703125 0.039265625
1 0.07125000000000001 0.493515625 0.076875 0.04265625
1 0.2203125 0.499140625 0.06875 0.04140625
1 0.76125 0.33990624999999997 0.06937499999999999 0.0448125
1 0.9081250000000001 0.34631249999999997 0.075625 0.041999999999999996
0 0.5034375 0.239890625 0.06 0.04478125
0 0.5003124999999999 0.325375 0.06625 0.056374999999999995
0 0.63953125 0.32975 0.035312500000000004 0.052625
0 0.6378125 0.247546875 0.041249999999999995 0.04446875
0 0.35531250000000003 0.230359375 0.05125 0.04134375
0 0.36046875 0.316 0.0459375 0.050109375
0 0.3615625 0.40006250000000004 0.03875 0.049515625
0 0.4971875 0.40240625 0.06 0.044828125
0 0.3571875 0.48054687500000004 0.042499999999999996 0.05109375000000001
0 0.4921875 0.48539062499999996 0.0625 0.05140625
0 0.500625 0.5707187499999999 0.060625 0.0533125
0 0.8471875000000001 0.427890625 0.0725 0.061390625
0 0.6912499999999999 0.41789062499999996 0.05437499999999999 0.053890625000000004
0 0.7021875 0.510546875 0.045 0.061109375
0 0.843125 0.511015625 0.07062500000000001 0.052671875
0 0.8446875 0.1026875 0.0675 0.051625
0 0.6990624999999999 0.09409375 0.03875 0.0438125
0 0.6465625 0.073625 0.04625 0.049734375
0 0.50484375 0.073625 0.059687500000000004 0.049734375
0 0.36234375 0.07159375 0.0496875 0.048796875
0 0.1565625 0.0905 0.06625 0.046
0 0.29812500000000003 0.08971875 0.043125000000000004 0.0475625
0 0.1575 0.246453125 0.061875 0.03915625
0 0.14203125 0.3285 0.0653125 0.050124999999999996
0 0.1559375 0.41553125 0.065 0.046078125
0 0.15 0.498359375 0.059375 0.04296875
0 0.15828124999999998 0.579625 0.060312500000000005 0.043
0 0.1609375 0.661828125 0.0625 0.051140624999999995
0 0.13796875 0.746359375 0.06343750000000001 0.054609375
0 0.14171875 0.8290312500000001 0.058437499999999996 0.0543125
0 0.503125 0.733078125 0.065625 0.05615625
0 0.5009375 0.6522812499999999 0.0675 0.047703125
0 0.361875 0.6430625 0.045625 0.051140624999999995
0 0.3640625 0.5629062499999999 0.04375 0.056437499999999995
0 0.7028125000000001 0.58415625 0.04625 0.0489375
0 0.846875 0.58415625 0.065625 0.0489375
0 0.8503125 0.670890625 0.06625 0.050515624999999995
0 0.84296875 0.752453125 0.0609375 0.044921875
0 0.70484375 0.751203125 0.0471875 0.042421875
0 0.7073437499999999 0.666984375 0.0396875 0.045828125
0 0.8553124999999999 0.8360625 0.06375 0.05275
0 0.71015625 0.8332499999999999 0.0390625 0.05337499999999999
0 0.5009375 0.81309375 0.05500000000000001 0.0536875
0 0.6371875 0.8160624999999999 0.04 0.050249999999999996
0 0.35796875 0.80778125 0.0409375 0.049312499999999995