0 0.1565625 0.08471875 0.06625 0.050062499999999996
0 0.1496875 0.16721875 0.065 0.052578124999999996
0 0.16046875 0.246921875 0.0709375 0.05571875
0 0.14328125 0.33053125 0.0678125 0.0635625
0 0.15890625 0.41115625 0.0615625 0.049828125
0 0.14984375 0.494140625 0.06218749999999999 0.056406250000000005
0 0.1615625 0.58165625 0.06375 0.056437499999999995
0 0.1628125 0.662921875 0.06625 0.05645312500000001
0 0.14359375000000002 0.743390625 0.06218749999999999 0.058046875
0 0.14625 0.82309375 0.064375 0.0486875
0 0.14250000000000002 0.902328125 0.056874999999999995 0.047765625
0 0.3 0.08846875 0.034375 0.0450625
0 0.28875 0.167375 0.036875000000000005 0.049765625
0 0.30390625 0.244109375 0.0390625 0.04384375
0 0.28953125 0.33115625 0.035312500000000004 0.0523125
0 0.29359375 0.41396875 0.0496875 0.049203125
0 0.29171874999999997 0.494765625 0.0459375 0.05765625
0 0.30375 0.5741562499999999 0.041875 0.053937500000000006
0 0.30093749999999997 0.657921875 0.042499999999999996 0.058953124999999995
0 0.28625 0.742765625 0.044375 0.056781250000000005
0 0.286875 0.8216875 0.045625 0.049
0 0.2865625 0.8996562499999999 0.05125 0.045578125000000004
0 0.50734375 0.07409375 0.0646875 0.053796875
0 0.504375 0.15253125 0.068125 0.054453125000000005
0 0.5034375 0.238015625 0.06 0.053531249999999996
0 0.5014062499999999 0.324125 0.0715625 0.05387499999999999
0 0.49796874999999996 0.40318750000000003 0.0709375 0.055765625
0 0.5028125 0.48460937499999995 0.058750000000000004 0.06546874999999999
0 0.5071875 0.56696875 0.05500000000000001 0.0583125
0 0.5028125 0.652609375 0.058750000000000004 0.067078125
0 0.5034375 0.7324531249999999 0.06 0.06740625
0 0.49874999999999997 0.81559375 0.056874999999999995 0.058687500000000004
0 0.503125 0.8929375 0.065625 0.054015625
0 0.3621875 0.06331250000000001 0.04 0.047859374999999996
0 0.359375 0.14878125 0.040625 0.059453124999999996
0 0.35765625 0.23395312499999998 0.0465625 0.05165625
0 0.361875 0.31271875 0.045625 0.059171875
0 0.3584375 0.39553125 0.045 0.056078125
0 0.35921875000000003 0.47664062500000004 0.043437500000000004 0.05890625000000001
0 0.36484375 0.5572812500000001 0.0421875 0.0701875
0 0.35890625 0.64603125 0.049062499999999995 0.060203125
0 0.3609375 0.7244843750000001 0.05 0.060843749999999995
0 0.3578125 0.8112187499999999 0.04375 0.0624375
0 0.3578125 0.892 0.04375 0.058390624999999995
0 0.6481250000000001 0.07284375 0.055625 0.051296875
0 0.64609375 0.15596875 0.0421875 0.067578125
0 0.6384375 0.242546875 0.042499999999999996 0.05946875
0 0.6434375 0.326625 0.04 0.058875
0 0.6365624999999999 0.408828125 0.03875 0.067015625
0 0.64140625 0.49273437500000006 0.0390625 0.05671875
0 0.64546875 0.572125 0.0409375 0.0655
0 0.6443749999999999 0.657453125 0.035625000000000004 0.06739062500000001
0 0.6465625 0.733390625 0.03375 0.06303125000000001
0 0.6403125000000001 0.8124687500000001 0.04625 0.06493750000000001
0 0.6390625 0.891703125 0.04375 0.06401562499999999
0 0.84546875 0.1033125 0.07843750000000001 0.052875000000000005
0 0.8434375 0.180984375 0.065 0.067578125
0 0.8453125 0.263171875 0.06875 0.063234375
0 0.8396874999999999 0.3388125 0.06999999999999999 0.052000000000000005
0 0.85515625 0.432265625 0.0665625 0.070140625
0 0.85 0.511015625 0.059375 0.065171875
0 0.8434375 0.5897812499999999 0.065 0.060187500000000005
0 0.84546875 0.674796875 0.06593750000000001 0.067703125
0 0.8440625 0.7597968749999999 0.06625 0.062734375
0 0.8509375 0.84028125 0.0675 0.0643125
0 0.7015625 0.096578125 0.04375 0.063703125
0 0.6996875 0.16534374999999998 0.0475 0.0511875
0 0.7034374999999999 0.257078125 0.0475 0.060421875
0 0.70125 0.33803125 0.049375 0.0660625
0 0.6934375 0.424140625 0.04 0.053890625000000004
0 0.6978125000000001 0.504140625 0.04875 0.06392187499999999
0 0.7 0.58321875 0.046875 0.0533125
0 0.70421875 0.665265625 0.0459375 0.064265625
0 0.7025 0.743390625 0.051875000000000004 0.058046875
0 0.7071875000000001 0.8329375000000001 0.042499999999999996 0.059
1 0.079375 0.09456250000000001 0.093125 0.060375
1 0.06890625 0.16815625 0.09406250000000001 0.048203125
1 0.07578125 0.252390625 0.0828125 0.05728124999999999
1 0.06484375 0.33475 0.0921875 0.050124999999999996
1 0.073125 0.41271874999999997 0.093125 0.046703125
1 0.07453125000000001 0.497578125 0.09281249999999999 0.04453125
1 0.08328125 0.5799375 0.0978125 0.062375
1 0.0840625 0.663703125 0.09625 0.054890625000000005
1 0.0684375 0.743703125 0.09 0.05240625
1 0.0703125 0.8260624999999999 0.09375 0.05775
1 0.2228125 0.8229374999999999 0.08625000000000001 0.051500000000000004
1 0.22218749999999998 0.748546875 0.08499999999999999 0.052734375
1 0.23828125 0.661828125 0.0828125 0.051140624999999995
1 0.23781249999999998 0.582125 0.09125 0.048
1 0.22765624999999998 0.49976562500000005 0.0865625 0.05515625
1 0.2325 0.420390625 0.08687500000000001 0.046390625000000005
1 0.224375 0.33599999999999997 0.095625 0.052625
1 0.23703124999999997 0.253484375 0.09281249999999999 0.050093750000000006
1 0.22718750000000001 0.176609375 0.095 0.046328125
1 0.2396875 0.093 0.095 0.051000000000000004
1 0.42640625 0.07784375 0.0965625 0.048796875
1 0.5821875000000001 0.07721875 0.0925 0.047546875
1 0.5809375 0.15940625 0.09 0.055703125
1 0.42718749999999994 0.15471875 0.095 0.052578124999999996
1 0.42609375 0.23926562499999998 0.0896875 0.05603125
1 0.57421875 0.245515625 0.0859375 0.05603125
1 0.42765624999999996 0.32459375 0.0865625 0.057937499999999996
1 0.58015625 0.331625 0.07906250000000001 0.056374999999999995
1 0.42265625 0.4006875 0.0890625 0.050765625
1 0.5734375 0.4094375 0.0875 0.055765625
1 0.421875 0.485234375 0.090625 0.05421875
1 0.57546875 0.49164062499999994 0.0884375 0.05140625
1 0.4303125 0.567125 0.08875 0.05550000000000001
1 0.57859375 0.57196875 0.0821875 0.0558125
1 0.42515625 0.6480625 0.08156250000000001 0.048640625
1 0.5803125 0.655421875 0.08875 0.053953125000000005
1 0.42718749999999994 0.729171875 0.08249999999999999 0.051468749999999994
1 0.5809375 0.7324531249999999 0.09 0.054906250000000004
1 0.4221875 0.8118437500000001 0.08499999999999999 0.0511875
1 0.5690625 0.8191875 0.07875 0.056499999999999995
1 0.7684375 0.10018750000000001 0.0775 0.046625
1 0.9203125 0.1064375 0.08125 0.046625
1 0.7703125 0.179890625 0.08125 0.049765625
1 0.9125 0.18426562500000002 0.084375 0.046015625
1 0.76765625 0.260203125 0.07906250000000001 0.054171875
1 0.91640625 0.26692187500000003 0.0765625 0.058234375000000005
1 0.76375 0.34225 0.074375 0.052625
1 0.91328125 0.346 0.0828125 0.047625
1 0.7642187500000001 0.42679687499999996 0.1034375 0.056078125
1 0.91890625 0.426953125 0.0690625 0.053265625000000004
1 0.76640625 0.508515625 0.0890625 0.060171875
1 0.92109375 0.515859375 0.0796875 0.05298437499999999
1 0.7640625 0.58759375 0.08125 0.049562499999999995
1 0.91625 0.59290625 0.079375 0.053937500000000006
1 0.7640625 0.671046875 0.08125 0.060203125
1 0.9268750000000001 0.678546875 0.088125 0.062703125
1 0.7675 0.7546406250000001 0.081875 0.055546874999999996
1 0.92109375 0.762140625 0.0796875 0.058046875
1 0.771875 0.83965625 0.078125 0.050562499999999996
1 0.9278124999999999 0.84840625 0.08375 0.0555625