1 0.4221875 0.236765625 0.0975 0.05103124999999999
1 0.56875 0.24660937500000002 0.084375 0.048843750000000005
1 0.57984375 0.16190625 0.0846875 0.048203125
1 0.425625 0.156125 0.08562499999999999 0.052265625
1 0.425 0.07784375 0.084375 0.048796875
1 0.5795312499999999 0.08159374999999999 0.09031249999999999 0.043796875
1 0.42234375 0.31818749999999996 0.0821875 0.048234375
1 0.5753125 0.3269375 0.09125 0.05325
1 0.42203125 0.40271875 0.0878125 0.051703125
1 0.5721875 0.40896875 0.08499999999999999 0.051703125
1 0.7642187500000001 0.3400625 0.0909375 0.05450000000000001
1 0.7640625 0.260359375 0.08125 0.05134375
1 0.76375 0.182859375 0.08687500000000001 0.046328125
1 0.7671875 0.10784374999999999 0.0875 0.058812500000000004
1 0.9140625 0.10753125 0.08125 0.051937500000000004
1 0.9160937499999999 0.268640625 0.0821875 0.052296875
1 0.42171875 0.48382812499999994 0.0809375 0.054531249999999996
1 0.5715625 0.49117187500000004 0.08375 0.059843749999999994
1 0.7640625 0.427421875 0.09375 0.044828125
1 0.9196875 0.426640625 0.0675 0.046390625000000005
1 0.9204687500000001 0.508515625 0.07843750000000001 0.047671875
1 0.76671875 0.507890625 0.0834375 0.046421875
1 0.4290625 0.56540625 0.08625000000000001 0.048921875
1 0.57921875 0.57103125 0.0834375 0.0476875
1 0.42406249999999995 0.64384375 0.08875 0.049578125
1 0.5815625 0.655578125 0.09125 0.051140624999999995
1 0.42859375 0.726046875 0.0821875 0.04521875
1 0.57578125 0.7322968750000001 0.0828125 0.04521875
1 0.22703125000000002 0.416015625 0.0853125 0.05014062500000001
1 0.21953125 0.33490625 0.0828125 0.0473125
1 0.23343750000000002 0.25520312500000003 0.08249999999999999 0.04415625
1 0.22515625 0.17065625 0.09406250000000001 0.040703125
1 0.2346875 0.09503125 0.08499999999999999 0.0394375
1 0.76484375 0.58665625 0.0796875 0.0414375
1 0.9146875 0.5865 0.08249999999999999 0.04425
1 0.7675 0.671046875 0.081875 0.047703125
1 0.9237500000000001 0.669640625 0.081875 0.048015625
1 0.7634375 0.754015625 0.08 0.041796875
1 0.9165625000000001 0.757140625 0.08625000000000001 0.048046875
1 0.23453125 0.58025 0.0878125 0.04425
1 0.07921875 0.5824374999999999 0.0834375 0.042375
1 0.07296875 0.499140625 0.0834375 0.04140625
1 0.2284375 0.49632812499999995 0.08499999999999999 0.04203125
1 0.08703125 0.659328125 0.0803125 0.046140625000000005
1 0.06687499999999999 0.743859375 0.093125 0.04959375
1 0.22218749999999998 0.7441718749999999 0.08499999999999999 0.04396875
1 0.21890625 0.822625 0.08156250000000001 0.044625
1 0.418125 0.8079375000000001 0.083125 0.046484375
1 0.5684375 0.81559375 0.0775 0.0461875
1 0.77296875 0.8379375 0.0834375 0.044
0 0.1528125 0.0889375 0.07125000000000001 0.049125
0 0.1528125 0.16909375 0.07125000000000001 0.043828125
0 0.1565625 0.24660937500000002 0.06625 0.048843750000000005
0 0.148125 0.33146875 0.068125 0.0466875
0 0.1559375 0.41742187499999994 0.065 0.049828125
0 0.15031250000000002 0.49539062500000003 0.06625 0.046406249999999996
0 0.159375 0.58134375 0.065625 0.049562499999999995
0 0.35750000000000004 0.396 0.049375 0.047640625
0 0.35875 0.31740625 0.039375 0.049796875000000004
0 0.35531250000000003 0.23004687499999998 0.03875 0.04696875
0 0.3603125 0.15815625 0.03625 0.053203125
0 0.3625 0.0805 0.046875 0.051000000000000004
0 0.49781250000000005 0.07846875 0.061250000000000006 0.050046875000000005
0 0.49796874999999996 0.15628124999999998 0.058437499999999996 0.049453125
0 0.4965625 0.241609375 0.058750000000000004 0.05134375
0 0.4984375 0.32834375 0.075 0.052937500000000005
0 0.4971875 0.4069375 0.06 0.050765625
0 0.500625 0.486015625 0.060625 0.05265625
0 0.6378125 0.32928125 0.041249999999999995 0.048562499999999995
0 0.635 0.250515625 0.041875 0.053531249999999996
0 0.64296875 0.16034375 0.0484375 0.051328125
0 0.6490625 0.08596875000000001 0.05125 0.0525625
0 0.84109375 0.10159375 0.0571875 0.0463125
0 0.8457812499999999 0.18457812499999998 0.0728125 0.052890625000000004
0 0.8440625 0.26379687500000004 0.06625 0.051984375000000006
0 0.84296875 0.342875 0.0734375 0.05387499999999999
0 0.85421875 0.427890625 0.058437499999999996 0.061390625
0 0.8446875 0.507890625 0.0675 0.046421875
0 0.8417187500000001 0.5858749999999999 0.058437499999999996 0.05550000000000001
0 0.8456250000000001 0.6702656250000001 0.063125 0.049265625
0 0.84296875 0.753390625 0.0734375 0.05304687500000001
0 0.85234375 0.83825 0.0671875 0.050875000000000004
0 0.70890625 0.83809375 0.049062499999999995 0.0536875
0 0.7003125 0.749953125 0.041249999999999995 0.05242187499999999
0 0.69828125 0.666671875 0.0403125 0.051453125
0 0.6989062500000001 0.5886875 0.0415625 0.042375
0 0.6959375 0.508671875 0.045 0.044859375
0 0.6910937500000001 0.423671875 0.044687500000000005 0.049828125
0 0.69875 0.34162499999999996 0.044375 0.051375000000000004
0 0.5078125 0.5686875 0.05625 0.052375000000000005
0 0.36421875 0.5615 0.0409375 0.044234375
0 0.35375 0.480078125 0.041875 0.047031250000000004
0 0.35453125 0.644 0.0403125 0.046765625
0 0.35921875000000003 0.727609375 0.043437500000000004 0.04209375
0 0.500625 0.732921875 0.060625 0.05896875
0 0.49984375 0.65134375 0.06218749999999999 0.052078124999999996
0 0.35281250000000003 0.8026249999999999 0.04625 0.042109375
0 0.49234375 0.811375 0.0471875 0.047125
0 0.6365624999999999 0.81746875 0.03875 0.0499375
0 0.1409375 0.741828125 0.06 0.04865625
0 0.2821875 0.743234375 0.05500000000000001 0.048343750000000005
0 0.28171875 0.8254374999999999 0.050937500000000004 0.056499999999999995
0 0.141875 0.8266875 0.068125 0.059
0 0.2959375 0.57728125 0.0325 0.0476875
0 0.29015625 0.49945312499999994 0.0365625 0.04828125
0 0.28531249999999997 0.3335 0.03625 0.047625
0 0.29734375 0.24957812499999998 0.0321875 0.045406249999999995