0 0.48234374999999996 0.08409375 0.0646875 0.061312500000000006
0 0.49265625 0.187078125 0.0665625 0.057890624999999994
0 0.49468750000000006 0.286609375 0.0675 0.053859375
0 0.5071875 0.37975 0.0675 0.052625
0 0.500625 0.469921875 0.060625 0.054843750000000004
0 0.5037499999999999 0.56478125 0.06687499999999999 0.047671875
0 0.5021875 0.65290625 0.06999999999999999 0.048953125
0 0.49031250000000004 0.7546406250000001 0.058750000000000004 0.055546874999999996
0 0.49046874999999995 0.8320000000000001 0.055937499999999994 0.038375
0 0.73921875 0.8441875 0.06593750000000001 0.056499999999999995
0 0.7346874999999999 0.758859375 0.06 0.054609375
0 0.754375 0.660578125 0.068125 0.048640625
0 0.7484375 0.57165625 0.0625 0.0489375
0 0.7521875 0.477890625 0.057499999999999996 0.061406249999999996
0 0.754375 0.38928124999999997 0.068125 0.056078125
0 0.7501562500000001 0.3038125 0.0690625 0.069484375
0 0.74703125 0.20020312499999998 0.06281250000000001 0.05915625
0 0.7396874999999999 0.09096875 0.06999999999999999 0.0625625
0 0.22609374999999998 0.09096875 0.0646875 0.0625625
0 0.2346875 0.189109375 0.06 0.058828124999999995
0 0.24046875 0.284734375 0.0684375 0.050109375
0 0.25296875 0.36974999999999997 0.055937499999999994 0.057625
0 0.26156250000000003 0.471171875 0.06375 0.057343750000000006
0 0.2665625 0.5622812500000001 0.061250000000000006 0.055171875
0 0.2653125 0.654796875 0.058750000000000004 0.052703124999999997
0 0.26437499999999997 0.746671875 0.063125 0.04896875
0 0.25703125 0.8310625 0.0578125 0.05525
1 0.3590625 0.07815625000000001 0.15875 0.043171875
1 0.61421875 0.08721875 0.16593750000000002 0.042562499999999996
1 0.36359375 0.189109375 0.1771875 0.046328125
1 0.61625 0.186921875 0.166875 0.048203125
1 0.36859375 0.286140625 0.1746875 0.049796875000000004
1 0.61921875 0.289578125 0.16343749999999999 0.050421875000000005
1 0.37703125000000004 0.380375 0.17281249999999998 0.05387499999999999
1 0.6265625 0.38849999999999996 0.16875 0.045140625000000004
1 0.37828125 0.469140625 0.1628125 0.04390625
1 0.624375 0.47210937499999994 0.170625 0.04046875
1 0.378125 0.5583750000000001 0.165625 0.050484375000000005
1 0.62296875 0.56415625 0.17093750000000002 0.046421875
1 0.3859375 0.65446875 0.1625 0.045828125
1 0.6259375 0.662921875 0.1675 0.05645312500000001
1 0.3728125 0.748703125 0.14875 0.049921875
1 0.60890625 0.761515625 0.1740625 0.056796875000000004
1 0.3728125 0.8341875 0.16125 0.049
1 0.6095312500000001 0.83996875 0.1628125 0.044937500000000005