0 0.4840625 0.08925 0.07125000000000001 0.0685
0 0.49109375 0.191296875 0.0821875 0.05695312500000001
0 0.49093749999999997 0.29162499999999997 0.0725 0.063859375
0 0.5053124999999999 0.38225 0.07625 0.057640625
0 0.50296875 0.466640625 0.0684375 0.05140625
0 0.49609375 0.55775 0.0671875 0.061734374999999994
0 0.50390625 0.654953125 0.0765625 0.062390625
0 0.49140625 0.751671875 0.0765625 0.058984375
0 0.49484374999999997 0.837 0.0646875 0.048375
0 0.73671875 0.08971875 0.0859375 0.0600625
0 0.7509375 0.19239062499999998 0.08 0.062265625000000005
0 0.745 0.29146875 0.074375 0.066671875
0 0.7440625 0.38725 0.07875 0.055140625
0 0.7546875 0.47757812499999996 0.075 0.06703125
0 0.7478125 0.575875 0.07375000000000001 0.073
0 0.7546875 0.6585468750000001 0.075 0.060203125
0 0.7378125 0.756046875 0.06625 0.055234375
0 0.74453125 0.8416874999999999 0.0703125 0.051500000000000004
0 0.23718750000000002 0.0826875 0.0775 0.049125
0 0.23546874999999998 0.184890625 0.0834375 0.059765625
0 0.24421875 0.28504687500000003 0.0759375 0.056984375
0 0.26156250000000003 0.376 0.06375 0.057625
0 0.2653125 0.47257812499999996 0.07125000000000001 0.05703125
0 0.26421875 0.5586875 0.06593750000000001 0.057359375000000004
0 0.26546875000000003 0.663546875 0.0684375 0.057703125
0 0.26 0.743859375 0.06687499999999999 0.062109375
0 0.26609375 0.84434375 0.0696875 0.0536875
1 0.3559375 0.08346875000000001 0.16499999999999998 0.0475625
1 0.60609375 0.08596875000000001 0.16218749999999998 0.0525625
1 0.3628125 0.184734375 0.15375 0.050078124999999994
1 0.6184375 0.191140625 0.16499999999999998 0.047265625
1 0.3671875 0.28723437500000004 0.1625 0.055109375
1 0.61625 0.289109375 0.15437499999999998 0.046359375
1 0.3753125 0.37975 0.16625 0.040125
1 0.6246875000000001 0.380375 0.16499999999999998 0.041375
1 0.384375 0.464453125 0.165625 0.040781250000000005
1 0.6251562500000001 0.46804687500000003 0.1690625 0.05109375000000001
1 0.378125 0.55665625 0.153125 0.043921875
1 0.62453125 0.5700937500000001 0.1678125 0.0520625
1 0.3834375 0.662765625 0.1575 0.046765625
1 0.6248437499999999 0.6560312500000001 0.16218749999999998 0.042703124999999995
1 0.3725 0.743859375 0.15437499999999998 0.04959375
1 0.6134375000000001 0.752140625 0.155 0.050546875000000005
1 0.3765625 0.8348125 0.15625 0.03775
1 0.61609375 0.8398125000000001 0.15718749999999998 0.03525