0 0.27140624999999996 0.079875 0.0615625 0.049734375
0 0.2709375 0.172703125 0.057499999999999996 0.054140625
0 0.27625 0.245515625 0.061875 0.04353125
0 0.2725 0.32834375 0.06687499999999999 0.0404375
0 0.27218749999999997 0.40599999999999997 0.06 0.042640625
0 0.27484375 0.48804687500000005 0.06218749999999999 0.04109375
0 0.2734375 0.56790625 0.0625 0.041421875000000004
0 0.2759375 0.6499375 0.0675 0.039890625
0 0.27984375 0.723546875 0.0721875 0.04021875
0 0.27984375 0.8002812499999999 0.059687500000000004 0.046796875
0 0.2796875 0.87809375 0.0625 0.046203125
0 0.2828125 0.9556093750000001 0.05625 0.03871875
0 0.49468750000000006 0.958734375 0.0675 0.04496875
0 0.4928125 0.8804375 0.06375 0.041515625
0 0.4925 0.7998125 0.06937499999999999 0.042734375000000005
0 0.49031250000000004 0.7168281249999999 0.058750000000000004 0.03615625
0 0.489375 0.64259375 0.063125 0.047078125
0 0.49140625 0.5674375 0.0515625 0.037359375
0 0.49124999999999996 0.483984375 0.05437499999999999 0.039218750000000004
0 0.49109375 0.40881249999999997 0.0571875 0.042015625
0 0.49671875 0.32975 0.055937499999999994 0.040125
0 0.495 0.249265625 0.061875 0.03853125
0 0.4915625 0.16690624999999998 0.061250000000000006 0.033203125
0 0.48453125 0.08096875 0.0503125 0.042546875
0 0.70390625 0.081125 0.0515625 0.039734375
0 0.70640625 0.16159375 0.0565625 0.041328125
0 0.7096875 0.244109375 0.06 0.04384375
0 0.7071875000000001 0.3219375 0.05500000000000001 0.043234375000000005
0 0.70796875 0.40475000000000005 0.053437500000000006 0.052640624999999996
0 0.7096875 0.486953125 0.06 0.04828125
0 0.7165625 0.56603125 0.061250000000000006 0.050187499999999996
0 0.7045312499999999 0.649625 0.0653125 0.045515625
0 0.71390625 0.722921875 0.0590625 0.051468749999999994
0 0.7146874999999999 0.80090625 0.057499999999999996 0.048046875
0 0.71296875 0.8766875000000001 0.050937500000000004 0.046515625
0 0.7115625 0.960296875 0.06375 0.04184375
1 0.38390625 0.16299999999999998 0.1365625 0.028515625
1 0.5978125000000001 0.16159375 0.13625 0.028828125
1 0.38609375 0.24676562500000002 0.13468750000000002 0.03353125
1 0.6029687499999999 0.243953125 0.1434375 0.03415625
1 0.38656250000000003 0.32396875 0.15125 0.031671875
1 0.38671875 0.8002812499999999 0.1359375 0.021796875
1 0.6068749999999999 0.7985625 0.148125 0.040234375
1 0.38093750000000004 0.64353125 0.1275 0.030203124999999997
1 0.59328125 0.644 0.1428125 0.034265625