0 0.2765625 0.0801875 0.05625 0.044109375
0 0.2759375 0.16221875 0.05500000000000001 0.042578125
0 0.274375 0.246453125 0.045625 0.03915625
0 0.27531249999999996 0.3331875 0.06625 0.040749999999999995
0 0.2728125 0.40006250000000004 0.04875 0.037015625
0 0.48609375000000005 0.40912499999999996 0.059687500000000004 0.036390624999999996
0 0.49203125 0.48851562499999995 0.0653125 0.045156249999999995
0 0.49328125 0.56775 0.0553125 0.031734374999999995
0 0.4878125 0.6521250000000001 0.05375 0.038015625
0 0.495 0.716984375 0.049375 0.03334375
0 0.49343750000000003 0.8001250000000001 0.065 0.037109375
0 0.4928125 0.244578125 0.06375 0.03540625
0 0.49015624999999996 0.32053125 0.0615625 0.043546875
0 0.4884375 0.16284375 0.0675 0.043828125
0 0.49000000000000005 0.081125 0.064375 0.05225