1 0.40828125000000004 0.38490625 0.1103125 0.047328125
1 0.6248437499999999 0.386625 0.12468749999999999 0.053890625000000004
1 0.42265625 0.474453125 0.1140625 0.04828125
1 0.623125 0.474921875 0.105625 0.05234375
1 0.42874999999999996 0.55790625 0.104375 0.033921875000000004
1 0.6174999999999999 0.55759375 0.094375 0.039546874999999995
1 0.4403125 0.62165625 0.09625 0.0364375
1 0.61515625 0.62446875 0.0990625 0.035812500000000004
0 0.5196875000000001 0.3863125 0.10500000000000001 0.059515625
0 0.723125 0.38771875 0.068125 0.059203125
0 0.7153125 0.47335937499999997 0.058750000000000004 0.05546875
0 0.7 0.5518125 0.059375 0.043609375
0 0.7009375 0.622125 0.05500000000000001 0.0405
0 0.5276562499999999 0.62321875 0.0740625 0.0458125
0 0.52421875 0.554 0.0859375 0.054234375
0 0.52609375 0.473828125 0.07718749999999999 0.047031250000000004
0 0.323125 0.38178125 0.055625 0.053578125
0 0.3390625 0.471171875 0.05625 0.04484375
0 0.34984375 0.5466562500000001 0.0496875 0.048921875
0 0.36375 0.6171249999999999 0.049375 0.043