0 0.5196875000000001 0.38678124999999997 0.08 0.063578125
0 0.5237499999999999 0.47679687499999995 0.081875 0.05609375
0 0.52609375 0.5561875 0.07718749999999999 0.052359375
0 0.5296875 0.6249374999999999 0.0875 0.052390625
0 0.36484375 0.61790625 0.0546875 0.0414375
0 0.35171874999999997 0.55165625 0.053437500000000006 0.046421875
0 0.33953125 0.473515625 0.0478125 0.05265625
0 0.323125 0.391 0.055625 0.062640625
0 0.7196875 0.38646875 0.0675 0.056703125
0 0.71328125 0.47554687500000004 0.0578125 0.053593749999999996
0 0.70859375 0.55696875 0.0546875 0.050796875
0 0.7003125 0.6255625 0.06625 0.041125
1 0.41546874999999994 0.38803125 0.1184375 0.053578125
1 0.620625 0.38537499999999997 0.113125 0.051390625
1 0.42062499999999997 0.47726562499999997 0.113125 0.04765625
1 0.43156249999999996 0.55696875 0.09125 0.038296875
1 0.4390625 0.62415625 0.09375 0.0414375
1 0.61765625 0.6261875 0.07906250000000001 0.042375
1 0.6184375 0.5585312499999999 0.1025 0.047671875
1 0.6253124999999999 0.48039062499999996 0.11625 0.05390625