0 0.51484375 0.3825625 0.0796875 0.052015624999999996
0 0.521875 0.470703125 0.078125 0.05328125
0 0.5232812499999999 0.5565 0.07781249999999999 0.046734375
0 0.531875 0.6252500000000001 0.073125 0.04675
0 0.69640625 0.62290625 0.049062499999999995 0.0389375
0 0.7028125000000001 0.560875 0.04625 0.042984375000000005
0 0.7078125 0.47757812499999996 0.04375 0.054531249999999996
0 0.72421875 0.38646875 0.0484375 0.056703125
0 0.319375 0.38537499999999997 0.060625 0.051390625
0 0.33921875 0.471015625 0.053437500000000006 0.04765625
0 0.3509375 0.5472812499999999 0.05500000000000001 0.050171875
0 0.3665625 0.6211875 0.04875 0.044875
1 0.41015625 0.38959375 0.1140625 0.050453125
1 0.62453125 0.38225 0.11781250000000001 0.045125
1 0.41765625 0.472265625 0.10406249999999999 0.05015625
1 0.62 0.478515625 0.099375 0.05015625
1 0.43062500000000004 0.55478125 0.095625 0.040171875
1 0.619375 0.557125 0.110625 0.047984375
1 0.4409375 0.6218125 0.0975 0.033625
1 0.6146874999999999 0.6210312499999999 0.095 0.0351875