1 0.5065625 0.177859375 0.10375000000000001 0.061328125
1 0.71 0.183015625 0.091875 0.056015625
1 0.49906249999999996 0.287859375 0.10124999999999999 0.056359375
1 0.70359375 0.29209375 0.09468750000000001 0.055421874999999995
1 0.49796874999999996 0.39646875000000004 0.1084375 0.064203125
1 0.69796875 0.40225 0.0959375 0.060140625
1 0.49765625 0.5060156250000001 0.1140625 0.067671875
1 0.6995312499999999 0.509765625 0.11781250000000001 0.062671875
1 0.50234375 0.6115 0.1296875 0.06925
1 0.70921875 0.61525 0.10593749999999999 0.06425
1 0.4965625 0.718546875 0.10874999999999999 0.055218750000000004
1 0.70796875 0.717921875 0.1159375 0.053968749999999996
1 0.5078125 0.82965625 0.11875 0.0555625
1 0.7145312500000001 0.8348125 0.1103125 0.06275
1 0.1965625 0.8362187499999999 0.10874999999999999 0.0624375
1 0.2009375 0.729171875 0.11750000000000001 0.06396874999999999
1 0.1965625 0.6165 0.10874999999999999 0.06675
1 0.20187499999999997 0.504140625 0.113125 0.06392187499999999
1 0.206875 0.40115625 0.110625 0.067328125
1 0.21125 0.292875 0.10687500000000001 0.053859375
1 0.20218750000000002 0.177546875 0.1075 0.066953125
1 0.2053125 0.07534375 0.11374999999999999 0.0688125
1 0.50296875 0.07956250000000001 0.10593749999999999 0.055374999999999994
1 0.7046875 0.07956250000000001 0.1125 0.055374999999999994
0 0.10218750000000001 0.17254687500000002 0.095 0.069453125
0 0.1065625 0.2885 0.09125 0.070109375
0 0.1065625 0.391625 0.09125 0.063890625
0 0.10921875 0.508828125 0.10593749999999999 0.06704687499999999
0 0.10124999999999999 0.6174375000000001 0.099375 0.074890625
0 0.10484374999999999 0.7324531249999999 0.09718750000000001 0.079921875
0 0.10109375000000001 0.8371562499999999 0.10218750000000001 0.0705625
0 0.2953125 0.83575 0.05625 0.070875
0 0.41890625000000004 0.83246875 0.0565625 0.0674375
0 0.42093749999999996 0.723546875 0.057499999999999996 0.06521875
0 0.4109375 0.613375 0.0625 0.0605
0 0.41265625000000006 0.502734375 0.0565625 0.064234375
0 0.41078125 0.396625 0.0528125 0.061390625
0 0.41234374999999995 0.281609375 0.06218749999999999 0.068859375
0 0.29359375 0.39428125 0.06218749999999999 0.066078125
0 0.2978125 0.5083593750000001 0.061250000000000006 0.06298437500000001
0 0.29 0.61228125 0.064375 0.0676875
0 0.2940625 0.726046875 0.05375 0.07021875
0 0.30140625 0.292875 0.0590625 0.066359375
0 0.294375 0.175984375 0.060625 0.070078125
0 0.29703124999999997 0.0705 0.0503125 0.068484375
0 0.604375 0.07159375 0.093125 0.061296874999999994
0 0.40718750000000004 0.06628125 0.0675 0.056921875
0 0.41828125 0.173484375 0.0553125 0.065078125
0 0.61140625 0.181140625 0.07906250000000001 0.06476562500000001
0 0.605 0.29459375 0.081875 0.072921875
0 0.60359375 0.40084375000000005 0.09468750000000001 0.060453124999999996
0 0.6012500000000001 0.509140625 0.08687500000000001 0.061421875
0 0.61203125 0.61103125 0.09281249999999999 0.0651875
0 0.6090625000000001 0.721828125 0.09625 0.05865625
0 0.61203125 0.8348125 0.09281249999999999 0.06275
0 0.7940625 0.83121875 0.06625 0.06493750000000001
0 0.8731249999999999 0.82825 0.055625 0.055874999999999994
0 0.87265625 0.721203125 0.0640625 0.06990625
0 0.79 0.718234375 0.051875000000000004 0.060843749999999995
0 0.7892187500000001 0.6155625 0.053437500000000006 0.071140625
0 0.8753125 0.6224375 0.06625 0.084890625
0 0.7892187500000001 0.504140625 0.053437500000000006 0.06392187499999999
0 0.8778124999999999 0.502890625 0.07125000000000001 0.061421875
0 0.78328125 0.39725 0.060312500000000005 0.062640625
0 0.79484375 0.28959375 0.0646875 0.062921875
0 0.80015625 0.185984375 0.0565625 0.065078125
0 0.78828125 0.07221875 0.0578125 0.062546875
0 0.8690625000000001 0.0676875 0.05375 0.056609374999999997
0 0.8859375 0.169578125 0.0625 0.060390624999999996
0 0.8821875 0.27551562500000004 0.0675 0.066046875
0 0.8760937500000001 0.39553125 0.0646875 0.068578125