1 0.3703125 0.23098437500000002 0.13125 0.08009374999999999
1 0.61390625 0.23160937499999998 0.1340625 0.08134375
1 0.6134375000000001 0.111125 0.13 0.07475000000000001
1 0.3728125 0.10518749999999999 0.13625 0.081625
1 0.36328125 0.35209375 0.1328125 0.0754375
1 0.60359375 0.3585 0.13218749999999999 0.072625
1 0.36843750000000003 0.475234375 0.1275 0.07171875
1 0.60890625 0.475703125 0.11156250000000001 0.06328125
1 0.37515624999999997 0.60165625 0.1315625 0.0589375
1 0.6135937499999999 0.603375 0.11468750000000001 0.0655
1 0.8984375 0.60259375 0.125 0.0670625
1 0.9082812499999999 0.48039062499999996 0.12281249999999999 0.06640625
1 0.9146875 0.36584374999999997 0.1075 0.06543750000000001
1 0.9203125 0.234578125 0.11875 0.06540625
1 0.9301562499999999 0.11299999999999999 0.11656249999999999 0.066
1 0.3828125 0.727921875 0.13125 0.06146875
1 0.6215625 0.731671875 0.12125 0.06896875
1 0.9037499999999999 0.7324531249999999 0.11687499999999999 0.06740625
1 0.6246875000000001 0.8563750000000001 0.13999999999999999 0.062125
1 0.38468749999999996 0.8557499999999999 0.135 0.060875
0 0.4971875 0.229890625 0.0975 0.07478125
0 0.5009375 0.106125 0.08 0.07725
0 0.72375 0.10971875 0.06937499999999999 0.0625625
0 0.2734375 0.09659375 0.075 0.0738125
0 0.26875 0.221296875 0.071875 0.07946875
0 0.721875 0.23145312499999998 0.065625 0.07165625
0 0.7162499999999999 0.3485 0.06687499999999999 0.077625
0 0.26125 0.346 0.06937499999999999 0.072625
0 0.2646875 0.47601562499999994 0.06999999999999999 0.08265625
0 0.4925 0.48023437500000005 0.10687500000000001 0.06921875
0 0.7171875 0.478984375 0.075 0.07921875
0 0.2653125 0.60009375 0.07125000000000001 0.0745625
0 0.4965625 0.6011875 0.09625 0.06737499999999999
0 0.71796875 0.60228125 0.0734375 0.0726875
0 0.280625 0.7312031250000001 0.07062500000000001 0.07740625
0 0.5084375 0.726671875 0.1075 0.07146875
0 0.7278125 0.730578125 0.07125000000000001 0.07615625000000001
0 0.50453125 0.8557499999999999 0.1028125 0.073375
0 0.7334375 0.861375 0.06999999999999999 0.084640625
0 0.28046875 0.85559375 0.0734375 0.07620312500000001
0 0.8324999999999999 0.10065625 0.074375 0.07568749999999999
0 0.83046875 0.229109375 0.0734375 0.07634375
0 0.8159375000000001 0.35724999999999996 0.0725 0.082625
0 0.8096875000000001 0.46929687500000006 0.0725 0.053593749999999996
0 0.8015625 0.59446875 0.06875 0.0758125
0 0.8074999999999999 0.7322968750000001 0.061875 0.082734375
0 0.18203125 0.42164062500000005 0.0703125 0.073890625
0 0.17140625 0.29428125 0.0865625 0.078546875
0 0.16859375000000001 0.164890625 0.07468749999999999 0.082265625
0 0.17453125 0.5472812499999999 0.0678125 0.062671875
0 0.1740625 0.677296875 0.07625 0.07271875
0 0.17124999999999999 0.8145 0.076875 0.078375