0 0.4959375 0.229109375 0.1075 0.07634375
0 0.49781250000000005 0.10128124999999999 0.09875 0.0769375
0 0.49468750000000006 0.35021874999999997 0.10500000000000001 0.0716875
0 0.49031250000000004 0.47320312500000006 0.09625 0.07078124999999999
0 0.495625 0.5980624999999999 0.100625 0.061125
0 0.50984375 0.726671875 0.11968749999999999 0.07146875
0 0.5040625000000001 0.86090625 0.09875 0.080578125
0 0.28015625 0.728078125 0.0665625 0.07115625
0 0.26765625000000004 0.60165625 0.0665625 0.0714375
0 0.26437499999999997 0.47664062500000004 0.075625 0.08390625
0 0.25796874999999997 0.34428125 0.06593750000000001 0.07856250000000001
0 0.27046875 0.21973437499999998 0.06593750000000001 0.07009375
0 0.7159375 0.23098437500000002 0.0725 0.08009374999999999
0 0.71765625 0.34865625 0.0665625 0.0748125
0 0.71484375 0.475703125 0.0671875 0.07578125
0 0.7259375 0.60446875 0.08 0.0708125
0 0.73109375 0.727609375 0.06218749999999999 0.07959374999999999
0 0.7315625 0.8605937499999999 0.07875 0.07370312500000001
0 0.27999999999999997 0.8627812499999999 0.06937499999999999 0.084328125
0 0.169375 0.817 0.073125 0.083375
0 0.17265625 0.686046875 0.0765625 0.09021875
0 0.17281249999999998 0.55228125 0.061250000000000006 0.072671875
0 0.1825 0.42117187500000003 0.061875 0.057328124999999994
0 0.171875 0.16159375 0.065625 0.066328125
1 0.37140625 0.22770312499999998 0.1240625 0.06415625
1 0.6065625 0.236140625 0.10375000000000001 0.062281249999999996
1 0.6153125 0.111125 0.12125 0.06225000000000001
1 0.3721875 0.09940625 0.135 0.060687500000000005
1 0.35953124999999997 0.35225 0.1253125 0.072625
1 0.6092187499999999 0.35459375 0.1184375 0.0679375
1 0.3671875 0.480078125 0.125 0.07203125
1 0.6014062499999999 0.478984375 0.10906249999999999 0.06671875000000001
1 0.3740625 0.60603125 0.12625 0.0676875
1 0.6146874999999999 0.6052500000000001 0.12 0.06925
1 0.380625 0.730890625 0.12062500000000001 0.07053125
1 0.62703125 0.726671875 0.12281249999999999 0.07146875
1 0.381875 0.8585625 0.123125 0.072765625
1 0.6224999999999999 0.8612187499999999 0.129375 0.074953125
1 0.9067187499999999 0.7283906250000001 0.12593749999999998 0.06553125
1 0.9051562499999999 0.8593437500000001 0.1290625 0.071203125
1 0.8979687500000001 0.60103125 0.1209375 0.0701875
1 0.9078125 0.478671875 0.11875 0.059843749999999994
1 0.9115624999999999 0.3644375 0.11374999999999999 0.06575
1 0.92734375 0.234109375 0.1171875 0.07384375
1 0.9303125 0.11299999999999999 0.11374999999999999 0.066
0 0.82734375 0.10159375 0.0796875 0.0713125
0 0.8217187499999999 0.22926562499999997 0.0809375 0.07353125
0 0.80953125 0.35709375 0.0753125 0.0729375
0 0.8074999999999999 0.474140625 0.074375 0.06640625
0 0.7971874999999999 0.600875 0.06 0.073