0 0.5001562500000001 0.10175000000000001 0.09406250000000001 0.081
0 0.26828124999999997 0.09659375 0.0678125 0.0738125
0 0.26828124999999997 0.221296875 0.0678125 0.07946875
0 0.49812500000000004 0.230828125 0.093125 0.08290625
0 0.49109375 0.3500625 0.09468750000000001 0.0745
0 0.4921875 0.479140625 0.1 0.07640625
0 0.7178125 0.48335937500000004 0.07625 0.07546875
0 0.5009375 0.6091562500000001 0.0925 0.0739375
0 0.50859375 0.734640625 0.1046875 0.078046875
0 0.7246875 0.733234375 0.065 0.078359375
1 0.36828125 0.35053125 0.1428125 0.07856250000000001
1 0.6071875 0.3519375 0.13 0.06575
1 0.61140625 0.23004687499999998 0.1290625 0.07196875
1 0.3721875 0.22785937500000003 0.135 0.061343749999999996
1 0.3771875 0.10112499999999999 0.1325 0.05475
1 0.61046875 0.10971875 0.13343750000000001 0.0625625
1 0.365 0.478828125 0.12687500000000002 0.06953125
1 0.61203125 0.479296875 0.11781250000000001 0.06109375
1 0.37171875 0.60446875 0.13093749999999998 0.0583125
1 0.61328125 0.60603125 0.1203125 0.0676875
1 0.3834375 0.732921875 0.1325 0.07146875
1 0.6221875 0.734953125 0.12250000000000001 0.07240625
1 0.8990625 0.6030625 0.12625 0.07112500000000001
1 0.91140625 0.48039062499999996 0.1290625 0.06640625
1 0.91578125 0.36490625 0.1253125 0.0698125
1 0.92453125 0.23348437500000002 0.11781250000000001 0.07259375
1 0.9296875 0.11081250000000001 0.1125 0.055374999999999994
1 0.9076562499999999 0.730421875 0.12156249999999999 0.06646875
1 0.38359375 0.86184375 0.1296875 0.07620312500000001
1 0.6235937500000001 0.86246875 0.13468750000000002 0.077453125
1 0.9065625 0.86075 0.12875 0.070890625
0 0.26609375 0.477734375 0.0821875 0.07671875
0 0.27468750000000003 0.6019687499999999 0.0775 0.0658125
0 0.2740625 0.729953125 0.07625 0.07490625
0 0.2525 0.342875 0.064375 0.078875
0 0.71421875 0.35209375 0.07843750000000001 0.0754375
0 0.72109375 0.238328125 0.0796875 0.07290624999999999
0 0.72453125 0.10956250000000001 0.0678125 0.077875
0 0.72359375 0.6058749999999999 0.0846875 0.0705