1 0.5115624999999999 0.182390625 0.10124999999999999 0.054765625
1 0.7109375 0.186453125 0.0875 0.044140625
1 0.7096875 0.29098437499999996 0.0975 0.050109375
1 0.5014062499999999 0.293328125 0.0965625 0.045421875
1 0.5009375 0.39771875 0.11750000000000001 0.054203125
1 0.6984375 0.4019375 0.1 0.053265625000000004
1 0.49609375 0.503671875 0.1046875 0.047343750000000004
1 0.70203125 0.505859375 0.1103125 0.057984375
1 0.7068749999999999 0.6097812499999999 0.09812499999999999 0.0626875
1 0.5053124999999999 0.6093124999999999 0.11374999999999999 0.058625000000000003
1 0.5053124999999999 0.7171406250000001 0.11374999999999999 0.05553125
1 0.70765625 0.7155781250000001 0.10906249999999999 0.046156249999999996
1 0.205 0.724171875 0.10687500000000001 0.053968749999999996
1 0.20125 0.61790625 0.11187499999999999 0.053937500000000006
1 0.20828125000000003 0.507890625 0.1103125 0.058921875
1 0.21203124999999998 0.3988125 0.1053125 0.059515625
1 0.21031249999999999 0.29178125 0.11125 0.061046875
1 0.20390625 0.179421875 0.1015625 0.058203125
1 0.20875 0.07409375 0.10187500000000001 0.041296875
1 0.4971875 0.07956250000000001 0.0975 0.042859375
1 0.70140625 0.08284375000000001 0.10906249999999999 0.0463125
1 0.20078125 0.83496875 0.1078125 0.0599375
1 0.50859375 0.8313750000000001 0.1171875 0.062125
1 0.7068749999999999 0.8260624999999999 0.09812499999999999 0.05775
0 0.61796875 0.187546875 0.0859375 0.074453125
0 0.6051562500000001 0.074875 0.07906250000000001 0.06475
0 0.41265625000000006 0.0670625 0.0690625 0.067859375
0 0.42234375 0.171140625 0.0571875 0.069765625
0 0.41593749999999996 0.286 0.06 0.07760937500000001
0 0.41234374999999995 0.397875 0.06218749999999999 0.063890625
0 0.4134375 0.498515625 0.05500000000000001 0.065171875
0 0.4140625 0.6115 0.05625 0.081765625
0 0.4146875 0.715265625 0.06999999999999999 0.06428125
0 0.41953125 0.832625 0.0578125 0.064625
0 0.6095312500000001 0.8313750000000001 0.0878125 0.074625
0 0.6009375 0.7207343749999999 0.0925 0.06584375
0 0.6095312500000001 0.6168125 0.0878125 0.073640625
0 0.6084375 0.511015625 0.08249999999999999 0.065171875
0 0.6025 0.39834375 0.064375 0.080453125
0 0.7849999999999999 0.4019375 0.06687499999999999 0.06576562500000001
0 0.78953125 0.506953125 0.060312500000000005 0.063296875
0 0.7893749999999999 0.61259375 0.063125 0.0745625
0 0.798125 0.720109375 0.055625 0.06459375
0 0.7971874999999999 0.8316874999999999 0.06 0.06899999999999999
0 0.79421875 0.2938125 0.050937500000000004 0.061984375
0 0.79796875 0.184109375 0.0459375 0.061328125
0 0.79015625 0.076125 0.0615625 0.06725
0 0.11140625 0.06221875 0.07906250000000001 0.06754687499999999
0 0.110625 0.172078125 0.080625 0.077890625
0 0.10671875 0.29303124999999997 0.0884375 0.076046875
0 0.10140625 0.39225 0.0840625 0.065140625
0 0.10218750000000001 0.504140625 0.095 0.06392187499999999
0 0.10109375000000001 0.61478125 0.0896875 0.07270312500000001
0 0.1065625 0.7233906250000001 0.09125 0.05553125
0 0.094375 0.8376250000000001 0.08562499999999999 0.074625
0 0.29109375000000004 0.8360625 0.0571875 0.06525
0 0.28921874999999997 0.723078125 0.053437500000000006 0.06115625
0 0.290625 0.6175937499999999 0.053125 0.0595625
0 0.296875 0.512109375 0.053125 0.057984375
0 0.29812500000000003 0.39459374999999997 0.055625 0.072953125
0 0.296875 0.290375 0.053125 0.073859375
0 0.2959375 0.17489062500000002 0.045 0.06476562500000001
0 0.8825 0.173015625 0.061875 0.061015625
0 0.8848437499999999 0.28334375 0.0696875 0.075421875
0 0.8715624999999999 0.38928124999999997 0.07125000000000001 0.056078125
0 0.88203125 0.500234375 0.0703125 0.05923437499999999
0 0.87625 0.6136874999999999 0.061875 0.06737499999999999
0 0.8823437500000001 0.722765625 0.0646875 0.06678125
0 0.8709374999999999 0.8335625 0.057499999999999996 0.07275000000000001