0 0.67640625 0.198953125 0.0590625 0.044140625
0 0.678125 0.25598437500000004 0.053125 0.04259375
0 0.68078125 0.321625 0.0553125 0.036359375
0 0.6803125 0.3785 0.06375 0.037625
0 0.686875 0.44210937499999997 0.058125 0.042953124999999995
0 0.68140625 0.5021093750000001 0.0565625 0.03796875
0 0.6759375000000001 0.56540625 0.05500000000000001 0.036421875
0 0.6740625 0.6305625 0.06375 0.038625
0 0.6784375 0.690890625 0.06 0.040515625
0 0.6821875000000001 0.755421875 0.05500000000000001 0.041484375000000004
0 0.6821875000000001 0.8159062499999999 0.05500000000000001 0.0405625
0 0.6798437500000001 0.1351875 0.059687500000000004 0.041625
0 0.6703125 0.07346875 0.05625 0.040046874999999996
0 0.3465625 0.15971875 0.04625 0.037578125000000004
0 0.3465625 0.098 0.04625 0.036
0 0.34484375 0.22082812500000001 0.0521875 0.03790625
0 0.34359375000000003 0.273171875 0.0496875 0.033234375
0 0.3421875 0.33475 0.05 0.037625
0 0.33734375 0.396625 0.0496875 0.036390624999999996
0 0.33890625 0.459765625 0.0465625 0.03765625
0 0.3440625 0.5216406250000001 0.05375 0.036421875
0 0.33859374999999997 0.5819687499999999 0.0521875 0.0383125
0 0.4859375 0.519453125 0.0375 0.038296875
0 0.47765625 0.457421875 0.0365625 0.04234375
0 0.47859375000000004 0.3950625 0.0321875 0.039515625
0 0.48734374999999996 0.33615625 0.0371875 0.0373125
0 0.4871875 0.27723437500000003 0.027500000000000004 0.035109375
0 0.48 0.216609375 0.031875 0.038843749999999996
0 0.4846875 0.1576875 0.034999999999999996 0.036640624999999996
0 0.2078125 0.15534375 0.03125 0.041328125
0 0.20249999999999999 0.216296875 0.039375 0.04446875
0 0.20328125 0.27551562500000004 0.0378125 0.041046875
0 0.2034375 0.3388125 0.034999999999999996 0.0395
0 0.20328125 0.39631249999999996 0.0378125 0.042015625
0 0.19593750000000001 0.45679687500000005 0.0325 0.04109375
0 0.20031249999999998 0.523359375 0.041249999999999995 0.042984375000000005
0 0.1990625 0.5815 0.03875 0.03425
0 0.20171875 0.64634375 0.0409375 0.042078125
0 0.34640624999999997 0.64540625 0.049062499999999995 0.033953125
0 0.3446875 0.704796875 0.05500000000000001 0.04021875
0 0.20218750000000002 0.704484375 0.0325 0.03334375
0 0.48218750000000005 0.706515625 0.042499999999999996 0.03428125
0 0.48624999999999996 0.6424375 0.031875 0.037390625
0 0.48187499999999994 0.58134375 0.035625000000000004 0.0370625
0 0.48828125 0.10221875 0.0328125 0.0350625
0 0.20703125 0.10096875000000001 0.0328125 0.0450625
0 0.53390625 0.072375 0.0365625 0.034734375
0 0.5403125 0.13221875 0.04625 0.0450625
0 0.5459375 0.195515625 0.045 0.043515625
0 0.5475 0.256609375 0.041875 0.04384375
0 0.5503125 0.317875 0.028749999999999998 0.041359375
0 0.53953125 0.37803125 0.035312500000000004 0.0460625
0 0.5446875 0.443984375 0.042499999999999996 0.046703125
0 0.54375 0.500703125 0.034375 0.03828125
0 0.5378125 0.56790625 0.041249999999999995 0.041421875000000004
0 0.80796875 0.07440625 0.0409375 0.048171874999999996
0 0.81328125 0.1389375 0.0328125 0.049125
0 0.813125 0.199734375 0.035625000000000004 0.042578125
0 0.8159375000000001 0.263484375 0.034999999999999996 0.04509375
0 0.8201562499999999 0.32475 0.0340625 0.042609375
0 0.8207812499999999 0.38521875 0.035312500000000004 0.0416875
0 0.82265625 0.440078125 0.0390625 0.042015625
0 0.82 0.5072656249999999 0.036875000000000005 0.045171875
0 0.8178124999999999 0.5649375 0.03875 0.044859375
0 0.8121875 0.6315000000000001 0.04 0.046765625
0 0.81859375 0.6897968750000001 0.0371875 0.04771875
0 0.8201562499999999 0.759328125 0.0340625 0.046171875
0 0.9112500000000001 0.191609375 0.044375 0.038828125000000005
0 0.90984375 0.250046875 0.044687500000000005 0.03696875
0 0.911875 0.30209375 0.045625 0.037921875
0 0.9153125 0.360375 0.04625 0.038875
0 0.915625 0.41178125000000004 0.040625 0.038578125000000005
0 0.9153125 0.462109375 0.04625 0.032968750000000005
0 0.90921875 0.518515625 0.043437500000000004 0.030171874999999997
0 0.91484375 0.5765 0.0421875 0.03675
0 0.91875 0.6291562500000001 0.046875 0.0389375
0 0.9154687499999999 0.683546875 0.043437500000000004 0.035203125
0 0.91375 0.737765625 0.049375 0.03428125
0 0.9243750000000001 0.79403125 0.045625 0.034296875
0 0.15015625 0.10628125 0.0315625 0.0369375
0 0.14375 0.16753125 0.034375 0.046953125
0 0.14546874999999998 0.228953125 0.028437499999999998 0.04165625
0 0.1365625 0.290046875 0.03875 0.041984375000000004
0 0.1378125 0.34896875 0.028749999999999998 0.044187500000000005
0 0.1353125 0.40975 0.03625 0.037640625
0 0.1446875 0.475078125 0.03 0.04953125
0 0.14156249999999998 0.528828125 0.02375 0.032046875
1 0.4140625 0.456640625 0.10625 0.04390625
1 0.25796874999999997 0.45695312499999996 0.0909375 0.03828125
1 0.26203125 0.39584375 0.09281249999999999 0.037953125
1 0.2690625 0.335375 0.09125 0.038875
1 0.4175 0.33615625 0.094375 0.0373125
1 0.41546874999999994 0.276453125 0.09343749999999999 0.036671875
1 0.26609375 0.275984375 0.09468750000000001 0.032609375
1 0.26796875 0.217390625 0.0859375 0.03728125
1 0.41937499999999994 0.218171875 0.08562499999999999 0.03571875
1 0.41968750000000005 0.15721875000000002 0.0925 0.032578125
1 0.26937500000000003 0.156125 0.08562499999999999 0.039765625
1 0.6084375 0.31959375 0.08249999999999999 0.035421875000000005
1 0.7559375 0.3200625 0.09 0.039484375
1 0.7534375 0.261140625 0.08499999999999999 0.03728125
1 0.6096874999999999 0.255515625 0.08499999999999999 0.03853125
1 0.6056250000000001 0.198484375 0.083125 0.040078125
1 0.74921875 0.197078125 0.0859375 0.040390625
1 0.60328125 0.13409374999999998 0.0753125 0.0363125
1 0.75171875 0.13799999999999998 0.0909375 0.040999999999999995
1 0.6059375 0.3785 0.0775 0.037625
1 0.7590625 0.38428125 0.08375 0.0335625
1 0.60671875 0.44164062499999995 0.0884375 0.038890625
1 0.7596875 0.44039062500000004 0.08499999999999999 0.036390624999999996
1 0.6059375 0.503515625 0.09 0.03765625
1 0.75609375 0.504296875 0.0871875 0.03609375
1 0.60234375 0.564625 0.0796875 0.037984375
1 0.74765625 0.56415625 0.0890625 0.033921875000000004
1 0.5959375 0.62978125 0.08249999999999999 0.0401875
1 0.75046875 0.63025 0.0884375 0.03175
1 0.6078125 0.6937031250000001 0.09375 0.03990625
1 0.75671875 0.691671875 0.10093749999999999 0.038953125
1 0.60390625 0.754796875 0.0890625 0.040234375
1 0.7553124999999999 0.755421875 0.08875 0.041484375000000004
1 0.26140625 0.7077656250000001 0.0915625 0.03678125
1 0.41875 0.706359375 0.096875 0.037093749999999995
1 0.26453125 0.769015625 0.0853125 0.034296875
1 0.41734375 0.768234375 0.09718750000000001 0.035859375
1 0.2578125 0.83403125 0.09375 0.0393125
1 0.40843749999999995 0.83278125 0.095 0.0368125
1 0.41968750000000005 0.644625 0.0925 0.035515625
1 0.26453125 0.6471250000000001 0.0978125 0.040515625