0 0.34375 0.1576875 0.046875 0.036640624999999996
0 0.20359375000000002 0.1583125 0.0321875 0.037890625
0 0.48265624999999995 0.15784375 0.0340625 0.033828125
0 0.485 0.215203125 0.029375000000000002 0.03915625
0 0.4875 0.27473437500000003 0.034375 0.042609375
0 0.48703124999999997 0.33584375 0.0303125 0.0429375
0 0.48343749999999996 0.39849999999999997 0.0325 0.040140625
0 0.479375 0.461328125 0.030625000000000003 0.03453125
0 0.48562500000000003 0.520234375 0.030625000000000003 0.036734375
0 0.48140625000000004 0.58353125 0.0315625 0.0351875
0 0.48484375 0.64228125 0.0321875 0.040203125
1 0.41578125000000005 0.642125 0.1003125 0.043015625
1 0.4225 0.0964375 0.104375 0.039125
1 0.41656250000000006 0.15534375 0.09875 0.041328125
1 0.41624999999999995 0.21582812499999998 0.104375 0.04040625
1 0.4140625 0.282234375 0.10625 0.032609375
1 0.41609375000000004 0.33678125 0.10718749999999999 0.0385625
1 0.41125 0.39631249999999996 0.10687500000000001 0.042015625
1 0.41156249999999994 0.459609375 0.10124999999999999 0.04046875
1 0.41656250000000006 0.520234375 0.09875 0.036734375
1 0.4134375 0.582125 0.10500000000000001 0.0355
1 0.41921875000000003 0.704640625 0.10093749999999999 0.04303125
1 0.4140625 0.766046875 0.10625 0.037734375
1 0.40984375 0.83246875 0.10718749999999999 0.0424375
1 0.2578125 0.8354374999999999 0.10625 0.039
1 0.2659375 0.768703125 0.0975 0.039921875
1 0.2678125 0.709171875 0.10124999999999999 0.03646875
1 0.26515625 0.65040625 0.0990625 0.043953124999999996
1 0.26546875000000003 0.58165625 0.10593749999999999 0.043937500000000004
1 0.26968749999999997 0.524765625 0.10500000000000001 0.042671875
1 0.260625 0.458203125 0.105625 0.040781250000000005
1 0.2621875 0.39725 0.1025 0.037640625
1 0.26890625 0.335375 0.09406250000000001 0.038875
1 0.26734375 0.276140625 0.09718750000000001 0.042296875
1 0.2665625 0.215671875 0.09875 0.04321875
1 0.268125 0.15565625 0.095625 0.048203125
0 0.48890625 0.0989375 0.0340625 0.044125
0 0.48609375000000005 0.7038593750000001 0.034687499999999996 0.04459375
0 0.48531250000000004 0.766984375 0.03625 0.045859375
0 0.48203125 0.8316874999999999 0.0453125 0.044
0 0.3390625 0.83653125 0.04375 0.0443125
0 0.33968750000000003 0.768390625 0.045 0.045546875
0 0.34078125 0.707453125 0.0503125 0.04240625
0 0.3421875 0.64728125 0.05 0.037703125
0 0.34375 0.5822812500000001 0.046875 0.045187500000000005
0 0.340625 0.520390625 0.053125 0.046421875
0 0.33765625 0.462265625 0.0440625 0.04265625
0 0.33890625 0.3981875 0.0465625 0.045765625
0 0.34187500000000004 0.33787500000000004 0.043125000000000004 0.043875
0 0.34125 0.275984375 0.041875 0.045109375
0 0.34109375000000003 0.214734375 0.044687500000000005 0.047593750000000004
0 0.2009375 0.21785937500000002 0.03 0.04134375
0 0.2034375 0.279109375 0.034999999999999996 0.038859375
0 0.20328125 0.3413125 0.0378125 0.032
0 0.19718750000000002 0.40006250000000004 0.034999999999999996 0.037015625
0 0.19453125 0.46101562500000004 0.0328125 0.04015625
0 0.20359375000000002 0.524296875 0.0321875 0.038609375
0 0.19984375000000001 0.5818125000000001 0.0371875 0.041125
0 0.19859374999999999 0.6482187500000001 0.034687499999999996 0.033328125
0 0.20249999999999999 0.7088593750000001 0.039375 0.04209375
0 0.1984375 0.771671875 0.0375 0.036484375
0 0.191875 0.8379375 0.030625000000000003 0.0315
0 0.3434375 0.0958125 0.04 0.037875
0 0.205 0.0958125 0.031875 0.037875
1 0.27015625 0.09659375 0.0965625 0.048812499999999995
1 0.6090625000000001 0.5022656249999999 0.09625 0.04765625
1 0.6056250000000001 0.5643125 0.095625 0.043609375
1 0.6040625000000001 0.63040625 0.09875 0.041453125
1 0.60546875 0.694171875 0.0984375 0.04396875
1 0.60609375 0.751046875 0.0996875 0.045234375
1 0.60671875 0.81496875 0.10093749999999999 0.044937500000000005
1 0.6103125 0.439921875 0.09875 0.044828125
1 0.6096874999999999 0.3781875 0.0975 0.04325
1 0.61 0.3175625 0.104375 0.046984375
1 0.6071875 0.253640625 0.10500000000000001 0.047281250000000004
1 0.60484375 0.19442187500000002 0.09718750000000001 0.050703125
1 0.60109375 0.13409374999999998 0.10218750000000001 0.048812499999999995
1 0.74765625 0.13534375 0.1015625 0.0388125
1 0.74796875 0.19832812500000002 0.0959375 0.042890625
0 0.6740625 0.06971875 0.05125 0.045046875