2 0 0.8580403953125 0.6150838125 0.9409057437499999 0.619662465625 0.9186307671874999 0 0.8330187375 0 0.8580403953125
0 0 0.8344455734375 0.050244487500000004 0.8397619515624999 0.07151148125 0.74889143125 0 0.73849159375 0 0.8344455734375
3 0.006782517942411741 0.8678323899984092 0.013565035884823481 0.0393352200031817
3 0.03672981588164181 0.8713295599936366 0.05192612667090889 0.031849984006999676
3 0.09288890921391459 0.8784875319860006 0.0503636266709089 0.03183180267345413
3 0.14509629921232375 0.8895972073122284 0.05043635200509069 0.03808180267345449
3 0.20049232387814198 0.895201769971365 0.04881930800445433 0.033376121339908596
0 0.33424695937500004 0.8779112828125 0.35239582812500003 0.786469628125 0.265482878125 0.7717064859375 0.2473340640625 0.8631481078125001 0.33424695937500004 0.8779112828125
3 0.25665141721041473 0.9023597419637289 0.04567612667090888 0.03177725867281787
3 0.2995656232097784 0.9065472552912291 0.05039998933799979 0.034956802673454135
3 0.3518275572088239 0.9129694306174567 0.047238626670908876 0.031795440006363404
3 0.4071781285407785 0.9224802432765935 0.04725680800445442 0.033357940006363405
3 0.4602122218730512 0.9296745779360484 0.04565794533736352 0.030214758672817865
3 0.5132554058720968 0.9360876625955032 0.047274989337999784 0.03492044000636341
0 0.6202861296875 0.918744996875 0.636500915625 0.8304161734375001 0.530421375 0.81445383125 0.5133116796875 0.905306859375 0.6202861296875 0.918744996875
3 0.5529991585375968 0.9442177885900943 0.044131808004454244 0.033321577339272324
3 0.5935514332034151 0.9499950739179128 0.044095445337363516 0.030196577339272324
2 0 0.6917984749999999 0.31211287187500003 0.73335964375 0.645585828125 0.7880445625 0.6495662531249999 0.7686799453125001 0.5783323640625 0.751979434375 0 0.665159015625 0 0.6917984749999999
1 0 0.738395021875 0.020759734374999998 0.7407974359375 0.0255673171875 0.7174087265625 0 0.7151308921874999 0 0.738395021875
1 0.3572100015625 0.785085975 0.5755422640625001 0.8216083171875 0.5801209187499999 0.7993333390624999 0.0261909578125 0.717522953125 0.0208352265625 0.7428985781249999 0.3572100015625 0.785085975
1 0.63642868125 0.8339159109375001 0.6408415390625 0.8092991984375001 0.5792683109375 0.8003329062500001 0.5752815328125 0.82423218125 0.63642868125 0.8339159109375001
0 0.05531201929504722 0.6235369499920458 0.11062403859009444 0.12167610001590834
3 0.006183628620320314 0.6998818213319546 0.012367257240640629 0.034611357336090796
3 0.03238885590391351 0.7073397853278184 0.05036362667090889 0.03183180267345413
3 0.08076272123650445 0.7122449139879097 0.05196248933799978 0.03497498400699968
3 0.13146215523554994 0.7186852706476827 0.04880112667090888 0.03181362133990895
3 0.18445988590073187 0.7290046053071375 0.05038180800445433 0.03339430267345413
3 0.2421996605665501 0.7345818959659561 0.048764764003817976 0.028688621339908772
0 0.3327797545751406 0.6702552192870931 0.10276246801399935 0.10430678668045382
3 0.2975502318985047 0.7440927086250928 0.048764764003817976 0.028688621339908772
3 0.34279909723109564 0.7490341999522749 0.047202264003817974 0.028670440006363408
3 0.39348034989659564 0.757037056612048 0.04881930800445433 0.03337612133990877
3 0.439465011895323 0.7658757072724574 0.04725680800445424 0.033357940006363405
3 0.48936501456082304 0.7738876545990031 0.04881930800445424 0.03337612133990877
3 0.5408456985598685 0.7803189205920035 0.04567612667090888 0.03177725867281787
0 0.6033371552355499 0.7131945079169584 0.1215306493475449 0.10608746268299925
3 0.5829332012253686 0.7884217745862764 0.047202264003817974 0.028670440006363228
3 0.623449113224096 0.7973240599140949 0.044095445337363516 0.030196577339272324
2 0.6731916171875 0.6380023953125 0.676572653125 0.6121469 0.0143733671875 0.494312715625 0.008900881250000001 0.5209361546875 0.6731916171875 0.6380023953125
1 0.035104061962933523 0.5628358073281365 0.07020812392586705 0.03526588534372692
1 0.6088878375 0.67281405 0.613684365625 0.6467623515625001 0.07020025625000001 0.5601850125000001 0.065469796875 0.580608528125 0.6088878375 0.67281405
1 0.6134867875000001 0.6477235625 0.6071301296875 0.670497309375 0.6651523421875 0.682967253125 0.6696051828125 0.65999696875 0.6134867875000001 0.6477235625
0 0.1304638453125 0.519028890625 0.1522672484375 0.4286341328125 0.0346435453125 0.40824149062500004 0.015450565625 0.49220785468750006 0.1304638453125 0.519028890625
3 0.001362065625 0.5445844671875 0.0487258078125 0.5532595406249999 0.05466518124999999 0.5312673343750001 0.0059609828125 0.5194939375 0.001362065625 0.5445844671875
3 0.07257914592618522 0.5428318426559551 0.050345445337363445 0.030269302673454134
3 0.117019489258458 0.5501261746499099 0.05036362667090888 0.03183180267345413
3 0.17157971992363988 0.5604273279758193 0.05038180800445433 0.03339430267345413
3 0.22536779125559447 0.5699563219685014 0.04881930800445433 0.03337612133990877
3 0.2799462032543218 0.5786949752944108 0.04881930800445433 0.03337612133990877
0 0.401509359375 0.5675220875 0.420372128125 0.47889097031250005 0.33753237187499996 0.46486926562499997 0.31865019375000003 0.550740934375 0.401509359375 0.5675220875
3 0.3313996152530492 0.5874699912874112 0.047238626670908876 0.031795440006363404
3 0.3742865492520947 0.5940012546149115 0.04563976400381797 0.028652258672817864
3 0.42417746125082195 0.6027944519414572 0.04563976400381797 0.028652258672817864
3 0.47406837324954926 0.611587649268003 0.04565794533736352 0.030214758672817865
3 0.5231871259150493 0.6196086872613215 0.044095445337363516 0.0301965773392725
0 0.676281746875 0.6166979375 0.689884425 0.5317076625 0.58592588125 0.51381778125 0.56996915 0.59821053125 0.676281746875 0.6166979375
3 0.5730598565802312 0.6299643845878673 0.04411362667090888 0.0317590773392725
3 0.6120496312460494 0.6357598512492311 0.044095445337363516 0.030196577339272324
3 0.651811565245095 0.6423274772438223 0.04565794533736352 0.030214758672817865
2 0.6965447046875 0.49378857187499997 0.70143375 0.4700035546875 0.050529503125 0.3398157828125 0.047541532812499995 0.3606037015625 0.6965447046875 0.49378857187499997
0 0.11905634595800194 0.30794776531668255 0.13722837468172658 0.11251927601845368
3 0.09158968125 0.3945906140625 0.0967712453125 0.37251816249999997 0.0485502703125 0.362535 0.0419013578125 0.3878579078125 0.09158968125 0.3945906140625
1 0.1042742546875 0.41754173437500003 0.10792257812499999 0.399792775 0.0371125125 0.38682330781249996 0.0331746875 0.41071210625 0.1042742546875 0.41754173437500003
1 0.634029028125 0.496153659375 0.1064522734375 0.4006745328125 0.10314290781249999 0.419212225 0.62969664375 0.517230540625 0.634029028125 0.496153659375
1 0.6324958656249999 0.50047711875 0.6284543796875 0.517003009375 0.6911236484375001 0.5340978437499999 0.6950030296875 0.513076940625 0.6324958656249999 0.50047711875
3 0.14731168125 0.38062399375 0.09536386718749999 0.3699582515625 0.0921707625 0.39418840624999996 0.142751271875 0.402810215625 0.14731168125 0.38062399375
3 0.210620753125 0.41754320468749995 0.2151811640625 0.395356984375 0.15826421875000002 0.383781125 0.15294875624999998 0.4081971859375 0.210620753125 0.41754320468749995
3 0.28080971250000003 0.43039891093750005 0.28576322187500003 0.4094358140625 0.23398047656249998 0.401102440625 0.22982772499999998 0.422278225 0.28080971250000003 0.43039891093750005
3 0.3501272875 0.4441356390625 0.3544528 0.423092178125 0.30121134843749997 0.413340553125 0.296197390625 0.4345691515625 0.3501272875 0.4441356390625
0 0.3995700019494114 0.36795637527850256 0.09798406134627217 0.09643974267981754
3 0.41241729375 0.4539271203125 0.4161019875 0.43600121875 0.36880997656250003 0.42814803437500004 0.36528806875000003 0.44823428906249996 0.41241729375 0.4539271203125
3 0.47953530781250003 0.4710727546875 0.483148225 0.449090059375 0.4354640359375 0.438738825 0.4303593734375 0.46217383593749994 0.47953530781250003 0.4710727546875
3 0.5373452359375 0.47842620468749997 0.5415105437500001 0.458162146875 0.4931855328125 0.4509284765625 0.48918043593749994 0.47041312812499997 0.5373452359375 0.47842620468749997
3 0.5931609703125 0.49107551406249994 0.5982432531249999 0.4685532265625 0.5486090124999999 0.4610797609375 0.5462262140624999 0.48238524531250004 0.5931609703125 0.49107551406249994
0 0.6575092239417755 0.4211973645767314 0.11833292401336308 0.09980110001590833
3 0.6496174625 0.5006072234375 0.6533021453125001 0.4826813828125 0.605137340625 0.4746683046875 0.60331375 0.4938519046875 0.6496174625 0.5006072234375
3 0.694799209375 0.512117609375 0.698528084375 0.4917736171875 0.6549317953125 0.4813623390625 0.6513263203124999 0.502645815625 0.694799209375 0.512117609375
0 0.15750232264481917 0.15908300397836467 0.13721019334818113 0.11095677601845369
0 0.43253813796945595 0.21993649860759365 0.09961928668045399 0.10270792401336307
0 0.6865074752944109 0.2786916912396861 0.11829656134627217 0.09667610001590835
0 0.1386152859375 0 0.1281773609375 0.044233164062500004 0.24152737968750002 0.0704787578125 0.2582523609375 0 0.1386152859375 0
0 0.4908174984375 0.132592015625 0.5074764625 0.0515467890625 0.431071009375 0.034810140625 0.4141792578125 0.11477962187499999 0.4908174984375 0.132592015625
0 0.7507470703125 0.1902553296875 0.7644776265625 0.11598650156250001 0.667898459375 0.09281263281249999 0.652811434375 0.1710519046875 0.7507470703125 0.1902553296875
2 0.726531840625 0.349285584375 0.7313470984375 0.3285379046875 0.087989915625 0.191038234375 0.0846299203125 0.20942661875000002 0.726531840625 0.349285584375
1 0.1420829421875 0.2679176578125 0.146609834375 0.2458945 0.0766979515625 0.2349176640625 0.0713400109375 0.25416420156249997 0.1420829421875 0.2679176578125
1 0.65544855 0.377484515625 0.66176745625 0.3567036578125 0.14580438281250002 0.24483289687499998 0.142195865625 0.270568809375 0.65544855 0.377484515625
1 0.6592511437499999 0.3589850421875 0.6552674765625001 0.3783654265625 0.7158484328125 0.3904874390625 0.7187046984375 0.3735308484375 0.6592511437499999 0.3589850421875
3 0.12341218437499998 0.24171831875 0.1284323453125 0.21978552499999998 0.0834644859375 0.20697882031249998 0.0770366796875 0.23578932031250002 0.12341218437499998 0.24171831875
3 0.167262440625 0.25249211875 0.171658225 0.22861679375000002 0.12677149375000002 0.22039540624999998 0.1243567671875 0.24217189375 0.167262440625 0.25249211875
3 0.17116493593749998 0.22852644375 0.16640703125 0.2541636515625 0.2104654421875 0.259085684375 0.2145718875 0.2364767953125 0.17116493593749998 0.22852644375
3 0.260750909375 0.273271728125 0.265327775 0.2485154546875 0.22345059374999998 0.2381030078125 0.2174130359375 0.262642696875 0.260750909375 0.273271728125
3 0.31384200624999997 0.283909875 0.320210803125 0.2603959234375 0.2746497625 0.252965125 0.269267465625 0.2766597984375 0.31384200624999997 0.283909875
3 0.3659132109375 0.295850053125 0.3700732890625 0.2714586578125 0.3280104234375 0.26223003437500003 0.323891984375 0.28434239375 0.3659132109375 0.295850053125
3 0.41635325156249997 0.30585081875000003 0.42006038749999997 0.283663125 0.3775861875 0.2743591609375 0.37359688593749996 0.2965667359375 0.41635325156249997 0.30585081875000003
3 0.4577445375 0.3141941953125 0.46099866875 0.29421019375 0.42062268593749996 0.283003875 0.41665523593750003 0.3043816765625 0.4577445375 0.3141941953125
3 0.5073619765624999 0.3240442640625 0.51230305625 0.302082578125 0.47225503125 0.2955096828125 0.46891665624999995 0.3130728875 0.5073619765624999 0.3240442640625
3 0.553235984375 0.33549538437500004 0.55750538125 0.3126484609375 0.5173064046875 0.3068100984375 0.51364096875 0.3267187671875 0.553235984375 0.33549538437500004
3 0.599411975 0.3454773625 0.602858771875 0.32247974375 0.566923871875 0.3166602015625 0.563820703125 0.33590961406250003 0.599411975 0.3454773625
3 0.6457805984375 0.35244571874999997 0.64985736875 0.3326123890625 0.611194246875 0.325530909375 0.607789859375 0.3461285046875 0.6457805984375 0.35244571874999997
3 0.6669665872851841 0.34687861724223146 0.04251476400381797 0.02861589600572696
3 0.7051478399506841 0.35502692457036805 0.04255112667090906 0.03174089600572696
3 0.1699481203125 0.0949517125 0.174373825 0.076098984375 0.12296570312499999 0.0637336578125 0.1188065234375 0.0866867609375 0.1699481203125 0.0949517125
1 0.1787857625 0.1162337359375 0.1835472515625 0.0984256984375 0.115692540625 0.0830480375 0.11135281875 0.10620719999999999 0.1787857625 0.1162337359375
1 0.688132621875 0.2173903203125 0.1828219703125 0.0992760078125 0.17695055625 0.12190768593750001 0.6849089828125 0.23842952031250003 0.688132621875 0.2173903203125
3 0.7412229671875 0.22923922187499998 0.7438947296875 0.2126655375 0.6990854515625 0.2018332703125 0.6957230828125 0.21801861875 0.7412229671875 0.22923922187499998
1 0.6881863359375 0.214450628125 0.683706875 0.236243040625 0.7440725593749999 0.2491237015625 0.7474987828125 0.23121323125 0.6881863359375 0.214450628125
3 0.22169200625 0.108361728125 0.22578194062499998 0.0884643515625 0.1765497 0.07354802187500001 0.171868803125 0.0964055703125 0.22169200625 0.108361728125
3 0.27767079687499996 0.1188736421875 0.282865034375 0.0980065359375 0.23641075625000002 0.08626569375000001 0.2293833484375 0.11173685625 0.27767079687499996 0.1188736421875
3 0.340811296875 0.135286896875 0.3463698328125 0.11044609218749998 0.298679115625 0.102519209375 0.29420323437499996 0.12663855156249998 0.340811296875 0.135286896875
3 0.40099804843750003 0.1477702203125 0.4049826859375 0.12838511875 0.3580124640625 0.11619017031250001 0.35417552812499997 0.1349628140625 0.40099804843750003 0.1477702203125
3 0.465025134375 0.1630892765625 0.4688674625 0.14439649062499998 0.42369324218750004 0.1332489015625 0.4184387796875 0.15750560156249999 0.465025134375 0.1630892765625
3 0.529827546875 0.17855034375 0.533954490625 0.1584729265625 0.4892709578125 0.14885197187500002 0.4853206296875 0.169755584375 0.529827546875 0.17855034375
3 0.5845901718750001 0.190017371875 0.588923184375 0.17285124375 0.5478708421875 0.16317699218749998 0.54470605 0.1842233390625 0.5845901718750001 0.190017371875
3 0.643046809375 0.20272588749999998 0.6451044609375 0.1873522953125 0.6012275421875 0.1773470578125 0.59857135625 0.1944839125 0.643046809375 0.20272588749999998
3 0.6927422828124999 0.2183907390625 0.696548215625 0.198087203125 0.6517971593749999 0.19054692499999998 0.6477890265624999 0.2075989328125 0.6927422828124999 0.2183907390625
1 0.2942141296875 0 0.7129244 0.10333143281249998 0.7188216171875 0.0771196359375 0.39897185625 0 0.2942141296875 0
1 0.7698075875 0.09919439687500001 0.715466021875 0.081053684375 0.713546265625 0.10330513593749999 0.7658429265625 0.11848231718749999 0.7698075875 0.09919439687500001