2 1 0.23814985625 0.55231654375 0.18037768437499999 0.3512482578125 0.147773596875 0.351349421875 0.1697675171875 1 0.26194385 1 0.23814985625
0 1 0.2758979515625 0.9064511359375 0.25603934375000004 0.9022250859375 0.3451015125 1 0.3618909875 1 0.2758979515625
3 1 0.2230856890625 0.9700279374999999 0.2190664921875 0.97026993125 0.23809157656250002 1 0.2413066390625 1 0.2230856890625
3 0.9138414718750001 0.20901173125 0.9133285375 0.231883603125 0.9652602390625 0.2351084015625 0.9661524046875 0.2163063984375 0.9138414718750001 0.20901173125
3 0.8489141874999999 0.2022315140625 0.84962928125 0.223347353125 0.905909703125 0.23142295625 0.9059552406250001 0.20541491406249998 0.8489141874999999 0.2022315140625
3 0.780158325 0.19170167968750002 0.77973930625 0.212594365625 0.8315301375 0.21878789375 0.8319310234374999 0.197092775 0.780158325 0.19170167968750002
3 0.7165060265625 0.1821758078125 0.715046803125 0.200866253125 0.7633413359375 0.20836961562499998 0.7636370828125 0.1886498296875 0.7165060265625 0.1821758078125
0 0.6337383796875 0.2064955296875 0.6294195125 0.297513759375 0.7138901859375 0.3113049046875 0.7207323109375 0.225726453125 0.6337383796875 0.2064955296875
3 0.6488843234375 0.17186905937500002 0.647898246875 0.192650225 0.7014372078125 0.19818884375 0.7011320999999999 0.17884949375 0.6488843234375 0.17186905937500002
3 0.58792644375 0.1658697421875 0.5864672640624999 0.18456019375 0.6371239390625 0.1905306 0.6370918640625 0.17124337812499998 0.58792644375 0.1658697421875
3 0.524104559375 0.156310565625 0.5236855406250001 0.17720325312500002 0.5720270296875001 0.18371699531250002 0.5718097546875 0.1596485765625 0.524104559375 0.156310565625
3 0.45809007343749997 0.14831764218750002 0.458332025 0.167342721875 0.5056802671875 0.17066462031250001 0.5069432140625 0.15437615 0.45809007343749997 0.14831764218750002
0 0.35221391875 0.1595914453125 0.3442776234375 0.24141789687499998 0.45090605312500004 0.266634909375 0.455544853125 0.18310049687500002 0.35221391875 0.1595914453125
3 0.4019505625 0.13727333749999998 0.40214555625 0.1572880375 0.44869191875 0.16544622656250002 0.449400884375 0.1455521140625 0.4019505625 0.13727333749999998
3 0.3537029875 0.12878039218749998 0.3525760390625 0.1525303265625 0.40105839843749996 0.1560753 0.40130961249999997 0.1335948890625 0.3537029875 0.12878039218749998
2 1 0.40895220937500004 0.343421334375 0.292530828125 0.3438875 0.314697321875 0.8306540109375 0.3998627890625 1 0.43479125781250005 1 0.40895220937500004
1 1 0.3641484671875 0.9503787499999999 0.3555735671875 0.9494865828125001 0.3743755875 1 0.3850550171875 1 0.3641484671875
1 0.4055726625 0.2573834265625 0.40217739999999996 0.28068713437500004 0.9490134375 0.3722848640625 0.951136853125 0.3540933765625 0.4055726625 0.2573834265625
1 0.342769159375 0.24203163437500003 0.3431556046875 0.2700745234375 0.4026975484375 0.281788190625 0.402590146875 0.25741109375 0.342769159375 0.24203163437500003
0 1 0.43540898749999996 0.8959485359375 0.4100592234375 0.8911300984375 0.500942365625 1 0.5239527796875 1 0.43540898749999996
3 1 0.38538896093749997 0.9721692281250001 0.3788379359375 0.9715154281249999 0.40467853906249995 1 0.41028229843749997 1 0.38538896093749997
3 0.9248679421875 0.37452645625000003 0.9233148078125 0.3951960484375 0.9704282718749999 0.4034658234375 0.971466540625 0.37806281406250003 0.9248679421875 0.37452645625000003
3 0.8784463234375 0.3641739375 0.8777434609375 0.38623061875000003 0.923719765625 0.3952755203125 0.9257421578124999 0.37220616562500003 0.8784463234375 0.3641739375
3 0.8287154125 0.3532779390625 0.828456565625 0.379150784375 0.8726632375 0.3867204234375 0.873165915625 0.364080646875 0.8287154125 0.3532779390625
3 0.774165278125 0.34590529375 0.772465621875 0.368113315625 0.8173387015625 0.375250484375 0.8183646515625 0.3532996140625 0.774165278125 0.34590529375
3 0.717720865625 0.3376188046875 0.71804690625 0.3579710828125 0.7629199828125001 0.365108259375 0.7626971546875 0.3437566171875 0.717720865625 0.3376188046875
0 0.617975065625 0.36067151875 0.6126552890625 0.451456084375 0.6974178 0.46724837187499996 0.7018509859375001 0.3753445671875 0.617975065625 0.36067151875
3 0.6629557046875 0.32797197499999997 0.66258883125 0.34931509374999997 0.706129103125 0.357317171875 0.706996553125 0.3349113359375 0.6629557046875 0.32797197499999997
3 0.6201082984374999 0.31897905937500004 0.6203018953125 0.34212310156250003 0.6623483671875 0.34757709062500003 0.66342865625 0.3256360140625 0.6201082984374999 0.31897905937500004
3 0.571467234375 0.3122295109375 0.5711003875 0.3335726125 0.611867040625 0.338774821875 0.6112619203125 0.3188943984375 0.571467234375 0.3122295109375
3 0.5192617171875 0.30308625 0.5178819859375 0.3253572234375 0.559635003125 0.33018991875000003 0.55882760625 0.3092832421875 0.5192617171875 0.30308625
3 0.47020272968750004 0.2956891421875 0.468929 0.3157267203125 0.50961616875 0.3226039671875 0.5111271875 0.3020118328125 0.47020272968750004 0.2956891421875
3 0.42146371718750003 0.28835496875 0.4204569484375 0.30957218124999997 0.4618634984375 0.314900278125 0.4622929546875 0.293108915625 0.42146371718750003 0.28835496875
0 0.341882221875 0.3143028234375 0.3381047265625 0.3939118703125 0.4422937109375 0.41617492343749996 0.44525553437500004 0.3303815765625 0.341882221875 0.3143028234375
3 0.3821887921875 0.27893774374999997 0.38120851718750004 0.2995966234375 0.42093586250000004 0.306285046875 0.42139269375 0.2871753 0.3821887921875 0.27893774374999997
3 0.381528490625 0.2996595703125 0.3828287390625 0.279063640625 0.343424 0.271132321875 0.3428405 0.2914849265625 0.381528490625 0.2996595703125
2 1 0.57002285 0.330849659375 0.4330905921875 0.32734790468749997 0.45642791718750003 1 0.5928628609375 1 0.57002285
1 1 0.5222833046875001 0.937751725 0.510114221875 0.9381348484375 0.5340303703125 1 0.5446681046874999 1 0.5222833046875001
1 0.39780189374999997 0.40477309687499996 0.39680563125 0.425768875 0.9375920390625 0.5348065625 0.9378458390625 0.5078360421875 0.39780189374999997 0.40477309687499996
1 0.34203218125 0.39645050625 0.34107743125 0.41657147656250004 0.396888653125 0.4240192203125 0.39754529375000003 0.40264629531249996 0.34203218125 0.39645050625
0 1 0.591083109375 0.8870583078125 0.5696733953125 0.8832806375000001 0.6619013078125 1 0.6867685156250001 1 0.591083109375
3 1 0.5449135828125 0.9621561 0.5396390421875 0.9612843703125 0.5580103875 1 0.567035346875 1 0.5449135828125
3 0.9190436515625 0.53115754375 0.918130409375 0.5504037015625001 0.9572324015625 0.558096221875 0.9580137625 0.5360782140625 0.9190436515625 0.53115754375
3 0.8734246640625001 0.5221829375 0.87359704375 0.539876678125 0.9172108140624999 0.5484568000000001 0.9185292296875 0.5283104359374999 0.8734246640625001 0.5221829375
3 0.81681839375 0.5101638265624999 0.8179103921875001 0.5298044749999999 0.8621084640625 0.53673355625 0.8614960187499999 0.5170903124999999 0.81681839375 0.5101638265624999
3 0.7597108265625 0.49804609843750003 0.7601769890625001 0.52021259375 0.806003534375 0.524813075 0.8057162828125 0.5061167859375 0.7597108265625 0.49804609843750003
3 0.7009748265625 0.488256940625 0.701022671875 0.5085751859375 0.7476442984375 0.5177470421875 0.749224884375 0.495100190625 0.7009748265625 0.488256940625
0 0.6079680265625 0.5095449703125 0.603891953125 0.5954464390624999 0.6890975484374999 0.6163873984375 0.6927236640625 0.5292397421875 0.6079680265625 0.5095449703125
3 0.64942314375 0.4763492421875 0.6489281828125 0.49744364374999994 0.6940873796875 0.50544481875 0.6949591109375 0.48707347343749996 0.64942314375 0.4763492421875
3 0.60831593125 0.46826223437500003 0.6072781578125 0.49013286093749997 0.64988930625 0.4985157359375 0.64903163125 0.47529226874999997 0.60831593125 0.46826223437500003
3 0.5597721265625 0.4569462390625 0.5571889046875 0.47939580625 0.5977948171875 0.48738419374999997 0.5989444171875 0.464335240625 0.5597721265625 0.4569462390625
3 0.5085971765624999 0.44776158749999995 0.50709965 0.46865878906249997 0.5492924828125 0.4751933796875 0.5500069328125 0.455811175 0.5085971765624999 0.44776158749999995
3 0.46037317343749995 0.44042274218750005 0.4594875 0.4590879140625 0.5018621671875 0.466639303125 0.502676675 0.44787392343750004 0.46037317343749995 0.44042274218750005
3 0.41097861875 0.42913541093749996 0.409017121875 0.45151381874999996 0.4523938046875 0.456907409375 0.45308869375 0.43811849687500004 0.41097861875 0.42913541093749996
0 0.32996569375 0.451719821875 0.32539482343750004 0.5354347046875 0.4285889 0.5557360375 0.43024678281249995 0.477602759375 0.32996569375 0.451719821875
3 0.3730236546875 0.4232385015625 0.3712466734375 0.44172832812499996 0.41001913749999996 0.449356021875 0.4107439015625 0.429788021875 0.3730236546875 0.4232385015625
3 0.33577270000000004 0.4119852546875 0.334739415625 0.433761303125 0.373066190625 0.44130131562499997 0.372948684375 0.42039076406250003 0.33577270000000004 0.4119852546875
2 1 0.7320276671875 0.322037246875 0.57463509375 0.320262446875 0.6009385515625 0.5060604718749999 0.636571490625 1 0.759207446875 1 0.7320276671875
1 1 0.68496904375 0.9325054109375 0.6715852796874999 0.9301897546875001 0.6951559484375001 1 0.7107838375 1 0.68496904375
1 0.3871722453125 0.5454989484375 0.3854005125 0.5702213031250001 0.930979275 0.691132778125 0.9307626875 0.670054875 0.3871722453125 0.5454989484375
0 0.3188748921875 0.59618740625 0.3149241734375 0.679447075 0.419085328125 0.7036326390625 0.4233419453125 0.622873121875 0.3188748921875 0.59618740625
3 0.322463659375 0.55646635 0.321160596875 0.5759729421875 0.36956454375000003 0.5901067921875 0.37140736093750004 0.56553465 0.322463659375 0.55646635
1 0.3242577203125 0.5341663999999999 0.3232755328125 0.5548655515625 0.38554784375 0.5671163609375001 0.38652590781249996 0.5473230671875 0.3242577203125 0.5341663999999999
0 1 0.7569654828125 0.8789649718750001 0.7272649109375 0.875403715625 0.81486160625 0.9999936125 0.848721234375 1 0.8485949156249999 1 0.7569654828125
3 1 0.7119637734375 0.9527283484375 0.6995484359375 0.951746159375 0.7202475859375 1 0.729740546875 1 0.7119637734375
3 0.8947057468749999 0.686044425 0.8942675109374999 0.7078951906250001 0.9476438 0.7183958890625 0.9497388687500001 0.69597914375 0.8947057468749999 0.686044425
3 0.8277379687499999 0.6718252734375 0.82660845625 0.695629290625 0.8806760468749999 0.70417674375 0.8823887328125 0.6801186593749999 0.8277379687499999 0.6718252734375
3 0.7598322296875 0.652386953125 0.759488846875 0.6795634796875001 0.8096021906249999 0.6902478249999999 0.8114105640625 0.6640944671875 0.7598322296875 0.652386953125
3 0.6890567953125 0.6384633265625 0.688791034375 0.6640039625 0.74366911875 0.6739745125 0.74407059375 0.6498150546875 0.6890567953125 0.6384633265625
0 0.6007723015625 0.6553389265625 0.59437711875 0.7455055109375001 0.6813233640624999 0.76445745625 0.68515356875 0.6824571296874999 0.6007723015625 0.6553389265625
3 0.6190217453125 0.6189063406249999 0.6179350140625 0.6418087078125 0.6674631828125 0.654854659375 0.66979578125 0.6321080640625001 0.6190217453125 0.6189063406249999
3 0.55269631875 0.605053765625 0.5525152296875 0.62478108125 0.6026010234375 0.635293196875 0.6029423734375 0.6193163921875 0.55269631875 0.605053765625
3 0.495909409375 0.5925645609375 0.494606290625 0.6120711421875 0.5423551468750001 0.6240998265625 0.5424272625000001 0.6016489171875 0.495909409375 0.5925645609375
3 0.432047328125 0.57802470625 0.4295602984375 0.5986159109375 0.476966096875 0.6099183265625 0.47848594687499996 0.5858430265625 0.432047328125 0.57802470625
3 0.37208254375 0.5688629265625 0.3709033046875 0.5857588078125 0.41868313125 0.5971348046875 0.41812713125 0.5755490078125 0.37208254375 0.5688629265625
2 0.31086806093749997 0.722255671875 0.30883528125000004 0.7424672890624999 0.9979317062499999 0.9173822203125 0.999698934375 0.8913658921875 0.31086806093749997 0.722255671875
1 1 0.8459334843749999 0.9275720062499999 0.8276774937500001 0.9263998156250001 0.8523809124999999 0.9981415015625 0.8683416703125 1 0.8486743578124999 1 0.8459334843749999
1 0.377709415625 0.69456923125 0.3768845421875 0.71195309375 0.9269675390625001 0.85156913125 0.9270021453125 0.8281246843750001 0.377709415625 0.69456923125
1 0.313788771875 0.68107064375 0.3134881421875 0.698557675 0.375835965625 0.7117468078125 0.3756815796875 0.6931219171875 0.313788771875 0.68107064375
0 0.9935529390625 1 0.9983780140625 0.9192037093750001 0.8732420515625 0.8862938874999999 0.8693694828125 0.9792207625 0.9640648531249999 1 0.9935529390625 1
3 0.9520468984375 0.85834995625 0.9510049515624999 0.8803085234375001 0.9945214921875 0.8888695156249999 0.99583631875 0.869362059375 0.9520468984375 0.85834995625
3 0.9065199765624999 0.847546490625 0.9038183390625001 0.8710255171875 0.9510049515624999 0.8803085234375001 0.9519192625 0.8607222734375 0.9065199765624999 0.847546490625
3 0.8580539390625 0.8337462359375 0.8572463812500001 0.860679471875 0.9043607640625 0.8691272796874999 0.9063406265625 0.84681793125 0.8580539390625 0.8337462359375
3 0.79748348125 0.8185489718750001 0.794811565625 0.8451154640625 0.8423534437500001 0.8544683624999999 0.8430172875 0.8302567968749999 0.79748348125 0.8185489718750001
3 0.740153575 0.8072704796875 0.7389185265625 0.8332986234374999 0.78354804375 0.8445414843749999 0.7848419484375 0.8167602046875 0.740153575 0.8072704796875
3 0.6840645765625 0.7896683390625 0.681781559375 0.8179532296875 0.725440303125 0.8298260687499999 0.7267630671875 0.8012308109375 0.6840645765625 0.7896683390625
0 0.589641153125 0.80988965625 0.5843490265625 0.8987896984375 0.6706093265625 0.925128528125 0.67540689375 0.8369339281249999 0.589641153125 0.80988965625
3 0.6334144125 0.7764201125 0.6316360484375 0.8039832609375 0.6740509015625 0.8123275187500001 0.6744631390625 0.7878641984375 0.6334144125 0.7764201125
3 0.5882801796875 0.76589885625 0.5870451250000001 0.7919270625 0.62938275625 0.80189801875 0.630903978125 0.7762171546875 0.5882801796875 0.76589885625
3 0.5367363968750001 0.7516538046875 0.5358516515625 0.7802137765625 0.58009226875 0.7897382078125 0.580303975 0.764210853125 0.5367363968750001 0.7516538046875
3 0.491447775 0.7443862046875 0.49036711093749996 0.7671607578125 0.530297096875 0.778300071875 0.5320348421875 0.75266310625 0.491447775 0.7443862046875
3 0.44235030468750003 0.7281594421875 0.43971694843750003 0.7539125 0.4820545421875 0.763883478125 0.48418324375 0.73885219375 0.44235030468750003 0.7281594421875
3 0.39305978124999996 0.7159996234375 0.3922522625 0.7429328374999999 0.43136578593749997 0.7514485875 0.43267944375 0.726961621875 0.39305978124999996 0.7159996234375
0 0.31060719375 0.739068384375 0.3053590703125 0.8270402109375 0.40713279375000005 0.8545571390625 0.41339499999999996 0.77133958125 0.31060719375 0.739068384375
3 0.35225929218749996 0.7097762296875 0.3507623171875 0.73348828125 0.3909139421875 0.7413872968749999 0.39277812968750003 0.720252975 0.35225929218749996 0.7097762296875
3 0.3119598703125 0.720664084375 0.3515295890625 0.7329904593750001 0.3534393203125 0.706838440625 0.3133652828125 0.6988804921875 0.3119598703125 0.720664084375
2 0.9175194859375001 1 0.9177208703125 0.9923120437499999 0.3658202640625 0.8426822125 0.3641431609375 0.8667114015624999 0.8713379781249999 1 0.9175194859375001 1
1 0.30637726718749997 0.8272022671875 0.3065659390625 0.8464513109375 0.36552715468749997 0.8657354203125 0.36477715312500003 0.8451903203125 0.30637726718749997 0.8272022671875