3 0.6604243000000001 0.0835419140625 0.00882973125 0.1895778546875 0.0101950609375 0.21889204687500002 0.6661590265624999 0.10899987656250001 0.6604243000000001 0.0835419140625
3 0.7030565609375 0.2611841390625 0.0483167734375 0.4356480734375 0.054001184375 0.458517771875 0.7116669671875 0.28756486875 0.7030565609375 0.2611841390625
3 0.1832861203125 0.84739494375 0.19612787812500002 0.8812469765625 0.7898442703125 0.6047506515625 0.783736003125 0.581236953125 0.1832861203125 0.84739494375
0 0.1050695703125 0.37334812031250003 0.06465033125 0.2492289390625 0.012191859375 0.26176409375 0.016786559375 0.36041415625 0.0285147875 0.396540803125 0.1050695703125 0.37334812031250003
2 0.054521795312499996 0.213386640625 0.0102775078125 0.220662228125 0.012182670312500001 0.261566815625 0.06345099374999999 0.25090685156250003 0.054521795312499996 0.213386640625
0 0.421298803125 0.174329596875 0.362660728125 0.188214828125 0.39541612656249997 0.307603696875 0.44957719375 0.2894816671875 0.421298803125 0.174329596875
2 0.41291325 0.148344259375 0.355476803125 0.1605604 0.362490340625 0.193445775 0.42194958906249996 0.1799821609375 0.41291325 0.148344259375
0 0.6781729796875 0.1308096828125 0.6346361578125 0.141270815625 0.6557006171875 0.2457373046875 0.7016732109375 0.23386303437499997 0.6781729796875 0.1308096828125
2 0.670093121875 0.1091487359375 0.6254540000000001 0.1177289953125 0.6313603546875 0.1457450109375 0.677332946875 0.1338707390625 0.670093121875 0.1091487359375
1 0.10284718749999999 0.6203797421874999 0.1141564890625 0.6538267328125 0.7473684875 0.42550355 0.7409009171875 0.4006067125 0.10284718749999999 0.6203797421874999
0 0.1401920609375 0.47078252656249997 0.0667253140625 0.4931338171875 0.105295134375 0.613420315625 0.17721674062499998 0.5912767453125001 0.1401920609375 0.47078252656249997
2 0.140727834375 0.44137078125 0.057610575 0.46591659218750003 0.069401959375 0.49413444375 0.147501103125 0.4705920078125 0.140727834375 0.44137078125
0 0.481465825 0.3744676140625 0.42522882968750003 0.3936556234375 0.45182935625000004 0.5027336515624999 0.5064568687500001 0.4801124453125 0.481465825 0.3744676140625
2 0.4765962328125 0.346279828125 0.4176633296875 0.360597390625 0.425760384375 0.39293934531249997 0.48450106562500006 0.37670938593750003 0.4765962328125 0.346279828125
0 0.717613515625 0.3078150140625 0.67457380625 0.3225548078125 0.6941167312500001 0.41565199374999995 0.7382392546875 0.39980303125 0.717613515625 0.3078150140625
2 0.6693206984375 0.294463178125 0.6762741609375 0.3186401640625 0.715709825 0.3067815203125 0.7088829343749999 0.2805014890625 0.6693206984375 0.294463178125
1 0.8112407156250001 0.7185902171875 0.2982511765625 0.997071490625 0.3533809265625 0.9964299984375 0.8131286859375001 0.7415950359375 0.8112407156250001 0.7185902171875
0 0.276075784375 0.8837055625 0.20896919687499999 0.9147822031249999 0.2355915765625 0.9978006015625001 0.2912223203125 0.9971532796875 0.31110535625 0.987077271875 0.276075784375 0.8837055625
2 0.1974746453125 0.8862737781250001 0.2059507296875 0.912764940625 0.27566284375 0.885263565625 0.2628190890625 0.8515587953124999 0.1974746453125 0.8862737781250001
0 0.525691859375 0.7607121890624999 0.5492574718750001 0.8526027828125 0.5980667515625 0.8327635796875 0.5733814640625 0.731443121875 0.525691859375 0.7607121890624999
2 0.514264725 0.7285283609375 0.524465059375 0.757164690625 0.574818696875 0.7369757359375 0.5657823734375 0.7053378890625 0.514264725 0.7285283609375
0 0.7548091218749999 0.63928953125 0.778234721875 0.736315565625 0.815568153125 0.7132167828125 0.7921593359375 0.6262524468749999 0.7548091218749999 0.63928953125
2 0.745941125 0.624826925 0.7522036062499999 0.64555145625 0.7928244578125 0.6319599484375 0.7852789437500001 0.602913584375 0.745941125 0.624826925
1 0.7017124265625 0.23086686093750003 0.029098692187500004 0.3955097359375 0.0389740765625 0.4336563390625 0.70818001875 0.255763778125 0.7017124265625 0.23086686093750003