2 0.5025073359375 0.136924896875 0.0312798875 0.1046296328125 0.0281506890625 0.128833909375 0.7017597546875 0.16606978125 0.7028919390625 0.143929503125 0.5025073359375 0.136924896875
0 0.027033746874999997 0.1448717984375 0.029282809375000003 0.2305176859375 0.14872105 0.23353683906249997 0.14872105 0.14296312656250001 0.027033746874999997 0.1448717984375
3 0.0312798875 0.0895388203125 0.0304073890625 0.10719765 0.0864471453125 0.1122295203125 0.0875792875 0.093108453125 0.0312798875 0.0895388203125
3 0.0915416765625 0.091095678125 0.0915416765625 0.110216784375 0.1430529515625 0.11726139218750001 0.143619 0.09411479375000001 0.0915416765625 0.091095678125
3 0.151587196875 0.09205395625 0.1504117234375 0.11826780781249999 0.20645147968750002 0.12128690312499998 0.208149628125 0.10015304218750001 0.151587196875 0.09205395625
3 0.22518696249999998 0.09834179374999999 0.22456532031249998 0.120280525 0.27607659375 0.12430601875 0.27664264375 0.10317219531249999 0.22518696249999998 0.09834179374999999
3 0.29312520625 0.10337206562500001 0.2924922859375 0.123299678125 0.3406072203125 0.125312396875 0.340041171875 0.10619129062499999 0.29312520625 0.10337206562500001
0 0.3338176671875 0.14923372343750002 0.33656842343750004 0.2368159140625 0.4207562796875 0.23966404218749998 0.4207562796875 0.14710106875 0.3338176671875 0.14923372343750002
3 0.35540193124999997 0.1058872 0.3541926234375 0.125312396875 0.40740204531249996 0.1303442671875 0.40740204531249996 0.10921040625 0.35540193124999997 0.1058872
3 0.41909403593750005 0.110917471875 0.4181572 0.1303442671875 0.46853633281249996 0.134369759375 0.46797032656250004 0.11524865468750001 0.41909403593750005 0.110917471875
3 0.4842015203125 0.1121750390625 0.4828571515625 0.13638249687499998 0.5309720859375 0.13940163125 0.5315381359375 0.11826780781249999 0.4842015203125 0.1121750390625
3 0.548601315625 0.11972044531249999 0.5490859703125001 0.13638249687499998 0.5960688046875 0.14242074531249999 0.5972009046875 0.123299678125 0.548601315625 0.11972044531249999
0 0.5980858078125 0.1588502171875 0.5987534203125 0.2439361625 0.705391275 0.23966404218749998 0.70138231875 0.15564535625 0.5980858078125 0.1588502171875
3 0.605924209375 0.12223557968750001 0.605691775 0.14242074531249999 0.65210851875 0.1434271625 0.6532406171875 0.123299678125 0.605924209375 0.12223557968750001
3 0.6540471328125 0.11972044531249999 0.6532406171875 0.14242074531249999 0.7013555515625 0.1484590328125 0.7013555515625 0.12430601875 0.6540471328125 0.11972044531249999
2 0.7038395000000001 0.29133343749999996 0.0320319609375 0.27815655625 0.031780178125 0.304678521875 0.21693429218750002 0.30289913749999997 0.702338234375 0.3135752453125 0.7038395000000001 0.29133343749999996
1 0.0326952671875 0.2329015375 0.0326791484375 0.25467068125000003 0.10060611562499999 0.2536643234375 0.10060611562499999 0.2345431984375 0.0326952671875 0.2329015375
1 0.099925821875 0.2329015375 0.101172165625 0.25165156718750004 0.6462861328125 0.2677536140625 0.64402185 0.24360058125 0.099925821875 0.2329015375
1 0.6469702328125 0.24421964687500003 0.645720040625 0.268759896875 0.7051561375000001 0.268759896875 0.706854328125 0.240581428125 0.6469702328125 0.24421964687500003
0 0.0307807109375 0.3059499765625 0.031780178125 0.3945354 0.152380559375 0.3927560484375 0.15188015 0.3002301609375 0.0307807109375 0.3059499765625
3 0.029864507812500003 0.2555377546875 0.0309809796875 0.2798300359375 0.07739774375 0.2798300359375 0.07796379375 0.2536643234375 0.029864507812500003 0.2555377546875
3 0.0786951203125 0.2530226203125 0.0785298421875 0.27882363906249996 0.125512678125 0.2798300359375 0.1249466296875 0.25869619374999997 0.0786951203125 0.2530226203125
3 0.124190925 0.2561850625 0.12510844999999998 0.279829840625 0.171003021875 0.279829840625 0.1713429765625 0.257466953125 0.124190925 0.2561850625
3 0.1765696265625 0.2584196296875 0.176004328125 0.28133034375 0.22007952031250003 0.2824659953125 0.22103768750000002 0.25634608281250004 0.1765696265625 0.2584196296875
3 0.23127347031249998 0.2584196296875 0.23125801250000003 0.280739946875 0.2759719796875 0.2824434359375 0.2753332171875 0.2597304796875 0.23127347031249998 0.2584196296875
3 0.2867759109375 0.2598387375 0.28555354374999997 0.2813077625 0.330267509375 0.283011240625 0.33154505625 0.2625696 0.2867759109375 0.2598387375
0 0.3454698109375 0.303726503125 0.34554131093749996 0.39720441093750003 0.43011170312499997 0.398094103125 0.429110846875 0.3055681640625 0.3454698109375 0.303726503125
3 0.34227835156249997 0.26196739999999996 0.34208478750000004 0.28471470781249997 0.3855212078125 0.28528255625 0.38615996875 0.2637052296875 0.34227835156249997 0.26196739999999996
3 0.385801846875 0.26125784687500003 0.3858405875 0.2835790671875 0.42768007968750005 0.2864181859375 0.4289576515625 0.2631374046875 0.385801846875 0.26125784687500003
3 0.4377106046875 0.2648056171875 0.43617919687500006 0.2847165140625 0.47674114375 0.2875556328125 0.47737992812499996 0.2659783296875 0.4377106046875 0.2648056171875
3 0.490018659375 0.265515171875 0.4882390390625 0.2864199921875 0.5297591515625 0.2898269375 0.529439746875 0.2671139703125 0.490018659375 0.265515171875
3 0.5375351375 0.267643834375 0.53806316875 0.28869128437499997 0.5786251140625 0.2898269375 0.578305734375 0.269385275 0.5375351375 0.267643834375
3 0.586249509375 0.26835338750000004 0.5856516093749999 0.290394753125 0.6268523171875 0.293233871875 0.6268523171875 0.27165656718750003 0.586249509375 0.26835338750000004
0 0.6013502125 0.3092851875 0.6002533046874999 0.39631475156249996 0.704339946875 0.3945354 0.704339946875 0.3135752453125 0.6013502125 0.3092851875
3 0.62697791875 0.27048205 0.6265329359375 0.2898269375 0.6661367640625 0.2909625890625 0.6661367640625 0.269953090625 0.62697791875 0.27048205
3 0.704463021875 0.290394753125 0.7048410546875 0.269772496875 0.6654979546875001 0.269953090625 0.665817359375 0.2909625890625 0.704463021875 0.290394753125
2 0.0304938375 0.4408667609375 0.028266875000000004 0.463866721875 0.7120445765625 0.45965665468749994 0.7096765515625 0.4354486421875 0.0304938375 0.4408667609375
1 0.033283209375 0.39266545 0.0332814234375 0.41499785781250004 0.1043405671875 0.416777209375 0.1058418125 0.3927560484375 0.033283209375 0.39266545
1 0.1058556453125 0.3904419765625 0.104840975 0.41766686875000003 0.644790340625 0.41499785781250004 0.644790340625 0.39364574218750004 0.1058556453125 0.3904419765625
1 0.6451439234375 0.39155371250000004 0.644790340625 0.41321850624999995 0.7003366 0.416777209375 0.7003366 0.39631475156249996 0.6451439234375 0.39155371250000004
0 0.0282734125 0.46191052031249996 0.0247147921875 0.5585937999999999 0.15259009375000002 0.556488746875 0.15318210000000002 0.4628142140625 0.0282734125 0.46191052031249996
3 0.032657584375 0.4149001859375 0.031780178125 0.4381293609375 0.0803205796875 0.436350009375 0.0803205796875 0.41766686875000003 0.032657584375 0.4149001859375
3 0.0845844140625 0.4149001859375 0.0843239078125 0.4372396671875 0.12335638906249999 0.4372396671875 0.12335638906249999 0.41766686875000003 0.0845844140625 0.4149001859375
3 0.12399875468749999 0.4149001859375 0.12435722499999999 0.435460315625 0.16789346249999998 0.435460315625 0.16889427968749998 0.41766686875000003 0.12399875468749999 0.4149001859375
3 0.18093057968749998 0.4149001859375 0.17940305625 0.43457065781250004 0.22343968281249998 0.436350009375 0.2254413578125 0.416777209375 0.18093057968749998 0.4149001859375
3 0.23661115625 0.4149001859375 0.23544968593750001 0.43368099843749996 0.280987578125 0.4381293609375 0.2824888421875 0.41588755156249996 0.23661115625 0.4149001859375
3 0.29299758124999997 0.41499785781250004 0.29349799062500004 0.4381293609375 0.3400367375 0.4381293609375 0.3410375546875 0.41766686875000003 0.29299758124999997 0.41499785781250004
0 0.347274625 0.46059528437499997 0.3467711390625 0.54912108125 0.4320213546875 0.5449109734375 0.4320213546875 0.4575516015625 0.347274625 0.46059528437499997
3 0.347042575 0.41766686875000003 0.347042575 0.436350009375 0.3920800578125 0.4372396671875 0.3925804671875 0.41588755156249996 0.347042575 0.41766686875000003
3 0.3930172703125 0.4149001859375 0.391079203125 0.4381293609375 0.433614603125 0.4381293609375 0.433614603125 0.41588755156249996 0.3930172703125 0.4149001859375
3 0.44306722499999995 0.41378845000000003 0.44312252343749997 0.4372396671875 0.48365625 0.4372396671875 0.48215498593749995 0.4141082 0.44306722499999995 0.41378845000000003
3 0.4918659328125 0.4149001859375 0.4916629453125 0.43457065781250004 0.5336978984375 0.436350009375 0.5331975265625 0.41499785781250004 0.4918659328125 0.4149001859375
3 0.5390475718750001 0.4162845953125 0.5389724890625 0.4353534078125 0.5812349890624999 0.4361443125 0.5812349890624999 0.4171623578125 0.5390475718750001 0.4162845953125
3 0.5885474015625001 0.4162845953125 0.5883529109375 0.4353534078125 0.631505134375 0.438517053125 0.6306154109375 0.41558052187500005 0.5885474015625001 0.4162845953125
0 0.609284903125 0.46059528437499997 0.6072578828124999 0.5396483609375 0.7102685125 0.5396483609375 0.7096765515625 0.4543940421875 0.609284903125 0.46059528437499997
3 0.63081691875 0.4162845953125 0.6306154109375 0.4361443125 0.66931895 0.4361443125 0.668429228125 0.4171623578125 0.63081691875 0.4162845953125
3 0.6686370125 0.414307934375 0.6675395046875 0.4353534078125 0.7057981484375 0.4353534078125 0.7057981484375 0.41320778125 0.6686370125 0.414307934375
2 0.7117495203125 0.57981088125 0.026828501562500003 0.604260984375 0.0273453484375 0.631667440625 0.526845803125 0.6057391609375 0.7122704078125001 0.60666515625 0.7117495203125 0.57981088125
1 0.0282734125 0.5566074375000001 0.027674868749999998 0.5828018140625 0.10463686093749999 0.5806967609375 0.10345282656250002 0.556488746875 0.0282734125 0.5566074375000001
1 0.1052481828125 0.5552922015624999 0.10404483281250002 0.576486653125 0.64929100625 0.562803946875 0.6486989546874999 0.5375433468749999 0.1052481828125 0.5552922015624999
0 0.60929645 0.608333459375 0.6097163078125 0.6905477609374999 0.713865646875 0.686825834375 0.713865646875 0.6021531 0.60929645 0.608333459375
3 0.6633500296875 0.5608555296875 0.6640194328125 0.5859788703125 0.7125537359375 0.5813326203125 0.712180428125 0.561420146875 0.6633500296875 0.5608555296875
1 0.6492525734375 0.5395093828124999 0.64929100625 0.5596463078125 0.7114526156250001 0.5596463078125 0.7114526156250001 0.5385958546875 0.6492525734375 0.5395093828124999
0 0.028115696875000002 0.6293606796875 0.028394996875000002 0.7215875640625 0.153202146875 0.712167725 0.1537908515625 0.6232023484375 0.028115696875000002 0.6293606796875
3 0.0282734125 0.5842273703124999 0.028266875000000004 0.6017053781249999 0.08214028281249999 0.6017053781249999 0.08214028281249999 0.5806549249999999 0.0282734125 0.5842273703124999
3 0.0852643484375 0.577651196875 0.08628437343749999 0.60065283125 0.139565775 0.60065283125 0.14015778125 0.5785498718750001 0.0852643484375 0.577651196875
3 0.15261727187500002 0.5750207265625 0.15318210000000002 0.599600325 0.20705553124999998 0.6017053781249999 0.20705553124999998 0.5774973640625001 0.15261727187500002 0.5750207265625
3 0.22356596718750002 0.5729444531250001 0.22412710156250001 0.5996541453125 0.2741901015625 0.598822334375 0.27512584375000004 0.57137211875 0.22356596718750002 0.5729444531250001
3 0.29083464062500003 0.571905003125 0.2900979359375 0.5963268375 0.3448397203125 0.5971586796875 0.3457754625 0.57137211875 0.29083464062500003 0.571905003125
0 0.347571165625 0.6164724781250001 0.3475110765625 0.6998524546875 0.4343894375 0.6979914375 0.432296015625 0.6058749921875 0.347571165625 0.6164724781250001
3 0.36512265625 0.5687866546875 0.366362115625 0.5921677171875 0.41595720937499997 0.5888404406250001 0.41595720937499997 0.5655493765624999 0.36512265625 0.5687866546875
3 0.43184030625 0.5691497546875001 0.4314281359375 0.5853151046875 0.48145580781249997 0.584651365625 0.48220247812499994 0.56473889375 0.43184030625 0.5691497546875001
3 0.49251825781249997 0.563343796875 0.49153599843749995 0.5859788703125 0.53932363125 0.5833238625 0.5389502671875 0.563411390625 0.49251825781249997 0.563343796875
3 0.5564973296875 0.5600926453125 0.5568706359375 0.584651365625 0.60428490625 0.5826601234375001 0.602791565625 0.561420146875 0.5564973296875 0.5600926453125
3 0.6166746828125 0.561684953125 0.6151118234374999 0.5833238625 0.6628994546875 0.5813326203125 0.6625260921875 0.5640751546875 0.6166746828125 0.561684953125
2 0.0266851953125 0.76461329375 0.027212068750000002 0.7911767625 0.7169300796875 0.7515298015625 0.7158681734375001 0.7307623249999999 0.0266851953125 0.76461329375
1 0.02826631875 0.7187915609375 0.029305967187499997 0.7417235765625 0.10100679531250001 0.739862559375 0.10100679531250001 0.7147398796875 0.02826631875 0.7187915609375
1 0.1015493984375 0.7153034109374999 0.10048341875 0.738932103125 0.65106200625 0.70729613125 0.65106200625 0.689617234375 0.1015493984375 0.7153034109374999
1 0.6531354359375 0.6885609234375 0.6521087171875 0.70729613125 0.7143890421875 0.7063656765624999 0.7149123578125 0.68868674375 0.6531354359375 0.6885609234375
0 0.0266851953125 0.7929235671875 0.027743021875000003 0.8817984750000001 0.1514568734375 0.8789665546875 0.1519878265625 0.7845689609375001 0.0266851953125 0.7929235671875
3 0.031537884375000005 0.743208615625 0.031922785937499996 0.7631242921875 0.0753619671875 0.7631242921875 0.0753619671875 0.7407930484375 0.031537884375000005 0.743208615625
3 0.0753768703125 0.743208615625 0.0753619671875 0.7631242921875 0.12246469687499999 0.7631242921875 0.12089463125 0.738932103125 0.0753768703125 0.743208615625
3 0.1211061953125 0.73823358125 0.1220173234375 0.761104171875 0.169009425 0.7619313734375 0.16947468593749998 0.73463428125 0.1211061953125 0.73823358125
3 0.1845095390625 0.734098978125 0.1840298703125 0.7586253187499999 0.2314872328125 0.7586253187499999 0.23009145000000003 0.7313281953125 0.1845095390625 0.734098978125
3 0.24267774531250003 0.732031675 0.24265368125000003 0.7602796296875 0.28731944062500003 0.757798084375 0.28731944062500003 0.7313281953125 0.24267774531250003 0.732031675
3 0.3008459515625 0.727897071875 0.30081223125 0.7569708828125 0.34454746875 0.753662165625 0.34361694531250003 0.7247107296874999 0.3008459515625 0.727897071875
0 0.349961221875 0.7740500515625001 0.3505671578125 0.8638629171875 0.4371137765625 0.8544231578125 0.43605183125 0.7638014828124999 0.349961221875 0.7740500515625001
3 0.35319733750000004 0.7247961187499999 0.3524570171875 0.749526246875 0.3947964703125 0.749526246875 0.3943311734375 0.7214020453125001 0.35319733750000004 0.7247961187499999
3 0.3968234921875 0.721695165625 0.3971228109375 0.7478718718749999 0.439462228125 0.7462175609374999 0.439462228125 0.7197476078125 0.3968234921875 0.721695165625
3 0.44742983125 0.7196278625 0.44644125468749996 0.7453903265624999 0.49064175312499997 0.7445631234375 0.4911070140625 0.7156116890625001 0.44742983125 0.7196278625
3 0.4957094421875 0.7175605609375 0.496224959375 0.7437359531250001 0.5362380703125 0.7404272046875 0.5362380703125 0.7172661265625 0.4957094421875 0.7175605609375
3 0.543682321875 0.71313020625 0.5446129156249999 0.73877283125 0.5869522968750001 0.7371184875 0.585556478125 0.7106485984375001 0.543682321875 0.71313020625
3 0.5951770749999999 0.7113586546875 0.5953271421874999 0.7362912859375 0.6344096593749999 0.7354641140625 0.63487495625 0.7081670531250001 0.5951770749999999 0.7113586546875
0 0.6121666234375 0.759894915625 0.6144546375 0.8449833984374999 0.7163991671875001 0.8374316703125 0.7153371796875 0.74775395625 0.6121666234375 0.759894915625
3 0.63495390625 0.7125084140625 0.635805775 0.7341721578125 0.675886021875 0.7341721578125 0.675518290625 0.7099839671875 0.63495390625 0.7125084140625
3 0.7144954 0.7067152890624999 0.6744891203125001 0.7067900484375 0.675150559375 0.7335184828125 0.714863075 0.7289422796875 0.7144954 0.7067152890624999
1 0.0333233078125 0.8849319546875 0.031990704687499996 0.9082298296875001 0.0994227234375 0.9044539125 0.0994227234375 0.8817984750000001 0.0333233078125 0.8849319546875
2 0.1030234765625 0.8825727656250001 0.1026084796875 0.9025659171875 0.656400584375 0.8657509484375 0.6558695921875 0.8412075171875 0.1030234765625 0.8825727656250001
1 0.6567835171875 0.8439413640625 0.6550776296875 0.86449325 0.7142946593749999 0.8567504156249999 0.7153845765625 0.837393128125 0.6567835171875 0.8439413640625