2 0.06276912968750001 0.089666959375 0.0631541140625 0.11686599843750001 0.786190284375 0.24442899218749997 0.7841454140625 0.218046996875 0.06276912968750001 0.089666959375
0 0.061939946875 0.1137561421875 0.0614864515625 0.213453921875 0.190052296875 0.23585534843749997 0.19064350000000002 0.135264990625 0.061939946875 0.1137561421875
3 0.06610173593749999 0.06576656875 0.06605708437499999 0.09250585781250001 0.1187907796875 0.1013814609375 0.1179875421875 0.07908748437499999 0.06610173593749999 0.06576656875
3 0.11917263125 0.0783805796875 0.11878595 0.1022029640625 0.1752492171875 0.11235393906249999 0.17632281562500002 0.08864387968750001 0.11917263125 0.0783805796875
3 0.18627393125 0.08859073437500001 0.1864668609375 0.111251075 0.24991276562500003 0.12553909375 0.2505485453125 0.0968432890625 0.18627393125 0.08859073437500001
3 0.2702874 0.10291098437499999 0.27045188750000004 0.128035446875 0.3269199625 0.137364946875 0.3270696375 0.111898378125 0.2702874 0.10291098437499999
3 0.3443797671875 0.1160254078125 0.344559984375 0.1417725875 0.401951984375 0.15285853124999998 0.40256844999999997 0.1274487453125 0.3443797671875 0.1160254078125
0 0.393700396875 0.1734307515625 0.3927739046875 0.2740451265625 0.48289067656249995 0.287901759375 0.4834591421875 0.19118022031249998 0.393700396875 0.1734307515625
3 0.41671531406250006 0.1299535890625 0.417818296875 0.15560906875 0.4700562125 0.169356896875 0.471134678125 0.1448253390625 0.41671531406250006 0.1299535890625
3 0.49254036250000005 0.14636045625 0.492462534375 0.17208019375 0.547048925 0.1836472640625 0.548127390625 0.1591157046875 0.49254036250000005 0.14636045625
3 0.5567055859375001 0.159295603125 0.5563993734375 0.18231744218749998 0.6109906265625 0.1930629796875 0.61020185625 0.168304471875 0.5567055859375001 0.159295603125
3 0.6208889140625 0.16915110312499998 0.6193978 0.1932627078125 0.67306995625 0.201430265625 0.6741290734375001 0.18018471875 0.6208889140625 0.16915110312499998
0 0.6718804781250001 0.2241741296875 0.670862403125 0.3168002203125 0.7818752375 0.33126076875 0.7835144546875 0.23950892031249998 0.6718804781250001 0.2241741296875
3 0.68448864375 0.1789356703125 0.6824059171875 0.2025649703125 0.7360732125 0.21155404375 0.736198746875 0.19019504375000001 0.68448864375 0.1789356703125
3 0.7381612359374999 0.1885409640625 0.737483278125 0.21008124375 0.7850628687500001 0.22161875625 0.7847215765625 0.2002030171875 0.7381612359374999 0.1885409640625
2 0.0617891265625 0.262780853125 0.06165580625 0.2854647390625 0.782034996875 0.40869225781249996 0.785288053125 0.3777398609375 0.0617891265625 0.262780853125
1 0.060670346875 0.2127806828125 0.059723971875000004 0.232597834375 0.1377212109375 0.249821009375 0.1378462734375 0.22854226249999998 0.060670346875 0.2127806828125
1 0.1389724671875 0.22713562656250003 0.1388260921875 0.24898736875 0.71574915 0.3452409015625 0.71534740625 0.32002652187499997 0.1389724671875 0.22713562656250003
1 0.71600275625 0.3214586765625 0.7163481578125 0.3445904609375 0.7817160671875001 0.35834282968750003 0.7813086375 0.3340956515625 0.71600275625 0.3214586765625
0 0.06106119375 0.2839728703125 0.0622802484375 0.3882315828125 0.1911506421875 0.40821851875000004 0.192968625 0.3079104765625 0.06106119375 0.2839728703125
3 0.060608834375 0.2342045046875 0.06109523125000001 0.2666081046875 0.11236599375 0.2738106421875 0.113082728125 0.24573841875000002 0.060608834375 0.2342045046875
3 0.11158243906250001 0.2464668 0.1118317515625 0.270832665625 0.163286765625 0.279616946875 0.1637322421875 0.2559477015625 0.11158243906250001 0.2464668
3 0.1637582125 0.25444130625 0.162677640625 0.27900374375000003 0.209196665625 0.287353571875 0.2093391609375 0.2631083328125 0.1637582125 0.25444130625
3 0.21808915468749998 0.26441349375 0.21685675781249997 0.28720625 0.2667466234375 0.2954266046875 0.26627680625 0.2711069546875 0.21808915468749998 0.26441349375
3 0.2779041984375 0.2735985140625 0.2771430546875 0.2988468828125 0.3261113140625 0.3074943953125 0.326256978125 0.2827103703125 0.2779041984375 0.2735985140625
3 0.3367184046875 0.28287433906250004 0.3359521734375 0.30707295625 0.38459844374999996 0.3183771734375 0.3853564 0.293667578125 0.3367184046875 0.28287433906250004
0 0.3946712921875 0.3427206625 0.394423371875 0.43959296875 0.4842069359375 0.4531707890625 0.48576905625 0.35918305781250004 0.3946712921875 0.3427206625
3 0.39448619687500003 0.2946117390625 0.393180140625 0.31780270625 0.43999583593749997 0.3278060921875 0.4407442921875 0.30471284062500004 0.39448619687500003 0.2946117390625
3 0.44154485781249997 0.3037000421875 0.44060179374999997 0.32895808125000003 0.4858994015625 0.33662030781249996 0.48727600625 0.3109075421875 0.44154485781249997 0.3037000421875
3 0.49932451875000006 0.31341764843750003 0.49839716718749993 0.3365217828125 0.5427668156250001 0.345688703125 0.542925146875 0.3187495484375 0.49932451875000006 0.31341764843750003
3 0.5502304796875 0.31960483125 0.5485868453125 0.3458569078125 0.5944999125 0.3530547578125 0.5958733484375001 0.3278807890625 0.5502304796875 0.31960483125
3 0.602253040625 0.33131769218749996 0.6012288781249999 0.3549509359375 0.64684213125 0.3610340046875 0.6469941296874999 0.3351724203125 0.602253040625 0.33131769218749996
3 0.655463425 0.33643746874999997 0.65449589375 0.36196425468750004 0.6976504578125 0.3693660015625 0.6984179125 0.3430400421875 0.655463425 0.33643746874999997
0 0.6688934859375 0.39273210468749997 0.6677419828125 0.47752612499999997 0.7840540984375 0.4936713109375 0.7839969671875 0.4062973625 0.6688934859375 0.39273210468749997
3 0.6979369828124999 0.3436210015625 0.6976141046875 0.3677440953125 0.741087459375 0.3730279078125 0.7415456015624999 0.34720351250000003 0.6979369828124999 0.3436210015625
3 0.74119186875 0.348204515625 0.7410842921875 0.37356667187500003 0.7851636265625 0.380002478125 0.7853092921875 0.355218453125 0.74119186875 0.348204515625
2 0.06387202656249999 0.433150959375 0.0635536828125 0.462416875 0.780537778125 0.5633186515624999 0.7790310640625 0.5346357171875 0.06387202656249999 0.433150959375
0 0.0644326375 0.45655206562500006 0.0664837234375 0.557817225 0.19259786875 0.57314531875 0.1937215296875 0.476972109375 0.0644326375 0.45655206562500006
3 0.06409164687499999 0.40931853125 0.06448729843749999 0.43180145937500003 0.1259146203125 0.44299912968750005 0.1265758484375 0.420689246875 0.06409164687499999 0.40931853125
1 0.063903571875 0.38977554531249997 0.0618413078125 0.40978084375 0.1391683921875 0.42144939531250003 0.1393017171875 0.398764628125 0.063903571875 0.38977554531249997
1 0.141265159375 0.3977598234375 0.141088565625 0.4239528375 0.7133143390625001 0.5093926734374999 0.7134609984375 0.4844394203125 0.141265159375 0.3977598234375
0 0.66500088125 0.5479667515625 0.6641192203124999 0.63242025 0.776817684375 0.65004875625 0.7779182140625001 0.5578037421875 0.66500088125 0.5479667515625
3 0.72339520625 0.5088834640625 0.72157718125 0.5303187296874999 0.772697484375 0.5372409140625 0.773635821875 0.51466861875 0.72339520625 0.5088834640625
1 0.713257 0.48430084375 0.7126897953125 0.5059116296874999 0.7816517453125 0.5142933625 0.7805026515625 0.490317653125 0.713257 0.48430084375
3 0.12764984375 0.42054084999999997 0.1277554765625 0.444385690625 0.182842453125 0.45201397187500003 0.182449665625 0.4286430515625 0.12764984375 0.42054084999999997
3 0.193201725 0.43083969531250005 0.19236669687500002 0.45503744218750003 0.2485021484375 0.46465898125000005 0.2475961125 0.438426921875 0.193201725 0.43083969531250005
3 0.2653763921875 0.44194348437500003 0.265481084375 0.46205798906249995 0.321070371875 0.4744119390625 0.320142378125 0.4519089375 0.2653763921875 0.44194348437500003
3 0.332915109375 0.45248381249999997 0.3337894953125 0.475024928125 0.387806 0.48438894374999997 0.3895212421875 0.46314010000000005 0.332915109375 0.45248381249999997
0 0.39295354374999997 0.508761475 0.39347032656250003 0.6005079171875 0.4816155015625 0.615152253125 0.48272184687499997 0.521925153125 0.39295354374999997 0.508761475
3 0.408394321875 0.465155028125 0.40847662500000004 0.48503542031249997 0.4593092484375 0.4949454125 0.46154325937499996 0.47562546250000004 0.408394321875 0.465155028125
3 0.4845632 0.47324691406249997 0.48419585156249995 0.49983604687499994 0.53505583125 0.5050846734375 0.5357280578125 0.480910284375 0.4845632 0.47324691406249997
3 0.5494528046875 0.48346526562500003 0.548812534375 0.509555475 0.5959534265624999 0.516217978125 0.596095884375 0.49197918124999995 0.5494528046875 0.48346526562500003
3 0.60964934375 0.49594453125 0.6084550453124999 0.517278653125 0.6595795140625 0.52349239375 0.6593143984375 0.5000649046875 0.60964934375 0.49594453125
3 0.6675262281250001 0.5029789703125 0.66683384375 0.5229561953124999 0.7191576625 0.5307336078125 0.718477478125 0.509382496875 0.6675262281250001 0.5029789703125
2 0.06690575 0.5962491875 0.065075753125 0.6216602796874999 0.7771052578125001 0.718060421875 0.7772384375 0.6954007828125001 0.06690575 0.5962491875
0 0.065569309375 0.6344491750000001 0.0677803375 0.7333963375 0.189826278125 0.7472440828125 0.189303025 0.6456322078125 0.065569309375 0.6344491750000001
3 0.068580509375 0.5823174078125 0.06734002812499999 0.6021452203125001 0.12871146875 0.6115699078125 0.12828043281249998 0.5898969375 0.068580509375 0.5823174078125
1 0.0624603375 0.55455643125 0.06301433906250001 0.578033375 0.138324915625 0.5911177578125 0.1390330234375 0.565652234375 0.0624603375 0.55455643125
1 0.1384969484375 0.56502608125 0.140010534375 0.5893571171875001 0.715296175 0.6661574375 0.7143474359375 0.6375422640624999 0.1384969484375 0.56502608125
0 0.66610904375 0.7012796812500001 0.6646322828125 0.7911499890625 0.7771786359374999 0.800885434375 0.7776881859375 0.714187634375 0.66610904375 0.7012796812500001
3 0.7261461515625001 0.664347634375 0.7247402125 0.6896872625 0.777853996875 0.7006858406250001 0.77750888125 0.6715684000000001 0.7261461515625001 0.664347634375
1 0.71403635 0.6386621156250001 0.7147612 0.6621613859375 0.776690703125 0.6716539015625 0.7773929749999999 0.6471704234375 0.71403635 0.6386621156250001
3 0.13208827343750001 0.5863520796875 0.1309666734375 0.6079129812499999 0.18506645156249998 0.6194021109375 0.18576299375 0.5959006953125 0.13208827343750001 0.5863520796875
3 0.193481453125 0.5938138953125 0.1928557515625 0.6242798625 0.2536922625 0.6297085046875 0.2521624609375 0.6049537359375 0.193481453125 0.5938138953125
3 0.2722942359375 0.607077065625 0.2715606578125 0.6299147406250001 0.3273518296875 0.63866119375 0.32860061875 0.6162096546875 0.2722942359375 0.607077065625
3 0.343461721875 0.6144988109375 0.341325596875 0.63642855625 0.3943324015625 0.64385385625 0.39556387656249997 0.6243484640625 0.343461721875 0.6144988109375
0 0.387582721875 0.6624992328125 0.3863915640625 0.759304034375 0.4770992921875 0.7673710703125 0.47932884531250003 0.6739810109375 0.387582721875 0.6624992328125
3 0.4097240234375 0.6250085296875 0.408288853125 0.6445673671875001 0.46351623281250004 0.654228034375 0.46421277656250004 0.630726634375 0.4097240234375 0.6250085296875
3 0.47739605 0.633233484375 0.476926209375 0.65290965 0.5293519078125 0.6641953109375 0.530048409375 0.64069390625 0.47739605 0.633233484375
3 0.5436727734375 0.6412888515625 0.5438663359375 0.6649766765625 0.5946295234375001 0.674094759375 0.5953261109375 0.650593328125 0.5436727734375 0.6412888515625
3 0.61261659375 0.65168449375 0.6123000281250001 0.670569471875 0.66281824375 0.68397840625 0.664515384375 0.6587435875 0.61261659375 0.65168449375
3 0.6751765187500001 0.6604235187499999 0.6731528046874999 0.6825086578125 0.72629326875 0.6889674265625 0.7269426375 0.666331084375 0.6751765187500001 0.6604235187499999
0 0.1945056375 0.8089389812500001 0.06951341562499999 0.7975512609375001 0.069947225 0.8568888578125 0.07286555 0.892639815625 0.1945153625 0.9026012046874999 0.1945056375 0.8089389812500001
0 0.392233953125 0.824455275 0.3921771046875 0.9187380203125001 0.481211196875 0.9256157515625001 0.48232688125 0.8311044203125 0.392233953125 0.824455275
0 0.6638265171875 0.8513050718749999 0.6626556921875 0.9368237875000001 0.7712601796875 0.9500237328125 0.7728951390625001 0.8624768625 0.6638265171875 0.8513050718749999
2 0.068664515625 0.772555334375 0.06851465 0.797811490625 0.7702246640625 0.8611163984375001 0.7703430078125 0.840980653125 0.068664515625 0.772555334375
1 0.0691970171875 0.7322173234375 0.06933818593749999 0.7542897234375 0.14156620625 0.7610966 0.141687803125 0.7404073375 0.0691970171875 0.7322173234375
1 0.14058555156250002 0.7408939890624999 0.1410179359375 0.75905814375 0.7137804 0.8168416359374999 0.713353728125 0.794113953125 0.14058555156250002 0.7408939890624999
1 0.71388755625 0.7945580578125 0.7132205484374999 0.8167735890625 0.7759316296875001 0.8224237671875001 0.7771786359374999 0.800885434375 0.71388755625 0.7945580578125
3 0.0697594265625 0.7556934937500001 0.06866836093749999 0.772940496875 0.11680683437499999 0.77977724375 0.11747668124999999 0.761126434375 0.0697594265625 0.7556934937500001
3 0.1169271703125 0.7610707546875 0.1166876640625 0.78077078125 0.166391096875 0.785191146875 0.166519596875 0.7633275078125 0.1169271703125 0.7610707546875
3 0.1670042296875 0.7620941609375 0.1673256359375 0.7828736796875 0.2128736234375 0.7892200093749999 0.21437776406250003 0.768333896875 0.1670042296875 0.7620941609375
3 0.21876542968749998 0.7704105046875 0.21933447187500002 0.7867638859375 0.265802721875 0.7932220640625001 0.265456821875 0.7737317874999999 0.21876542968749998 0.7704105046875
3 0.2763029828125 0.7753784875 0.2763952203125 0.7928888 0.322868228125 0.7985371953125 0.32343781250000003 0.77996855 0.2763029828125 0.7753784875
3 0.33443958125 0.7763688578125 0.3334607234375 0.79820393125 0.3794783703125 0.8029866515625 0.3795830734375 0.7851718328125 0.33443958125 0.7763688578125
3 0.3919414484375 0.7874081390625001 0.392280796875 0.802920696875 0.4378335625 0.8084572453125001 0.4384126640625 0.788269065625 0.3919414484375 0.7874081390625001
3 0.43800360625 0.7859183578125 0.43738295781250003 0.8067817859374999 0.48293096406249997 0.8131280875 0.48213442500000003 0.7919623796875 0.43800360625 0.7859183578125
3 0.491508415625 0.7914087999999999 0.4912322984375 0.8108956921875 0.5335641765625 0.81604076875 0.533683159375 0.7957966640625 0.491508415625 0.7914087999999999
3 0.5455765875 0.79899293125 0.5450864359375001 0.8141998171875 0.5896998859375 0.8228635828125 0.589809346875 0.8042390109375 0.5455765875 0.79899293125
3 0.5990813968750001 0.8044833734375001 0.5984661375 0.8198773312500001 0.63986349375 0.8273398468750001 0.64181344375 0.8089389734375001 0.5990813968750001 0.8044833734375001
3 0.6508366484375 0.8138116015625 0.6508922796875 0.8311113234375 0.692764034375 0.8362004765625001 0.6937937421875 0.8176877546875 0.6508366484375 0.8138116015625
3 0.6934234781249999 0.8159498468749999 0.69324791875 0.832207575 0.7346357203125 0.8412896218749999 0.7356749437500001 0.8211573640625 0.6934234781249999 0.8159498468749999
3 0.7348360046875 0.8219957906250001 0.7346357203125 0.8412896218749999 0.776042559375 0.847132628125 0.77664549375 0.82289563125 0.7348360046875 0.8219957906250001
1 0.144682503125 0.89841443125 0.07290341875 0.8931037203125 0.0743640875 0.91099765625 0.1440333328125 0.9203174593749999 0.144682503125 0.89841443125
1 0.1460097625 0.8975534359375 0.14562046875 0.9159307906249999 0.7089690046875 0.9660826828125 0.70703398125 0.9411177953125 0.1460097625 0.8975534359375
1 0.7072747328125 0.9417352687499999 0.7073286453125001 0.9624468109375 0.76609173125 0.9705048968750001 0.7656953484375 0.9493906546875 0.7072747328125 0.9417352687499999