2 0.08815182656250001 0.104185315625 0.08783284531249999 0.122824521875 0.6023635390625001 0.157441271875 0.6011206984374999 0.14197420624999998 0.08815182656250001 0.104185315625
0 0.0865980328125 0.126274075 0.0849329265625 0.187638834375 0.174830803125 0.18837535 0.177730721875 0.126507153125 0.0865980328125 0.126274075
3 0.0890378203125 0.08898811250000001 0.088316690625 0.107013628125 0.12334718281249998 0.10911191406250001 0.12374076875 0.09162622499999999 0.0890378203125 0.08898811250000001
3 0.122911203125 0.09029885 0.12309164531250001 0.1073033296875 0.1572942578125 0.10942451875 0.1572942578125 0.0931620265625 0.122911203125 0.09029885
3 0.158213371875 0.09206595 0.1572942578125 0.1101315875 0.195076221875 0.111545709375 0.1938830953125 0.099525609375 0.158213371875 0.09206595
3 0.1994821046875 0.0956001515625 0.198655571875 0.10942451875 0.2364375359375 0.111545709375 0.235244409375 0.0988185421875 0.1994821046875 0.0956001515625
3 0.24373411875 0.100017903125 0.2420054109375 0.11366691250000001 0.27779885000000004 0.1157881296875 0.2781965484375 0.10235386718749999 0.24373411875 0.100017903125
3 0.28376442343749997 0.10518215312500001 0.2845598203125 0.1157881296875 0.3155808140625 0.12003049531250001 0.3159785125 0.10518215312500001 0.28376442343749997 0.10518215312500001
0 0.321220721875 0.1382388203125 0.32024164375 0.1964771546875 0.3885971703125 0.20163284374999998 0.3869400609375 0.1427107625 0.321220721875 0.1382388203125
3 0.3242827296875 0.10443565625 0.32594754843749996 0.118617484375 0.3561731125 0.1214457421875 0.3561731125 0.10801150781249999 0.3242827296875 0.10443565625
3 0.3580932578125 0.10620275625 0.3577639390625 0.1221528109375 0.3887849015625 0.12356694531250001 0.3887849015625 0.11013271093749999 0.3580932578125 0.10620275625
3 0.397136728125 0.1115468328125 0.397136728125 0.12427401406250001 0.424578340625 0.127102271875 0.4249760703125 0.11296096874999999 0.397136728125 0.1115468328125
3 0.4341669453125 0.11503825937500001 0.4349186921875 0.12922346093749998 0.46792817812500004 0.131344665625 0.46713278125 0.11578925468750001 0.4341669453125 0.11503825937500001
3 0.47294960937499997 0.11503825937500001 0.47230292656249995 0.131344665625 0.5045170453125001 0.1334658828125 0.5053124437500001 0.1172033625 0.47294960937499997 0.11503825937500001
3 0.5107378453125 0.12299021406249999 0.5108803171875 0.1370012078125 0.54150358125 0.1377082484375 0.540708184375 0.1214457421875 0.5107378453125 0.12299021406249999
0 0.520624109375 0.1511239296875 0.5211654968749999 0.20973462031249998 0.60484921875 0.21268073593749998 0.6027778390625 0.15228556875000002 0.520624109375 0.1511239296875
3 0.5430567328125 0.1203395625 0.5430944375 0.134879990625 0.5713314484375001 0.1370012078125 0.5709337796875 0.12285990468750001 0.5430567328125 0.1203395625
3 0.60155704375 0.12285990468750001 0.5741153703124999 0.12073868750000001 0.5721268453125 0.134879990625 0.6027501703125 0.1370012078125 0.60155704375 0.12285990468750001
2 0.0855328671875 0.22212881874999998 0.0833303828125 0.23907059375 0.6060333265625 0.2653579875 0.6052341 0.24617529375 0.0855328671875 0.22212881874999998
0 0.083034828125 0.2416605296875 0.08093266875 0.307275725 0.1720460234375 0.3086966703125 0.1760422234375 0.24617529375 0.083034828125 0.2416605296875
3 0.08970561875000001 0.206345828125 0.087418575 0.221519028125 0.1247034078125 0.22446514374999998 0.1251176765625 0.205315475 0.08970561875000001 0.206345828125
1 0.084526309375 0.189779259375 0.084518640625 0.198686728125 0.1367174 0.203842415625 0.135474590625 0.187638834375 0.084526309375 0.189779259375
1 0.1404628453125 0.1916199890625 0.1404458890625 0.203842415625 0.5572074890625001 0.2266747171875 0.5584503296875 0.2119441921875 0.1404628453125 0.1916199890625
1 0.55998685625 0.210947653125 0.5601074078125 0.22888428906249997 0.608577678125 0.23183040625 0.6069205984375 0.211207678125 0.55998685625 0.210947653125
3 0.1269966421875 0.206345828125 0.12636051718750002 0.22225557031249998 0.159502575 0.227411259375 0.15908830624999998 0.21268073593749998 0.1269966421875 0.206345828125
3 0.1612456125 0.2128959296875 0.160215978125 0.22540219062500003 0.192625490625 0.2273664921875 0.1937303703125 0.21230680781250003 0.1612456125 0.2128959296875
3 0.194857634375 0.21125952812499998 0.19483522343749998 0.2260569484375 0.23166420156249998 0.22802125156250003 0.23166420156249998 0.2142711109375 0.194857634375 0.21125952812499998
3 0.2422828171875 0.2128959296875 0.24050316249999998 0.22867603593750002 0.276595571875 0.23260464062500003 0.27696385625 0.218199715625 0.2422828171875 0.2128959296875
3 0.2814201046875 0.216168734375 0.28138332187500004 0.23260464062500003 0.31489768749999997 0.2345689421875 0.31673913593749997 0.218199715625 0.2814201046875 0.216168734375
0 0.322347025 0.25231418906249997 0.32150390624999997 0.31722228750000003 0.38784081875 0.31935371875 0.3882404328125 0.255411396875 0.322347025 0.25231418906249997
3 0.3237804609375 0.21944153906250002 0.3235649015625 0.23653014687499999 0.3574475515625 0.23718490625 0.3574475515625 0.222125221875 0.3237804609375 0.21944153906250002
3 0.357852921875 0.221077940625 0.3578158359375 0.235220603125 0.39059363125 0.2398039921875 0.3916985125 0.2240895234375 0.357852921875 0.221077940625
3 0.396990209375 0.22271434375000002 0.39574969375 0.23718490625 0.43147379218750004 0.24176829375 0.4300006265625 0.2267086109375 0.396990209375 0.22271434375000002
3 0.43796925 0.2259871484375 0.43883958749999996 0.2404587515625 0.4697759625 0.2430778375 0.4697759625 0.22736336875 0.43796925 0.2259871484375
3 0.48263179999999994 0.23007815312500002 0.48008803125000005 0.243732596875 0.5032903 0.2456968984375 0.5040268671875 0.2306372140625 0.48263179999999994 0.23007815312500002
3 0.5125603140625 0.229259953125 0.51286585625 0.2450421390625 0.54453874375 0.2470064421875 0.54453874375 0.2319467578125 0.5125603140625 0.229259953125
0 0.526187059375 0.2594166296875 0.5277078453125 0.3250374734375 0.6088306546875 0.326458390625 0.606432971875 0.26393704218749997 0.526187059375 0.2594166296875
3 0.5457118984375 0.23007815312500002 0.5452753687499999 0.243732596875 0.5762116875000001 0.2470064421875 0.575843375 0.2306372140625 0.5457118984375 0.23007815312500002
3 0.6067797515625 0.2456968984375 0.6051084859375 0.23089635468749997 0.575843375 0.233911059375 0.5773165687499999 0.2463516828125 0.6067797515625 0.2456968984375
2 0.0872901265625 0.340529165625 0.0875400078125 0.356455103125 0.61322950625 0.37635955781249997 0.6137383546875 0.3582646046875 0.0872901265625 0.340529165625
0 0.08347277343750001 0.35522663906249996 0.077870996875 0.42521594374999994 0.1709989421875 0.4279301796875 0.1760879203125 0.361883609375 0.08347277343750001 0.35522663906249996
3 0.08605799374999999 0.3223123015625 0.08496082968749999 0.3385541671875 0.1273786453125 0.3395087859375 0.128989425 0.3213714453125 0.08605799374999999 0.3223123015625
1 0.0815360046875 0.305582490625 0.0813322828125 0.3207746375 0.12249313906249999 0.3243269859375 0.12249313906249999 0.307275725 0.0815360046875 0.305582490625
1 0.1324960125 0.310021515625 0.132084025 0.3250374734375 0.5580938578125 0.3406677890625 0.558893084375 0.326458390625 0.1324960125 0.310021515625
0 0.5294668437500001 0.3710546890625 0.5307883859375 0.4378823890625 0.6137383546875 0.43697765625 0.6137383546875 0.3709310859375 0.5294668437500001 0.3710546890625
3 0.5759692640625 0.34233791562500004 0.5755461562499999 0.3558277640625 0.6113710421875 0.35665496406249997 0.609975253125 0.3434202703125 0.5759692640625 0.34233791562500004
1 0.5652626734374999 0.3247647171875 0.5642618828125 0.3408760296875 0.60874203125 0.3430133265625 0.6093431515625001 0.325915046875 0.5652626734374999 0.3247647171875
3 0.12901986875 0.3246980328125 0.126304753125 0.3414179578125 0.170870315625 0.3423725578125 0.1703333890625 0.3242352359375 0.12901986875 0.3246980328125
3 0.182050934375 0.3270837640625 0.18160900156249998 0.3414179578125 0.22456374375000002 0.344281765625 0.22456374375000002 0.328053615625 0.182050934375 0.3270837640625
3 0.23508199843750002 0.3306623609375 0.2353024296875 0.344281765625 0.277720246875 0.34619093749999996 0.2782571734375 0.329008215625 0.23508199843750002 0.3306623609375
3 0.2901269015625 0.3318552265625 0.2900697109375 0.3490547453125 0.3335613796875 0.3490547453125 0.33302445468749997 0.33378118749999997 0.2901269015625 0.3318552265625
3 0.3465143625 0.3354338234375 0.3464478109375 0.35191851875 0.381348540625 0.352873109375 0.3824224328125 0.3347358046875 0.3465143625 0.3354338234375
3 0.396815015625 0.337169771875 0.39688690000000004 0.3508647640625 0.43178128437499996 0.354173440625 0.4327117875 0.33763011718749997 0.396815015625 0.337169771875
3 0.44334858749999995 0.337169771875 0.44201695625 0.352519134375 0.4792376328125 0.3558277640625 0.4783071296875 0.340111640625 0.44334858749999995 0.337169771875
3 0.49046382812499995 0.33923702968749997 0.4899385921875 0.354173440625 0.5294855609375 0.357482103125 0.5285550578125 0.3417659484375 0.49046382812499995 0.33923702968749997
3 0.5364157296875 0.33923702968749997 0.5369296890624999 0.35500059375 0.5755461562499999 0.358309271875 0.5755461562499999 0.3417659484375 0.5364157296875 0.33923702968749997
0 0.332873165625 0.3880133125 0.3241766203125 0.443310896875 0.38575301562500003 0.424311175 0.3882974953125 0.38631176875 0.332873165625 0.3880133125
2 0.0758380671875 0.45923953281249996 0.0753265171875 0.47580987343750003 0.618318465625 0.48485734999999996 0.6188273140625 0.47038141875 0.0758380671875 0.45923953281249996
0 0.074565615625 0.47619815625 0.0682019671875 0.548189684375 0.1643833 0.5509039203125 0.1704900546875 0.48033361093750004 0.074565615625 0.47619815625
3 0.073293165625 0.44115033437499995 0.0722731296875 0.458619671875 0.1196004640625 0.46133394218749996 0.1196004640625 0.44504845781249996 0.073293165625 0.44115033437499995
1 0.0764742921875 0.42419170937499995 0.0758354046875 0.44150139375 0.131305065625 0.442406128125 0.131305065625 0.4279301796875 0.0764742921875 0.42419170937499995
1 0.1369157140625 0.426452859375 0.136394025 0.44692986562500003 0.2396999078125 0.44964410312499997 0.23868209375 0.436072921875 0.1369157140625 0.426452859375
1 0.40094929375 0.43549745937499995 0.397966525 0.44964410312499997 0.5587776609375 0.45597734218749997 0.5572509578125 0.4387871578125 0.40094929375 0.43549745937499995
0 0.530279459375 0.4957143109375 0.5297705328125 0.55814189375 0.6178095375 0.54728495 0.6137383546875 0.483047846875 0.530279459375 0.4957143109375
3 0.5797286578125 0.4547172328125 0.5796423453124999 0.46947663281249996 0.6178095375 0.4712861359375 0.616282834375 0.4513816796875 0.5797286578125 0.4547172328125
1 0.5676403734375 0.44115033437499995 0.5669199484375 0.459596346875 0.615265059375 0.453263175 0.6111938765625 0.43697765625 0.5676403734375 0.44115033437499995
3 0.121646303125 0.4468032078125 0.12214494375 0.4577149203125 0.16641887187499999 0.46495289531250006 0.16641887187499999 0.44685794218749997 0.121646303125 0.4468032078125
3 0.1725443421875 0.44567263281249997 0.1704900546875 0.4631434109375 0.21527288906250003 0.46404814375000003 0.215781778125 0.447762728125 0.1725443421875 0.44567263281249997
3 0.22280615625000003 0.4490643578125 0.22290632812500003 0.46495289531250006 0.2697247359375 0.46585768125 0.2681980703125 0.44595319062499994 0.22280615625000003 0.4490643578125
3 0.27786710000000003 0.447762728125 0.275831509375 0.466762396875 0.321632140625 0.46857188125000004 0.320614325 0.44866744531249997 0.27786710000000003 0.447762728125
0 0.32014865625 0.48072045625 0.3190876609375 0.5509039203125 0.3882974953125 0.55361815625 0.3882974953125 0.48123836249999996 0.32014865625 0.48072045625
3 0.332873165625 0.4501949328125 0.3353723140625 0.4676671484375 0.37353950625 0.46857188125000004 0.3740483953125 0.4495721953125 0.332873165625 0.4501949328125
3 0.388224784375 0.4501949328125 0.3888063828125 0.466762396875 0.4274824640625 0.46947663281249996 0.42646468750000005 0.4550006671875 0.388224784375 0.4501949328125
3 0.43975904843749997 0.4558478078125 0.4396959734375 0.47219088593749997 0.48244323749999996 0.4730956203125 0.48193434843749994 0.4531911828125 0.43975904843749997 0.4558478078125
3 0.493838215625 0.45358665781249996 0.4926211546875 0.4712861359375 0.5287527562500001 0.47038141875 0.5277349796874999 0.4577149203125 0.493838215625 0.45358665781249996
3 0.5402826765625 0.4558478078125 0.5389306734375 0.46947663281249996 0.580660121875 0.4712861359375 0.5801512734375 0.4531911828125 0.5402826765625 0.4558478078125
2 0.0682033609375 0.5881250734375 0.0666752828125 0.6051887781249999 0.6218807203125001 0.6060935453125 0.6203540171874999 0.5825700859375 0.0682033609375 0.5881250734375
0 0.066294684375 0.609605996875 0.064235915625 0.6866160640625 0.1614350234375 0.6848065625 0.16550620625 0.6133315203125 0.066294684375 0.609605996875
3 0.0707482625 0.565513575 0.0692197625 0.5852843234375 0.11654707812500001 0.58799859375 0.11654707812500001 0.568998871875 0.0707482625 0.565513575
1 0.0692197625 0.5499991859375 0.0692197625 0.5662846359375 0.127233903125 0.569903640625 0.1282516796875 0.5518086875 0.0692197625 0.5499991859375
1 0.1286447828125 0.549685525 0.1267249953125 0.570808375 0.568955578125 0.5717131078125 0.5674288749999999 0.5518086875 0.1286447828125 0.549685525
0 0.537483284375 0.605083696875 0.5385269171875 0.674854421875 0.6219858125 0.6730448499999999 0.6214769640625 0.6006650390625 0.537483284375 0.605083696875
3 0.5811690484375001 0.5717131078125 0.5811690484375001 0.5825700859375 0.6203540171874999 0.5843795890625 0.6208629453125 0.569903640625 0.5811690484375001 0.5717131078125
1 0.5701852749999999 0.5530772500000001 0.5699733546875 0.5717131078125 0.6239162734375 0.568998871875 0.622898496875 0.5499991859375 0.5701852749999999 0.5530772500000001
3 0.1210100765625 0.5689052984375 0.1160381890625 0.58799859375 0.16234770781250002 0.5898080609374999 0.159294340625 0.569903640625 0.1210100765625 0.5689052984375
3 0.17063566562500002 0.5700358734375001 0.1689633515625 0.5898080609374999 0.21425511406250003 0.5898080609374999 0.2147640015625 0.5717131078125 0.17063566562500002 0.5700358734375001
3 0.2304408625 0.5689052984375 0.22799528750000003 0.5943317984375 0.27430480625000003 0.5952365671875001 0.272269215625 0.570808375 0.2304408625 0.5689052984375
3 0.28133890156249997 0.5711664484375001 0.28142935625 0.5916175625 0.32570328437499996 0.5907128296875 0.3241766203125 0.570808375 0.28133890156249997 0.5711664484375001
0 0.32371151875000004 0.6084754218749999 0.32326393593749997 0.6784733562499999 0.393491584375 0.6775685874999999 0.392473809375 0.6060935453125 0.32371151875000004 0.6084754218749999
3 0.3379629703125 0.5689052984375 0.338934609375 0.5889033265625 0.3811729453125 0.5898080609374999 0.3811729453125 0.570808375 0.3379629703125 0.5689052984375
3 0.3990406171875 0.5711664484375001 0.39847541406250003 0.5907128296875 0.4412226765625 0.5889033265625 0.4412226765625 0.5744273796875 0.3990406171875 0.5711664484375001
3 0.44675752968750004 0.5734275984375 0.4463116359375 0.58799859375 0.48854997187500004 0.5889033265625 0.48854997187500004 0.565379903125 0.44675752968750004 0.5734275984375
3 0.4957468921875 0.5722970234375 0.495165634375 0.5889033265625 0.536895121875 0.5898080609374999 0.537912896875 0.5726178765625 0.4957468921875 0.5722970234375
3 0.5390102265625 0.5734275984375 0.5389306734375 0.586189090625 0.562339915625 0.5889033265625 0.5653932453125 0.569903640625 0.5390102265625 0.5734275984375
2 0.06476774375 0.7215329140625 0.0632181390625 0.738150725 0.630637028125 0.7272937453125 0.627074771875 0.7046750546875 0.06476774375 0.7215329140625
0 0.06540396875 0.7430138359375 0.060673659375 0.8213875125 0.163470615625 0.8150543421875 0.1644883921875 0.7426744625 0.06540396875 0.7430138359375
3 0.06922132187499999 0.696660265625 0.06779817031249999 0.7164367671874999 0.110545434375 0.7209605046875 0.110545434375 0.70196081875 0.06922132187499999 0.696660265625
1 0.0622228421875 0.685354515625 0.0627092125 0.700187278125 0.11919668750000001 0.70199685 0.1202144640625 0.6857113312500001 0.0622228421875 0.685354515625
1 0.1201193609375 0.686485090625 0.1186877609375 0.7029015140625 0.572114 0.6938540390625 0.5695695203125 0.6730448499999999 0.1201193609375 0.686485090625
0 0.5381195109375 0.7317080875 0.539035765625 0.80419729375 0.63165488125 0.8023877921875 0.6291104015625 0.723674775 0.5381195109375 0.7317080875
3 0.627074771875 0.6911038406250001 0.586472646875 0.693268540625 0.5828008437500001 0.708294059375 0.628601475 0.708294059375 0.627074771875 0.6911038406250001
1 0.5731119125 0.6751793421875 0.573131853125 0.6902350687500001 0.6209680359374999 0.6902350687500001 0.6199502609375 0.6730448499999999 0.5731119125 0.6751793421875
3 0.117574459375 0.701182565625 0.1186877609375 0.7218652734375001 0.15838165625 0.7227700078125 0.15787276875 0.7001513171875 0.117574459375 0.701182565625
3 0.170381175 0.700051990625 0.170086278125 0.71824626875 0.2158869078125 0.7209605046875 0.2158869078125 0.702865553125 0.170381175 0.700051990625
3 0.22700524375 0.700051990625 0.227591490625 0.71824626875 0.2744099375 0.720055771875 0.2744099375 0.6992465828125 0.22700524375 0.700051990625
3 0.28935534218750003 0.700051990625 0.2886589984375 0.7155320328125 0.3314062625 0.7164367671874999 0.3308973734375 0.6983418140625 0.28935534218750003 0.700051990625
0 0.3218028421875 0.7373609625 0.3217372328125 0.81595900625 0.39654491406250003 0.8123400359374999 0.39603606406249997 0.7345317203125 0.3218028421875 0.7373609625
3 0.3459794109375 0.701182565625 0.34616425156249997 0.7173415359375 0.372626821875 0.71824626875 0.36957349375000004 0.696532346875 0.3459794109375 0.701182565625
3 0.39814990156249996 0.695529690625 0.3980716171875 0.71824626875 0.43878328906249997 0.71372253125 0.43776551250000006 0.6983418140625 0.39814990156249996 0.695529690625
3 0.4509566171875 0.695529690625 0.45099683749999997 0.71372253125 0.4896728796875 0.7119130296875 0.48814617499999996 0.6947228453125 0.4509566171875 0.695529690625
3 0.49485617656249997 0.693268540625 0.4947618375 0.7110082953125 0.5405624687499999 0.70919879375 0.5364912859375 0.6929133421875 0.49485617656249997 0.693268540625
3 0.5482991187499999 0.691007390625 0.5481959078124999 0.7119130296875 0.58585425 0.7110082953125 0.5863631 0.6947228453125 0.5482991187499999 0.691007390625
2 0.0548597890625 0.8594746078125001 0.0528962109375 0.8786748640625 0.632640378125 0.858601846875 0.6321494546875 0.837656103125 0.0548597890625 0.8594746078125001
1 0.0634952921875 0.8210235062500001 0.0637270265625 0.838577696875 0.1186877609375 0.8421967703125001 0.1186877609375 0.8204827453125001 0.0634952921875 0.8210235062500001
1 0.1201193609375 0.8165012062500001 0.11970557500000001 0.839482465625 0.5817830671875 0.8186732765625001 0.5812741406249999 0.80419729375 0.1201193609375 0.8165012062500001
1 0.5845639703125001 0.8006731578125 0.5828008437500001 0.8213875125 0.6331815078125 0.8186732765625001 0.63165488125 0.800578325 0.5845639703125001 0.8006731578125
0 0.0543688859375 0.8830385656249999 0.0509326515625 0.9624579421874999 0.15794723125000001 0.959839728125 0.1589290015625 0.8743111640624999 0.0543688859375 0.8830385656249999
3 0.0571330375 0.8458961546875001 0.056093589062500004 0.8593509578124999 0.0957874453125 0.8602556921875 0.0957874453125 0.8421607390625001 0.0571330375 0.8458961546875001
3 0.0959427921875 0.8379821296875001 0.0957874453125 0.8593509578124999 0.13039238125 0.858446190625 0.12988349375 0.839446503125 0.0959427921875 0.8379821296875001
3 0.136661225 0.8368515546875 0.13242797343749999 0.8566366875 0.17263075781249998 0.8548272203125 0.174666309375 0.8376370015625 0.136661225 0.8368515546875
3 0.188458625 0.8374301453124999 0.1836757765625 0.8560190171875 0.22258273750000002 0.8552147124999999 0.22574956875000002 0.8359110843750001 0.188458625 0.8374301453124999
3 0.22974758125 0.835419990625 0.2302736359375 0.853606071875 0.26556136406249997 0.8560190171875 0.267370996875 0.8375197249999999 0.22974758125 0.835419990625
3 0.2755613546875 0.8334098359375 0.2750618953125 0.8528017671875 0.3112544234375 0.853606071875 0.3112544234375 0.835106778125 0.2755613546875 0.8334098359375
0 0.3204833234375 0.8726807765625001 0.3199417828125 0.9511123265625001 0.3945574390625 0.9458758656249999 0.39504836249999997 0.8664565218750001 0.3204833234375 0.8726807765625001
3 0.320243925 0.829389528125 0.31939775625 0.853606071875 0.3569474828125 0.849584484375 0.356495084375 0.8310851921875001 0.320243925 0.829389528125
3 0.36153288125 0.8273793749999999 0.36147155 0.8479758437499999 0.39630684375 0.8479758437499999 0.3949496796875 0.8294765515625 0.36153288125 0.8273793749999999
3 0.4045186453125 0.8263742984375 0.4049026109375 0.8455628984375 0.43973790468749996 0.8463672343749999 0.43838067187499996 0.824650659375 0.4045186453125 0.8263742984375
3 0.4435451921875 0.8273793749999999 0.44450787187499996 0.8471779328125001 0.4807004 0.8455692921875 0.4793432015625 0.8262656937499999 0.4435451921875 0.8273793749999999
3 0.4904901703125 0.8213489125000001 0.4879389328125 0.8415477062500001 0.523226628125 0.8447649875 0.5187025609375 0.8222441078125 0.4904901703125 0.8213489125000001
3 0.52951671875 0.8233590671875 0.5295603609375 0.8415477062500001 0.5653004546875 0.8399390640625001 0.5621336234375 0.8206354671874999 0.52951671875 0.8233590671875
0 0.5444902500000001 0.8639561499999999 0.5467341765625 0.9397666765625001 0.6365675328125 0.9319120359375 0.633131225 0.8542381453125 0.5444902500000001 0.8639561499999999
3 0.5674120625 0.8213489125000001 0.5666576890624999 0.8367218140625001 0.59923095 0.839134759375 0.5978737171875 0.821439771875 0.5674120625 0.8213489125000001
3 0.5996513859375 0.8203438359374999 0.599683384375 0.8375261187499999 0.63497104375 0.8399390640625001 0.6336138796874999 0.8190268265625 0.5996513859375 0.8203438359374999
1 0.06763166875 0.9621082 0.0681138921875 0.9807854718750001 0.1093488578125 0.9816582328125 0.10836706874999999 0.96333066875 0.06763166875 0.9621082
1 0.10936446562499999 0.963198778125 0.10983976250000001 0.9807854718750001 0.5850238125 0.9572214796875 0.583060196875 0.9380212234374999 0.10936446562499999 0.963198778125
1 0.58438189375 0.9359343203125 0.5850238125 0.9580942406249999 0.6385310734375 0.9528577796875 0.6400037671875001 0.9310393078124999 0.58438189375 0.9359343203125