3 0.0534597875 0.1890722453125 0.054579975 0.2182299328125 0.7209399765625 0.25730887187499996 0.7209399765625 0.23090419843749999 0.0534597875 0.1890722453125
0 0.0556888265625 0.251458165625 0.059929864062500005 0.354478134375 0.11758992187499999 0.35975908125 0.1193732296875 0.2551965 0.0556888265625 0.251458165625
2 0.05457430625 0.2207603328125 0.0563632484375 0.24780317968749999 0.1193732296875 0.2530841265625 0.11996765312499999 0.2235108796875 0.05457430625 0.2207603328125
0 0.3655253046875 0.26532170312500003 0.36725204218749996 0.371377115625 0.426695375 0.3703209453125 0.423723184375 0.26998316875 0.3655253046875 0.26532170312500003
2 0.3655253046875 0.23660437499999998 0.3654687015625 0.2657583625 0.429073140625 0.271039309375 0.42788422343750004 0.2425222640625 0.3655253046875 0.23660437499999998
0 0.6686746640625 0.281165746875 0.6668465343750001 0.385107553125 0.7215344015625 0.38933232812499996 0.7239121671875 0.2794888 0.6686746640625 0.281165746875
2 0.663102065625 0.253438671875 0.6632799875 0.2794888 0.7227233859375 0.2816011734375 0.7233177421875 0.254140359375 0.663102065625 0.253438671875
3 0.0601469046875 0.38118126874999997 0.061118712500000005 0.406231309375 0.7215344015625 0.432635953125 0.7209399765625 0.41151222656249997 0.0601469046875 0.38118126874999997
1 0.058475124999999996 0.359395709375 0.059335439062499995 0.3819389796875 0.7221288265625 0.4125684578125 0.7221288265625 0.38616375468749997 0.058475124999999996 0.359395709375
0 0.0601469046875 0.4336646625 0.0623075953125 0.5382547062499999 0.1217509609375 0.5393109375 0.11996765312499999 0.4358045265625 0.0601469046875 0.4336646625
2 0.0623759453125 0.409898596875 0.060524287499999996 0.432635953125 0.1217509609375 0.4379169296875 0.1223453859375 0.40728754062499994 0.0623759453125 0.409898596875
0 0.3688688625 0.44455744218750004 0.3684408921875 0.5456480859374999 0.42610095000000003 0.546704196875 0.426695375 0.4463664203125 0.3688688625 0.44455744218750004
2 0.36775434375 0.4227718828125 0.3678464671875 0.4463664203125 0.42610095000000003 0.4484787625 0.426695375 0.424186521875 0.36775434375 0.4227718828125
0 0.6640572796875001 0.45835112968749997 0.6610562296875 0.560471478125 0.71818335625 0.5599076125 0.7213571109375 0.46065995312499997 0.6640572796875001 0.45835112968749997
2 0.663659325 0.432674409375 0.6644688359375001 0.457984484375 0.720345553125 0.46220922968749995 0.720345553125 0.433692184375 0.663659325 0.432674409375
3 0.062266071874999995 0.567180578125 0.0624967671875 0.5962612546875 0.7164591546875 0.607660946875 0.7150843421874999 0.5848614671875 0.062266071874999995 0.567180578125
1 0.062266071874999995 0.5366432171875 0.0620384828125 0.5653190968749999 0.716917425 0.583232959375 0.7173756953125 0.5596193203125 0.062266071874999995 0.5366432171875
0 0.066132640625 0.6160403546875 0.0661629984375 0.716772634375 0.12115632968750001 0.7208439515625 0.12436427812499999 0.616617925 0.066132640625 0.6160403546875
2 0.065703021875 0.5916104671875 0.06524643125 0.6133608171875 0.125739090625 0.6190606875 0.12528081875 0.5938184 0.065703021875 0.5916104671875
0 0.3767469984375 0.619857525 0.3759587828125 0.7224725515625 0.43049384375 0.723286759375 0.4332434671875 0.62394625625 0.3767469984375 0.619857525
2 0.3728804296875 0.5992448078125 0.3722925640625 0.6223177484375 0.429118978125 0.62394625625 0.429118978125 0.6019610765625 0.3728804296875 0.5992448078125
0 0.6611546125000001 0.634362771875 0.66054928125 0.7306151828125 0.7146260718749999 0.731429390625 0.7164591546875 0.632088934375 0.6611546125000001 0.634362771875
2 0.6611546125000001 0.6099328828125 0.6610076046875 0.6304603796875 0.7160009359374999 0.6345317421875001 0.7164591546875 0.607660946875 0.6611546125000001 0.6099328828125
1 0.067421496875 0.7206308156250001 0.067079540625 0.743643384375 0.7114181765625001 0.7517860609375 0.71187639375 0.7338721984375 0.067421496875 0.7206308156250001