3 1 0.145154153125 0.3308504046875 0.0783636578125 0.32893781093749996 0.103557015625 0.998096759375 0.16842893125 1 0.15686359218749998 1 0.145154153125
0 0.93404758125 0.19014598124999998 0.9130954203125 0.2868211703125 0.9669578171875 0.2958876546875 0.9951135062500001 0.1978637578125 0.93404758125 0.19014598124999998
2 0.9405946328124999 0.1628048125 0.9356283640624999 0.191573965625 0.9927217718750001 0.1960371625 0.9969722453125 0.167249634375 0.9405946328124999 0.1628048125
0 0.6267193468750001 0.16391796875 0.6150360218750001 0.25629741250000004 0.670371225 0.2603600203125 0.687789453125 0.1588913609375 0.6267193468750001 0.16391796875
2 0.6305134703124999 0.1348818109375 0.6268427765625 0.15967458750000002 0.6843448265625 0.165298734375 0.6896658375 0.13447459687500002 0.6305134703124999 0.1348818109375
3 0.3262291203125 0.2437129265625 0.3248380046875 0.269867928125 0.95464553125 0.3403152734375 0.96098729375 0.31792230625 0.3262291203125 0.2437129265625
1 0.3278262109375 0.22290585468750002 0.32649966875 0.24823265625 0.9631791375000001 0.314248628125 0.967329803125 0.2926568546875 0.3278262109375 0.22290585468750002
0 0.333949884375 0.12392050624999999 0.328180940625 0.2208509453125 0.376661053125 0.2222840390625 0.3833012734375 0.1308915 0.333949884375 0.12392050624999999
2 0.33620165 0.1073474734375 0.33553063125000004 0.1253484984375 0.3786128984375 0.1298234640625 0.381477921875 0.1041302328125 0.33620165 0.1073474734375
0 0.89142593125 0.359688028125 0.87130106875 0.44912443125 0.9249627078125 0.45495909062499995 0.948373840625 0.3655434453125 0.89142593125 0.359688028125
2 0.897826553125 0.3346742421875 0.892928775 0.3600303828125 0.9507496890624999 0.365899684375 0.9556972015625 0.33725735156250003 0.897826553125 0.3346742421875
0 0.60538649375 0.3246500390625 0.5892692984375001 0.41499943437500003 0.64173133125 0.41873509374999995 0.6554610203125 0.334761709375 0.60538649375 0.3246500390625
2 0.6039101875 0.3060572265625 0.6022291390625 0.32484358750000003 0.656437890625 0.3335413171875 0.6597254968749999 0.3100579859375 0.6039101875 0.3060572265625
1 0.32297816875 0.37715759375 0.3224506859375 0.39529393281249997 0.9157079859374999 0.47840986093750004 0.9253223531250001 0.45101121875 0.32297816875 0.37715759375
0 0.3229592921875 0.2867836140625 0.3210204859375 0.37945008125 0.3734824578125 0.383185753125 0.37801534531250003 0.2963775515625 0.3229592921875 0.2867836140625
2 0.3261431796875 0.26833963125000004 0.3243566203125 0.2907532796875 0.37486091250000003 0.29678141406249997 0.378104209375 0.2719611609375 0.3261431796875 0.26833963125000004
3 0.32490775 0.5288496421875 0.3212690046875 0.54992856875 0.8771523718750001 0.6263562031250001 0.882389840625 0.6064080578125 0.32490775 0.5288496421875
0 0.8253757796875 0.633730525 0.8073274078124999 0.7081219437499999 0.85121380625 0.7162938109375 0.8708704015625001 0.6448641796875 0.8253757796875 0.633730525
2 0.8281048328124999 0.6179213609375 0.8257712171874999 0.637471928125 0.8722217859375 0.6398381468750001 0.874893759375 0.624384728125 0.8281048328124999 0.6179213609375
0 0.56849729375 0.60168425 0.5577655703125 0.675916765625 0.6065692234375 0.67973194375 0.6186982640625 0.6071024203125 0.56849729375 0.60168425
2 0.5706792953125001 0.5830119828125 0.5681479625 0.600691834375 0.618151296875 0.6066059015625 0.61990385625 0.585981065625 0.5706792953125001 0.5830119828125
3 0.33367952343749996 0.6620182812500001 0.33134596875 0.6815688359375 0.859446178125 0.73797495625 0.8640868125000001 0.71712431875 0.33367952343749996 0.6620182812500001
1 0.31813047499999997 0.6404960328125 0.3202133484375 0.65557575625 0.8405288343749999 0.7239008484375 0.842437109375 0.7162683546874999 0.31813047499999997 0.6404960328125
0 0.319785684375 0.5705855703125 0.31743186875 0.6385112125 0.3624256625 0.6432841078125 0.36755174375 0.5747093421875 0.319785684375 0.5705855703125
2 0.32037261093749997 0.546073096875 0.3182828390625 0.570243215625 0.36277568437499996 0.574901990625 0.3664955578125 0.5582077796875 0.32037261093749997 0.546073096875
0 0.8064105312500001 0.74962661875 0.793945346875 0.809771871875 0.8373307593750001 0.8178296640625 0.8544980265625 0.7566728421875 0.8064105312500001 0.74962661875
2 0.8101415062499999 0.734045725 0.806258921875 0.750504890625 0.8546077999999999 0.756954875 0.8574399796875 0.7368028796874999 0.8101415062499999 0.734045725
1 0.3309826546875 0.7590761374999999 0.3295454875 0.7824821890625 0.83651331875 0.8285973312499999 0.8375031640625 0.8127101124999999 0.3309826546875 0.7590761374999999
0 0.56782358125 0.7171831421875 0.557105090625 0.7822904578125 0.60009505 0.786606765625 0.611604471875 0.72898226875 0.56782358125 0.7171831421875
2 0.5871303203125 0.7078888906249999 0.5837486328125 0.7244622953125 0.618921025 0.7288233953125001 0.6228725765625 0.707330765625 0.5871303203125 0.7078888906249999
0 0.33262456406249996 0.698290909375 0.33092325312500004 0.765452384375 0.37502065625 0.76636978125 0.37957293281250004 0.7058237968750001 0.33262456406249996 0.698290909375
2 0.333000415625 0.6810329687500001 0.331622553125 0.698062646875 0.376313171875 0.7045921484375001 0.377534309375 0.6865309125 0.333000415625 0.6810329687500001