3 0.0517144109375 0.13366795468749998 0.05114919375 0.1684447296875 0.7468278078125 0.18130150625000002 0.7461047140625 0.15173093124999998 0.0517144109375 0.13366795468749998
0 0.052618509375 0.19793139375 0.0627197484375 0.34072554843749997 0.140820903125 0.33686847656249996 0.1350356109375 0.20315801093750002 0.052618509375 0.19793139375
2 0.049002115624999995 0.1706194328125 0.0504260453125 0.20444369375 0.1350356109375 0.205729425 0.1350356109375 0.167159096875 0.049002115624999995 0.1706194328125
0 0.41787425625 0.21078408125 0.419236978125 0.3252974078125 0.47708966875 0.326583065625 0.4785359640625 0.21087208125 0.41787425625 0.21078408125
2 0.4169701578125 0.1770457765625 0.41562118437500006 0.20958639843750002 0.4778128171875 0.21087208125 0.479982259375 0.17487311875 0.4169701578125 0.1770457765625
0 0.7041614921875 0.21215781250000001 0.7034382890625 0.30601224375 0.7482741015625 0.30729790156250003 0.7526130984375 0.213443446875 0.7041614921875 0.21215781250000001
2 0.706281640625 0.1786523625 0.7056077875 0.20444369375 0.7526130984375 0.21087208125 0.7555056890625 0.1864442609375 0.706281640625 0.1786523625
3 0.071604575 0.366622921875 0.0713976578125 0.39343831093750004 0.7468278078125 0.35743934843749997 0.7468278078125 0.3252974078125 0.071604575 0.366622921875
1 0.0688922796875 0.339310959375 0.069228159375 0.36258202968750003 0.7468278078125 0.32915443125 0.7482741015625 0.30215522031250003 0.0688922796875 0.339310959375
3 0.06527588749999999 0.5690527546874999 0.0670586890625 0.5965242609375 0.7374267234375 0.5270976984375 0.7367036296875 0.501384146875 0.06527588749999999 0.5690527546874999
1 0.08607015 0.544953965625 0.0858608015625 0.5643823203125 0.7316415421875 0.49495575937499997 0.7374267234375 0.4679565 0.08607015 0.544953965625
0 0.0725086734375 0.42927977500000003 0.0829682125 0.54509715625 0.15745351875 0.5386687671875 0.15022193125 0.424243490625 0.0725086734375 0.42927977500000003
2 0.073412771875 0.3939348828125 0.07067448125 0.4255291484375 0.149498784375 0.4281005140625 0.1487756375 0.39724423125 0.073412771875 0.3939348828125
0 0.43324392968750003 0.40357439843750004 0.43370015000000006 0.5052411703125 0.4886601953125 0.501384146875 0.4908296390625 0.40110127812499996 0.43324392968750003 0.40357439843750004
2 0.43143573281250003 0.3746558515625 0.431530653125 0.40367261875000005 0.4915528421875 0.40110127812499996 0.4886601953125 0.376673384375 0.43143573281250003 0.3746558515625
0 0.6999529515625 0.39072171093749997 0.6976529984375001 0.4743848875 0.7388731281250001 0.4666708421875 0.7439352171875 0.3856731875 0.6999529515625 0.39072171093749997
3 0.08968654375 0.7634496578125 0.09164609375 0.7893759015625 0.7244099562499999 0.6698079921875 0.7222404578125 0.644094440625 0.08968654375 0.7634496578125
0 0.0725086734375 0.6220700921875 0.08658400468750001 0.7392345046875 0.1523914296875 0.725092021875 0.1422671984375 0.6119524015625 0.0725086734375 0.6220700921875
2 0.0688922796875 0.602791059375 0.069228159375 0.6273805421875001 0.14515984375 0.6196664968750001 0.14371349375 0.5926672374999999 0.0688922796875 0.602791059375
1 0.1547816265625 0.69918621875 0.1560072234375 0.7276122828125 0.7244099562499999 0.6479002609375 0.72585625 0.633757828125 0.1547816265625 0.69918621875
0 0.4097373703125 0.589938371875 0.40983589374999996 0.6813790125 0.4705812296875 0.672379259375 0.4698580828125 0.57466773125 0.4097373703125 0.589938371875
2 0.4097373703125 0.5642329968750001 0.41055904062500004 0.58623885 0.4698580828125 0.5759534375 0.4698580828125 0.5553825671875 0.4097373703125 0.5642329968750001
0 0.6863914765625 0.5529868953125 0.6810204375 0.6453800484375 0.7273025453125 0.632523271875 0.7345341328125 0.54509715625 0.6863914765625 0.5529868953125
2 0.6845832796875 0.5321012765625001 0.686082525 0.554096909375 0.7330878375000001 0.5502398859375 0.732364634375 0.5270976984375 0.6845832796875 0.5321012765625001
1 0.108672609375 0.9048292234374999 0.10900191249999999 0.9396468812500001 0.7179014625 0.7969367109375 0.7157319640625001 0.7673660875 0.108672609375 0.9048292234374999
0 0.0987275265625 0.814860409375 0.10393976875 0.9062192828125 0.1639619578125 0.89721953125 0.161792459375 0.799508028125 0.0987275265625 0.814860409375
2 0.094207034375 0.784335275 0.0952618859375 0.8136504859375 0.16106931093750002 0.8033651 0.15745351875 0.7750801578125001 0.094207034375 0.784335275
0 0.416066059375 0.7538101421875 0.41562118437500006 0.841935428125 0.4662422890625 0.8303642859375 0.4705812296875 0.7339384640625 0.416066059375 0.7538101421875
2 0.4169701578125 0.729711353125 0.41706747968749996 0.7519379953125 0.4741970234375 0.7377954875 0.4691348796875 0.7185103234375 0.4169701578125 0.729711353125
0 0.6809668859375 0.7056125625 0.67740464375 0.7802228640625 0.7164551671875 0.7673660875 0.7251330484375 0.6876541031250001 0.6809668859375 0.7056125625
2 0.678254590625 0.6799071875 0.6766814421875 0.7030822062500001 0.72296355 0.6915111125 0.7222404578125 0.6683689015625001 0.678254590625 0.6799071875