2 0.14395091875 0 0.136711940625 0.02453026875 0.8278201968750001 0.1747308015625 0.8328757828125 0.151576175 0.15311513125 0 0.14395091875 0
0 0.139769171875 0.0299857265625 0.1239353625 0.1210533 0.23609296875000002 0.141051546875 0.2521527875 0.0488093125 0.139769171875 0.0299857265625
3 0.14355029375 0 0.143231840625 0.00182895 0.1832147140625 0.012216759375 0.1851834234375 0 0.14355029375 0
3 0.18178440468749998 0 0.1799577140625 0.00797000625 0.2240676875 0.021579859375 0.225891921875 0 0.18178440468749998 0
3 0.22756531249999998 0 0.22407029218750002 0.017984521875 0.2660089609375 0.0287631953125 0.26863475000000003 0.0041170671875 0.24820545468750002 0 0.22756531249999998 0
3 0.280692884375 0.014325817187500001 0.27774354218749997 0.031108353124999998 0.32077046875000004 0.0397072875 0.32404560625 0.0187867703125 0.280692884375 0.014325817187500001
3 0.3365124515625 0.0243575734375 0.3296791859375 0.042686328125 0.3746618859375 0.051676124999999996 0.3792434921875 0.027420846874999998 0.3365124515625 0.0243575734375
3 0.39054366093750004 0.0325245046875 0.3849129109375 0.05721769375 0.42762851562500004 0.0657544109375 0.4307126421875 0.0422057921875 0.39054366093750004 0.0325245046875
0 0.43671084843749997 0.09272801562500001 0.4205333859375 0.182744903125 0.5044303593749999 0.200720021875 0.522684175 0.10408331875000001 0.43671084843749997 0.09272801562500001
3 0.44578347812499997 0.044697009375 0.44252855156250004 0.0626909421875 0.4845844203125 0.0747205578125 0.49029985781249996 0.048073059375 0.44578347812499997 0.044697009375
3 0.49014028749999994 0.053561721875 0.48655850312500004 0.0714903328125 0.5248886796875001 0.0851918625 0.5323556515625001 0.0601026578125 0.49014028749999994 0.053561721875
3 0.544970234375 0.0645194921875 0.5415402828125 0.08368671093749999 0.5827190765625 0.096749275 0.58646035625 0.0733319859375 0.544970234375 0.0645194921875
3 0.600622440625 0.0745087671875 0.59476790625 0.09794901875 0.6368263984375 0.1063544125 0.641662140625 0.08436406874999999 0.600622440625 0.0745087671875
3 0.655246190625 0.08655815156249999 0.6497496984375 0.11014535 0.6922454171875 0.119846371875 0.7001523890625 0.092428603125 0.655246190625 0.08655815156249999
3 0.7065834093750001 0.0990835453125 0.7027626437500001 0.1183234953125 0.7470098984375 0.129582809375 0.7516283296874999 0.105132571875 0.7065834093750001 0.0990835453125
0 0.711680315625 0.14994633125 0.690402378125 0.2451360015625 0.8082571828124999 0.2638563015625 0.830671290625 0.17046754687500001 0.711680315625 0.14994633125
3 0.7521723515625001 0.1081944984375 0.7467899734375 0.1307471046875 0.79147444375 0.14330211406249999 0.794995884375 0.12104906875000002 0.7521723515625001 0.1081944984375
3 0.8377141531250001 0.1259615765625 0.7955032234375 0.11572135624999999 0.7903827734375 0.13825088125 0.8317839609375 0.14652491406249998 0.8377141531250001 0.1259615765625
2 0.1209775859375 0.1667001609375 0.1164344078125 0.19325743281250002 0.7990020203125 0.338126421875 0.8053719906250001 0.315234459375 0.1209775859375 0.1667001609375
0 0.1166474671875 0.18962405 0.10322580625 0.281236403125 0.2118776921875 0.30174222500000003 0.22750023125 0.2082044234375 0.1166474671875 0.18962405
3 0.12284091562499999 0.14668175 0.120618203125 0.163887303125 0.1766944 0.17751066875 0.1806556859375 0.152929065625 0.12284091562499999 0.14668175
1 0.1267611640625 0.1225431265625 0.12238805625 0.1400760453125 0.18854163906250002 0.154505075 0.19206305625 0.1322521640625 0.1267611640625 0.1225431265625
1 0.1926803125 0.13571707500000002 0.18876156093750002 0.1533407953125 0.7348592171874999 0.26972795 0.7388204218750001 0.245146365625 0.1926803125 0.13571707500000002
1 0.7399513046874999 0.24735487812499998 0.7361734484375 0.26999059999999997 0.8005676609375 0.293734040625 0.805408571875 0.2644952390625 0.7399513046874999 0.24735487812499998
3 0.18260191718750002 0.155226525 0.1777914109375 0.1753133734375 0.231896109375 0.188542734375 0.233006196875 0.1682243140625 0.18260191718750002 0.155226525
3 0.2396874109375 0.17116635468750002 0.2347421078125 0.1915279703125 0.2875350875 0.20087042031250002 0.2934678578125 0.17668288906250001 0.2396874109375 0.17116635468750002
3 0.299654609375 0.1786195171875 0.294981190625 0.20477502187500002 0.349963009375 0.216971409375 0.351512940625 0.194324428125 0.299654609375 0.1786195171875
3 0.369886225 0.1926553109375 0.365520275 0.214039271875 0.4172109703125 0.2328274171875 0.42117228593749995 0.20824585468749998 0.369886225 0.1926553109375
3 0.4395017734375 0.20656798437499999 0.43364273124999997 0.23248654218749998 0.48577327343750004 0.24894609843749999 0.49280309375 0.222561278125 0.4395017734375 0.20656798437499999
3 0.5004717125 0.22167732031249998 0.4987018890625 0.245488621875 0.5497380578125 0.2605211984375 0.5545764125 0.23490668124999997 0.5004717125 0.22167732031249998
3 0.5719536125 0.2364369640625 0.5674841171875 0.260443021875 0.6145772890625001 0.27468759062500003 0.6218244171875 0.2507626625 0.5719536125 0.2364369640625
3 0.6300675671875 0.25031668749999997 0.6248745890625 0.27432900937500004 0.6813880609375 0.28924795937500003 0.68644371875 0.2660933671875 0.6300675671875 0.25031668749999997
3 0.7015313171875001 0.2645987234375 0.6960655828125 0.290973034375 0.7541159078125 0.3013661296875 0.7576373375000001 0.279113153125 0.7015313171875001 0.2645987234375
0 0.6844472953125 0.3144271171875 0.66596975 0.4033668171875 0.7798789265625 0.42492337812500003 0.799659175 0.33825775468749997 0.6844472953125 0.3144271171875
3 0.75738215625 0.28369027343750003 0.7545531328124999 0.30266177656250004 0.8069088515624999 0.3107085734375 0.8102077328125 0.2932441140625 0.75738215625 0.28369027343750003
0 0.40948035000000005 0.2538108375 0.3936894078125 0.3429103078125 0.477369115625 0.3584255078125 0.4914495125 0.276662025 0.40948035000000005 0.2538108375
2 0.10634849531249999 0.31930658749999996 0.10286024375 0.34481996875 0.7612117140625 0.4920004640625 0.763889703125 0.4723359328125 0.10634849531249999 0.31930658749999996
3 0.10567872656249999 0.301846971875 0.1025372921875 0.32459577500000003 0.1467871671875 0.3322308859375 0.14680020625 0.31410974999999997 0.10567872656249999 0.301846971875
1 0.10425300625 0.2857025328125 0.1010187234375 0.30375205 0.1500860484375 0.3147664265625 0.1538273671875 0.29134912968750004 0.10425300625 0.2857025328125
1 0.16586220625 0.2946166703125 0.16345185625 0.31260455625 0.698375053125 0.43038325781250003 0.7016766234375 0.4092946421875 0.16586220625 0.2946166703125
1 0.7086094921874999 0.4132801625 0.7053838875 0.43299223906249995 0.775043196875 0.446913659375 0.77681054375 0.42672662343749995 0.7086094921874999 0.4132801625
3 0.147399475 0.31545870625 0.1444420015625 0.33045386250000003 0.1840589828125 0.34020765937499997 0.1874014890625 0.322512246875 0.147399475 0.31545870625
3 0.1889090359375 0.324615246875 0.1850557875 0.343161365625 0.2241733515625 0.3528153796875 0.22652104999999997 0.3294121375 0.1889090359375 0.324615246875
3 0.2386755515625 0.3281685125 0.231833353125 0.3506735296875 0.27344783906250003 0.3608265265625 0.2766252078125 0.34126179687499997 0.2386755515625 0.3281685125
3 0.29206287343750004 0.3417871453125 0.287765 0.3618514734375 0.330376340625 0.37495821406249996 0.33488871875 0.3510694265625 0.29206287343750004 0.3417871453125
3 0.3444968078125 0.35226607187500003 0.33920223125 0.3721312078125 0.3833117453125 0.385537359375 0.3868253046875 0.3614489578125 0.3444968078125 0.35226607187500003
3 0.39677213437500003 0.36615670625 0.393136315625 0.38290993906250004 0.43308162499999997 0.3991565515625 0.4362609328125 0.3768376875 0.39677213437500003 0.36615670625
3 0.4381269203125 0.3735606125 0.433415875 0.3973870140625 0.47519751093749996 0.4066552578125 0.4793736453125 0.38729013125 0.4381269203125 0.3735606125
3 0.48572064531250003 0.3865156296875 0.48402137187500005 0.40658239687500003 0.5249673890625 0.4202744515625 0.5279816265624999 0.3960862328125 0.48572064531250003 0.3865156296875
3 0.54096574375 0.398681109375 0.5362882265625 0.420700584375 0.575238759375 0.43123934531249997 0.5802544515625 0.40194212812499996 0.54096574375 0.398681109375
3 0.5946452640625 0.4091450765625 0.592221925 0.42912441718750005 0.6316697875 0.442517090625 0.6345169546875 0.41921366875 0.5946452640625 0.4091450765625
3 0.6427090671875 0.419611484375 0.638663246875 0.4411602421875 0.680942275 0.4532823875 0.6859560328125001 0.426739275 0.6427090671875 0.419611484375
3 0.6857797984375 0.4282191734375 0.6816593906249999 0.45222949218749997 0.7222751921875 0.4621829296875 0.726457253125 0.43455542343750003 0.6857797984375 0.4282191734375
3 0.7260415703125 0.43626549062500003 0.722277128125 0.45942879531249997 0.759896578125 0.4687833859375 0.7664084843750001 0.44253968125 0.7260415703125 0.43626549062500003
0 0.1008642703125 0.348340371875 0.090978446875 0.4296715765625 0.19151704218750001 0.45710957968750004 0.2057306328125 0.3708876421875 0.1008642703125 0.348340371875
0 0.399157815625 0.41413494375 0.38478105937499996 0.4957334109375 0.466848175 0.511216375 0.4817243140625 0.42971770937500003 0.399157815625 0.41413494375
0 0.6492288171875 0.46740044531249997 0.6336385359375 0.55281298125 0.743007021875 0.5719157625 0.7603781359374999 0.49367023750000005 0.6492288171875 0.46740044531249997
2 0.090470853125 0.472808440625 0.0858243515625 0.48988092187500004 0.727693946875 0.6365220328125 0.7330400203125 0.61096349375 0.090470853125 0.472808440625
3 0.0893950875 0.45021130625000005 0.0856205171875 0.471754796875 0.1338942390625 0.4823204875 0.136407065625 0.46078660937500004 0.0893950875 0.45021130625000005
1 0.09096775781250001 0.43416942187499996 0.08779911093750001 0.45199043593750005 0.1498905921875 0.46348129218749995 0.152397471875 0.4502097375 0.09096775781250001 0.43416942187499996
1 0.151045115625 0.4504801453125 0.1485575828125 0.465051203125 0.676741284375 0.5770359625 0.6797535234375001 0.55560189375 0.151045115625 0.4504801453125
3 0.6853552765625001 0.5796442234375 0.6795506921875 0.6060607140625 0.7318195375000001 0.6174248046875 0.7363298703125001 0.5962901031250001 0.6853552765625001 0.5796442234375
1 0.6820915671875001 0.560914084375 0.676241903125 0.5769361625 0.7228483640625 0.5908413015625 0.72735874375 0.5697066609375 0.6820915671875001 0.560914084375
3 0.137613665625 0.462430346875 0.13372910625 0.480451146875 0.18133436249999998 0.49455589375000003 0.1835129015625 0.47479157499999997 0.137613665625 0.462430346875
3 0.19878595 0.4755164859375 0.1951540734375 0.49272693125 0.24442260781249997 0.509000425 0.2479342234375 0.48766618125 0.19878595 0.4755164859375
3 0.261519409375 0.48805377187500004 0.257741003125 0.5098257687500001 0.305348221875 0.5211764156250001 0.30835846718750004 0.502496440625 0.261519409375 0.48805377187500004
3 0.3276847625 0.5029986281250001 0.3233263078125 0.5247693375 0.372765921875 0.5346498484375 0.37727431562499997 0.5162692796874999 0.3276847625 0.5029986281250001
3 0.386672940625 0.514787421875 0.382755678125 0.5338918078125 0.432692740625 0.5466262296875 0.43486929218750003 0.52961600625 0.386672940625 0.514787421875
3 0.45408799999999994 0.528260328125 0.4498390984375 0.549134771875 0.4984450765625 0.5606850453125001 0.502955584375 0.5395503546875 0.45408799999999994 0.528260328125
3 0.5144768265625 0.5454941484375 0.5095968 0.5647500328125 0.5545419140625001 0.5737323187500001 0.557719284375 0.5541675890625 0.5144768265625 0.5454941484375
3 0.5747127921875 0.5583931640625 0.572022584375 0.5744713124999999 0.622124775 0.5890750984374999 0.6256344046875 0.5704949265625 0.5747127921875 0.5583931640625
3 0.6344825125 0.5686164453125 0.63061445 0.5907717609375001 0.6802171453125 0.6052757234375 0.6850637749999999 0.579617396875 0.6344825125 0.5686164453125
0 0.086240165625 0.49520592968750005 0.0752775796875 0.570408475 0.1764826890625 0.59706155 0.1896935359375 0.5161482046875 0.086240165625 0.49520592968750005
0 0.3647935296875 0.5534574015625 0.3509330203125 0.6365163265625 0.42983467500000005 0.655039296875 0.4463780796875 0.5702011546875 0.3647935296875 0.5534574015625
0 0.6199369734375 0.609612953125 0.602289465625 0.6913407671875 0.7069922875 0.7159382875 0.727528815625 0.63465269375 0.6199369734375 0.609612953125
2 0.060488084374999994 0.6101614265624999 0.0563929203125 0.6331561859375 0.693504759375 0.7726251671875 0.698522778125 0.752655253125 0.060488084374999994 0.6101614265624999
1 0.0741652921875 0.5719911203125 0.0722673609375 0.5890884546875 0.12885958749999998 0.607743796875 0.13453389843750002 0.58867808125 0.0741652921875 0.5719911203125
1 0.1350241953125 0.58673633125 0.131024275 0.6072582265625 0.6403943484375 0.7200739421875 0.6450718656250001 0.6980544703125 0.1350241953125 0.58673633125
1 0.6451543859375 0.6998769671875 0.6410608609375 0.7192889609375 0.701487059375 0.7313651421875 0.7056631953125 0.7120000156249999 0.6451543859375 0.6998769671875
0 0.0575445796875 0.6331638125 0.04672671875 0.714011625 0.14717808906250002 0.7329830515625 0.16144582031250002 0.6541510171875 0.0575445796875 0.6331638125
3 0.0657249984375 0.5883822109375 0.058814559375 0.6136670203125 0.0975998703125 0.6223364484375 0.10027783750000001 0.6026718625 0.0657249984375 0.5883822109375
3 0.10052362343750001 0.597058421875 0.0986006296875 0.61978193125 0.1360528953125 0.630021290625 0.138896015625 0.6122260984375 0.10052362343750001 0.597058421875
3 0.140313403125 0.610175521875 0.1382195796875 0.6267815984375 0.177834565625 0.6392895171874999 0.18251208125 0.6172700453125 0.140313403125 0.610175521875
3 0.1918110171875 0.620467325 0.185492540625 0.6399018078125 0.22494237031250003 0.65054035625 0.2277855234375 0.6327451453124999 0.1918110171875 0.620467325
3 0.24080922343750003 0.6337030296874999 0.23776138593749999 0.651265896875 0.279208803125 0.6623036640625 0.28088796562499996 0.642439515625 0.24080922343750003 0.6337030296874999
3 0.2923087546875 0.641412659375 0.29003022968750003 0.6626299859375 0.330980196875 0.6708138406249999 0.33332393437499996 0.65291885 0.2923087546875 0.641412659375
0 0.335058978125 0.6960747703125 0.3208638953125 0.769901828125 0.40190469531249995 0.786097840625 0.41657177343749996 0.7084495171875 0.335058978125 0.6960747703125
3 0.3417751203125 0.6547419234375 0.33847104843750003 0.6723108890625 0.37758864999999997 0.6819648843749999 0.3797672515625 0.66220055 0.3417751203125 0.6547419234375
3 0.38156873125 0.66269468125 0.37842228125 0.6802951453125 0.418703778125 0.6920180859375 0.42221340312500005 0.6734379390624999 0.38156873125 0.66269468125
3 0.430414078125 0.6715955765625 0.4273625140625 0.69007585625 0.4676440109375 0.7017987953125 0.4709865125 0.6841034046875001 0.430414078125 0.6715955765625
3 0.48039321562500004 0.6866892124999999 0.47812604375 0.7017155734375 0.5171178125 0.713108259375 0.5195791546875 0.6946994203125 0.48039321562500004 0.6866892124999999
3 0.5326968812499999 0.6971421046875 0.5285394671875 0.7144907875000001 0.568837796875 0.7243444703125 0.571954553125 0.702466559375 0.5326968812499999 0.6971421046875
3 0.5805960265625 0.706714753125 0.577158840625 0.7260074328125 0.6177848171875 0.7341265375 0.6204100359375 0.71485048125 0.5805960265625 0.706714753125
0 0.584891671875 0.7497286953125 0.570783271875 0.82867884375 0.67543179375 0.8551120265625001 0.694506834375 0.7706177796875 0.584891671875 0.7497286953125
3 0.6202367 0.7146369453125 0.6168059125 0.733930903125 0.65677658125 0.7455192546875 0.6595676921875 0.7226761421875 0.6202367 0.7146369453125
3 0.660612209375 0.721693615625 0.6564529875 0.7418543750000001 0.6995243984374999 0.7531623187500001 0.7023133140625 0.733018915625 0.660612209375 0.721693615625
2 0.6660269343749999 0.8923171953125 0.044106190625 0.7523117125 0.0438793453125 0.7533792640625 0.044801015625 0.7692037359375 0.6612419171874999 0.9122281109375001 0.6660269343749999 0.8923171953125
0 0.1425245921875 0.7876952046875 0.0449437828125 0.7716549406250001 0.049294634375 0.8463561937499999 0.13276313125 0.86376938125 0.1425245921875 0.7876952046875
3 0.09139984375 0.7439090796875 0.04652780625 0.7303443359374999 0.0435546109375 0.7478037843750001 0.0435636734375 0.7479593890625 0.0895792671875 0.7589687281249999 0.09139984375 0.7439090796875
1 0.048033306250000005 0.7094846015625 0.0437129234375 0.7299668171875 0.108543103125 0.7462346484375 0.1109590578125 0.7268484640625 0.048033306250000005 0.7094846015625
1 0.11420594218749999 0.7227092093749999 0.10894495312500001 0.74410723125 0.6091853281249999 0.85953395 0.6140049515625 0.8373167 0.11420594218749999 0.7227092093749999
0 0.5539318390625 0.8888979375 0.539153434375 0.9595028109375001 0.6033676546875 0.974610428125 0.6443510906250001 0.9727015937499999 0.6602570890624999 0.9093094374999999 0.5539318390625 0.8888979375
3 0.6242639703124999 0.85805114375 0.6189924171875 0.8783809890625 0.6645468109375 0.892021390625 0.6696600171875 0.873083453125 0.6242639703124999 0.85805114375
1 0.6136398015625 0.8386620796875001 0.6105868937500001 0.858710190625 0.6726164984375 0.8733144640624999 0.677436109375 0.8510972875 0.6136398015625 0.8386620796875001
3 0.09333050312499999 0.7417388890625001 0.08941613281250001 0.7571216609375 0.13711126093749998 0.7675607375 0.1409074609375 0.7501740609375 0.09333050312499999 0.7417388890625001
3 0.1532694921875 0.753717703125 0.14845554218749998 0.7752714796875 0.19680720625 0.7876564203124999 0.20159422343750003 0.765024109375 0.1532694921875 0.753717703125
3 0.2222740859375 0.766487759375 0.21917753437499998 0.7884980125000001 0.2657226953125 0.7968928640625 0.26968408125 0.7786318750000001 0.2222740859375 0.766487759375
3 0.2783258671875 0.7807512609375 0.275095409375 0.80148773125 0.3213123015625 0.8089096546875 0.324613109375 0.794145796875 0.2783258671875 0.7807512609375
0 0.313444228125 0.8296107984375001 0.297717371875 0.9067154390625 0.3771575046875 0.9198697953125 0.392181309375 0.8457545328125 0.313444228125 0.8296107984375001
3 0.337152603125 0.795569334375 0.33348228125 0.8122490906250001 0.379530028125 0.8259880875000001 0.383988815625 0.8023830125 0.337152603125 0.795569334375
3 0.39912580000000003 0.8089751984375001 0.395649259375 0.8273950203125 0.43906684531250006 0.8387937921875 0.4433584875 0.8187843984375001 0.39912580000000003 0.8089751984375001
3 0.457399815625 0.8206212671875001 0.4530473296875 0.8406805281249999 0.49942336093749995 0.8553923671874999 0.50338673125 0.8344100750000001 0.457399815625 0.8206212671875001
3 0.5125251 0.8367406359375 0.509786825 0.8547417765624999 0.5564932171875 0.867705046875 0.5611150765625 0.8459470906250001 0.5125251 0.8367406359375
3 0.572461815625 0.851780540625 0.5686631515625 0.8710445375000001 0.620140390625 0.8831467640625 0.62311485625 0.8646886015625 0.572461815625 0.851780540625
1 0.0891783703125 0.8559662578125 0.049274368750000005 0.846008240625 0.050434535937500004 0.8659275281250001 0.0840650515625 0.8749042359375 0.0891783703125 0.8559662578125
1 0.0906572546875 0.853461328125 0.08521903125 0.871505803125 0.531420584375 0.9779614171875 0.580490290625 0.975675959375 0.5830683734375001 0.965557390625 0.0906572546875 0.853461328125