2 0.0076457125 0.20767903125 0.006409645312499999 0.23080014062499998 0.716251934375 0.2871048765625 0.716251934375 0.2706017921875 0.0076457125 0.20767903125
0 0.0076457125 0.2295144421875 0.0075017140625000004 0.3298188359375 0.1369114203125 0.33758499999999997 0.1358193296875 0.23565399843749998 0.0076457125 0.2295144421875
3 0.00559775 0.1797782265625 0.0048954671875000005 0.2070170234375 0.05622253125 0.21187088125 0.05622253125 0.18663081875 0.00559775 0.1797782265625
3 0.0567967953125 0.184630540625 0.05676855468749999 0.2099293671875 0.10481943125 0.2128416375 0.10481943125 0.1905139375 0.0567967953125 0.184630540625
3 0.106630534375 0.18948285468749998 0.10536545625 0.2128416375 0.1550544046875 0.21672473750000001 0.1561464953125 0.19148467656249998 0.106630534375 0.18948285468749998
3 0.160560196875 0.19190901093749999 0.1616068203125 0.2157539625 0.20911163125 0.22254935156250003 0.20965765468750003 0.19536779531249998 0.160560196875 0.19190901093749999
3 0.22063374375000003 0.197974403125 0.21948625625 0.21963708125 0.267537090625 0.2254616765625 0.267537090625 0.201192390625 0.22063374375000003 0.197974403125
3 0.2786593296875 0.2040397953125 0.2790038078125 0.2244909390625 0.324870503125 0.231286309375 0.3243244796875 0.2109001046875 0.2786593296875 0.2040397953125
0 0.3387328765625 0.25498909062499997 0.33839742031250003 0.3472927140625 0.42685466875 0.356029671875 0.42903880625 0.265747934375 0.3387328765625 0.25498909062499997
3 0.3380502234375 0.20889210937499997 0.33688324375 0.230315534375 0.3843880546875 0.2371109234375 0.3843880546875 0.214783225 0.3380502234375 0.20889210937499997
3 0.3851533453125 0.2149575015625 0.38329600625000004 0.2380816984375 0.427524671875 0.24293555625000002 0.427524671875 0.22157859531250002 0.3851533453125 0.2149575015625
3 0.4377177 0.219809815625 0.43780206406250005 0.2380816984375 0.47984655 0.24487710625 0.47930052500000003 0.2254616765625 0.4377177 0.219809815625
3 0.49301267031249996 0.2258752078125 0.490221175 0.24584786250000001 0.534995865625 0.2526432703125 0.534995865625 0.230315534375 0.49301267031249996 0.2258752078125
3 0.5435290625 0.230727521875 0.5437323765625 0.24778941250000003 0.5841387890624999 0.25458482031249996 0.5841387890624999 0.234198653125 0.5435290625 0.230727521875
3 0.5940454546875 0.233153678125 0.5928753015625 0.2565263703125 0.6360118359375 0.258467921875 0.63764995 0.2361401671875 0.5940454546875 0.233153678125
0 0.6081374828125 0.2822510203125 0.6054073203125 0.36962045 0.7113375921875 0.3773866515625 0.71570586875 0.28613412031249996 0.6081374828125 0.2822510203125
3 0.63773530625 0.23436675624999997 0.63764995 0.259438678125 0.6786023875 0.265263290625 0.679148453125 0.2390525109375 0.63773530625 0.23436675624999997
3 0.6796944359375 0.2371109234375 0.6775103390625 0.259438678125 0.719554825 0.2672048421875 0.7206468734375 0.24390635 0.6796944359375 0.2371109234375
2 0.0087731703125 0.37850419999999996 0.0087587015625 0.4031593328125 0.712222446875 0.442018915625 0.712222446875 0.41645336874999994 0.0087731703125 0.37850419999999996
1 0.010376328125 0.33019995468749996 0.0107779 0.3472927140625 0.0855843578125 0.354088121875 0.0866764046875 0.3337019359375 0.010376328125 0.33019995468749996
1 0.09092949375 0.3338391890625 0.0899526328125 0.354088121875 0.6490899203125 0.3929189796875 0.647997871875 0.3735035515625 0.09092949375 0.3338391890625
1 0.6507057328125 0.3726577 0.6507280343749999 0.39097742968750004 0.704239153125 0.39486053125 0.7053312843749999 0.3783574078125 0.6507057328125 0.3726577
3 0.0124242890625 0.34718305156249996 0.013508062500000001 0.3764158578125 0.0626509875 0.382240509375 0.062104964062500004 0.3550588796875 0.0124242890625 0.34718305156249996
0 0.009492282812499999 0.4066172734375 0.011059490625 0.5013307171875 0.1404784109375 0.5064438109375 0.1393280375 0.410317671875 0.009492282812499999 0.4066172734375
3 0.0663539515625 0.3568876796875 0.0664732203125 0.3764158578125 0.10524151875000001 0.382240509375 0.1057875421875 0.36088352968750004 0.0663539515625 0.3568876796875
3 0.1079958421875 0.3568876796875 0.1090637703125 0.380298959375 0.15383841874999998 0.384182021875 0.15383841874999998 0.357971221875 0.1079958421875 0.3568876796875
3 0.1673867359375 0.360526915625 0.1663971828125 0.384182021875 0.21171785625 0.387094365625 0.21444801875000002 0.36476659375 0.1673867359375 0.360526915625
3 0.22541232187500002 0.3665923078125 0.22536866875 0.386123571875 0.27232745468749997 0.3919482234375 0.27178143125 0.37059124374999997 0.22541232187500002 0.3665923078125
3 0.284803215625 0.3702315421875 0.2843401953125 0.3919482234375 0.33184500625 0.39583128749999996 0.3323910296875 0.37253279375 0.284803215625 0.3702315421875
0 0.338846209375 0.42322954375000005 0.33834556718750003 0.5105343015625 0.424624846875 0.5146247546875 0.42692559374999994 0.42667955625 0.338846209375 0.42322954375000005
3 0.3407808390625 0.37144462031250003 0.3400354921875 0.3938897359375 0.3848101828125 0.3997143875 0.3864482546875 0.3773866515625 0.3407808390625 0.37144462031250003
3 0.3872013078125 0.3775100140625 0.38590223125 0.39874363125 0.42849278281250003 0.4045682453125 0.42958483125 0.3783574078125 0.3872013078125 0.3775100140625
3 0.4389754609375 0.37906057656250003 0.4385108203125 0.40127510624999996 0.48249443437500006 0.4057013609375 0.48249443437500006 0.383570165625 0.4389754609375 0.37906057656250003
3 0.49033278906250005 0.3827479359375 0.48954843124999997 0.4064390578125 0.5322872125 0.40938989374999996 0.5322872125 0.3872586984375 0.49033278906250005 0.3827479359375
3 0.540652596875 0.3864352953125 0.538926275 0.4071767515625 0.5812501250000001 0.41160300781250003 0.5820799921875001 0.39020950781249997 0.540652596875 0.3864352953125
3 0.58993488125 0.388278975 0.5899638859375 0.410865284375 0.6343624343750001 0.4160292359375 0.6347773375 0.392422621875 0.58993488125 0.388278975
0 0.6070755 0.438563946875 0.6046609625 0.5166699984374999 0.7076208671875001 0.5268961875 0.7127976765625 0.442018915625 0.6070755 0.438563946875
3 0.6340295578124999 0.39012265468749996 0.6335325671875001 0.41455381718749995 0.6729518515625 0.416766959375 0.6741966203125 0.3931603453125 0.6340295578124999 0.39012265468749996
3 0.6744929078124999 0.391966334375 0.6729518515625 0.41381612187499994 0.7107113375 0.4189800734375 0.7132010015625 0.3946357640625 0.6744929078124999 0.391966334375
2 0.707045725 0.5902579890624999 0.7076208671875001 0.5698056125 0.0138069640625 0.5459047734375 0.012785071875000002 0.5749187078125 0.34064635781249997 0.58207696875 0.493648271875 0.5790091203125 0.707045725 0.5902579890624999
1 0.0116496234375 0.5011794296875001 0.012785071875000002 0.5217830921875 0.08813565625 0.527918828125 0.0887108421875 0.5074664531249999 0.0116496234375 0.5011794296875001
1 0.08931386875 0.5050130296875001 0.089861215625 0.527918828125 0.6454997687499999 0.5422354687500001 0.6449246265624999 0.5238284156249999 0.08931386875 0.5050130296875001
0 0.6012097562500001 0.588212665625 0.5994841531249999 0.6679769203125 0.7047448921874999 0.6689995625 0.7076208671875001 0.5902579890624999 0.6012097562500001 0.588212665625
3 0.6595707765625 0.5459047734375 0.65930450625 0.5667376875000001 0.7064704953125001 0.5708281765625001 0.7076208671875001 0.5483305578125 0.6595707765625 0.5459047734375
1 0.6437502828125 0.5229031671875 0.6443493953125 0.5453033171875 0.708771240625 0.5463259593750001 0.71049684375 0.519737846875 0.6437502828125 0.5229031671875
0 0.0116496234375 0.5714621125 0.0150858625 0.6669543953125 0.14105359687500002 0.664909071875 0.1393280375 0.57185078125 0.0116496234375 0.5714621125
3 0.0138069640625 0.524181034375 0.0139354671875 0.5473485625000001 0.06915419687499999 0.551439053125 0.06915419687499999 0.5238284156249999 0.0138069640625 0.524181034375
3 0.072055146875 0.52673676875 0.0714549875 0.5493938859374999 0.12724890312499998 0.5534842984375 0.12724890312499998 0.527918828125 0.072055146875 0.52673676875
3 0.14109003125 0.5318482359375001 0.14105359687500002 0.551439053125 0.1951219546875 0.5545069796875 0.19684755781250002 0.5299640359375 0.14109003125 0.5318482359375001
3 0.21300136875 0.5318482359375001 0.212952996875 0.5545069796875 0.2629950046875 0.55757475 0.2629950046875 0.5309866765625 0.21300136875 0.5318482359375001
3 0.28203625312499997 0.5344039703125001 0.28025086093749996 0.55757475 0.3366199640625 0.55757475 0.3366199640625 0.53200928125 0.28203625312499997 0.5344039703125001
0 0.338846209375 0.5816850484375 0.3389207546875 0.664909071875 0.4240496171875 0.6659317140625001 0.424624846875 0.5779864781249999 0.338846209375 0.5816850484375
3 0.3568240453125 0.5369597046875 0.35732698281249997 0.5555295046875 0.40851936406249995 0.55757475 0.40909455 0.5330319234374999 0.3568240453125 0.5369597046875
3 0.425139815625 0.5331261031250001 0.42520007812499994 0.5555295046875 0.4752420421875 0.5596200734375001 0.4752420421875 0.536099771875 0.425139815625 0.5331261031250001
3 0.48482622500000006 0.5356818375 0.4844451125 0.556552146875 0.5350623078125001 0.5606425984375 0.5350623078125001 0.5391676984375 0.48482622500000006 0.5356818375
3 0.548827315625 0.54079330625 0.5488670453125 0.56162459375 0.5983337796875 0.5646924421875 0.5989090109374999 0.5401495765625 0.548827315625 0.54079330625
3 0.6113901796875 0.542071171875 0.6104129140625 0.5646924421875 0.657578903125 0.567760290625 0.65930450625 0.5473079140625 0.6113901796875 0.542071171875
2 0.01740253125 0.7081938796875 0.0168114421875 0.731379290625 0.701868915625 0.7354697812500001 0.7030192890625 0.7129722390625 0.01740253125 0.7081938796875
1 0.015245190624999998 0.664746403125 0.014510653125 0.6863840890625 0.0887108421875 0.6863840890625 0.0887108421875 0.6659317140625001 0.015245190624999998 0.664746403125
1 0.08931386875 0.664746403125 0.0904364453125 0.685361446875 0.6408982765625 0.6894519375 0.6408982765625 0.6710448078125 0.08931386875 0.664746403125
1 0.64204865 0.670022165625 0.64204865 0.6894519375 0.7030192890625 0.6914971828125 0.7030192890625 0.6669543953125 0.64204865 0.670022165625
0 0.01740253125 0.7337512187499999 0.0179618375 0.8254602640625001 0.1427792 0.8234149796875 0.1422040140625 0.731379290625 0.01740253125 0.7337512187499999
3 0.01740253125 0.689025875 0.019687418749999998 0.7088816703124999 0.06282705937500001 0.710926915625 0.06282705937500001 0.6874067703125 0.01740253125 0.689025875
3 0.0627066734375 0.686470140625 0.06282705937500001 0.705813821875 0.108842675 0.7099043125 0.10941786093750001 0.68433884375 0.0627066734375 0.686470140625
3 0.11088727031250001 0.6877480078125 0.11171865 0.710926915625 0.15658389374999998 0.710926915625 0.158309453125 0.6894519375 0.11088727031250001 0.6877480078125
3 0.174888359375 0.6851922734375 0.1761404953125 0.7099043125 0.21870494843750002 0.7119495578125 0.2192801359375 0.6863840890625 0.174888359375 0.6851922734375
3 0.23241742968749998 0.6851922734375 0.23193445625 0.7088816703124999 0.27507409531250004 0.7119495578125 0.2756492828125 0.6894519375 0.23241742968749998 0.6851922734375
3 0.2906656140625 0.6903037421875 0.289453975 0.7129722390625 0.3331688015625 0.71501740625 0.3331688015625 0.6863840890625 0.2906656140625 0.6903037421875
0 0.3402844375 0.7363069531249999 0.3400711265625 0.8183018859375 0.42289924375 0.8183018859375 0.42520007812499994 0.7324019328125 0.3402844375 0.7363069531249999
3 0.34100355000000004 0.686470140625 0.3417967296875 0.71501740625 0.3843611828125 0.7129722390625 0.38378599687500004 0.6863840890625 0.34100355000000004 0.686470140625
3 0.3855885796875 0.686470140625 0.38551155625 0.7099043125 0.42865119687500003 0.7119495578125 0.42807605468750004 0.6884292953125 0.3855885796875 0.686470140625
3 0.435926515625 0.6903037421875 0.434978378125 0.710926915625 0.47869316093750003 0.7129722390625 0.47926839218749995 0.6894519375 0.435926515625 0.6903037421875
3 0.48554533906249997 0.6903037421875 0.4855955734375 0.7099043125 0.5264343796875 0.7129722390625 0.5252840078125 0.6894519375 0.48554533906249997 0.6903037421875
3 0.5322877078125 0.691581609375 0.5321863328124999 0.7139947640625001 0.5759012015625 0.7129722390625 0.5741756 0.6833162015625 0.5322877078125 0.691581609375
3 0.5839539 0.6894519375 0.5828035265625 0.710926915625 0.6230671906249999 0.71501740625 0.6230671906249999 0.6894519375 0.5839539 0.6894519375
0 0.599884365625 0.7363069531249999 0.5989090109374999 0.8183018859375 0.6995681703125001 0.8193244890625 0.7012937734375 0.7375149875 0.599884365625 0.7363069531249999
3 0.62289599375 0.6903037421875 0.6230671906249999 0.7119495578125 0.6633308546875 0.7139947640625001 0.6633308546875 0.6894519375 0.62289599375 0.6903037421875
3 0.66388545625 0.6903037421875 0.6639060859375 0.7119495578125 0.7030192890625 0.7139947640625001 0.7030192890625 0.6894519375 0.66388545625 0.6903037421875
1 0.0225633953125 0.8254602640625001 0.0225633953125 0.8438673546875 0.0921620046875 0.8418221484374999 0.09158681875 0.8223923765625001 0.0225633953125 0.8254602640625001
1 0.0936285484375 0.8206461734375001 0.093312421875 0.8397768640625 0.6380223015625 0.8346637703124999 0.6374470703124999 0.8152340765625 0.0936285484375 0.8206461734375001
1 0.6372782609375001 0.8180904390625001 0.6362966984375 0.8336411671875 0.6932409875000001 0.8356864515625 0.6961169640625 0.8183018859375 0.6372782609375001 0.8180904390625001