3 0.0902582796875 0.1612337375 0.090260446875 0.186105684375 0.722885003125 0.1933111078125 0.722885003125 0.1680921484375 0.0902582796875 0.1612337375
0 0.0888326484375 0.21612301718750002 0.0922880875 0.31310116875 0.146020628125 0.31220047968750003 0.146020628125 0.21222535781250002 0.0888326484375 0.21612301718750002
2 0.0897535296875 0.186105684375 0.0897535296875 0.21312599531249998 0.147541365625 0.21132464374999999 0.14652753125 0.18340366875 0.0897535296875 0.186105684375
0 0.38426866875 0.2158280375 0.38426866875 0.3167038734375 0.43901500000000004 0.3149025203125 0.43698738906249995 0.2167287515625 0.38426866875 0.2158280375
2 0.38346306874999997 0.188256153125 0.3837617671875 0.21312599531249998 0.438508096875 0.2167287515625 0.438508096875 0.190609078125 0.38346306874999997 0.188256153125
0 0.670490121875 0.2220341703125 0.669152478125 0.315803209375 0.7254195765625 0.315803209375 0.7274471874999999 0.21492737343749999 0.670490121875 0.2220341703125
2 0.6700149125 0.1916339546875 0.66965938125 0.21762938906249998 0.7249126734375 0.218530078125 0.7244057703125 0.195112459375 0.6700149125 0.1916339546875
3 0.0902582796875 0.3419461359375 0.088739709375 0.3641670203125 0.727954090625 0.369571103125 0.7259265375 0.34345145625 0.0902582796875 0.3419461359375
1 0.093584753125 0.31239036875 0.0922880875 0.33651874843749996 0.7259265375 0.34192283125 0.7264333828125 0.3112998421875 0.093584753125 0.31239036875
0 0.08872115781249999 0.39266113125 0.091388084375 0.49111411875 0.146690828125 0.49028140468750003 0.145284846875 0.39035421718749996 0.08872115781249999 0.39266113125
2 0.0897535296875 0.3668690625 0.088739709375 0.39028666875 0.14551372499999998 0.3884853171875 0.14652753125 0.36506773593749997 0.0897535296875 0.3668690625
0 0.38265211875 0.39500335781249996 0.3838365734375 0.49111411875 0.43960800312500004 0.489448665625 0.43867062968750004 0.39035421718749996 0.38265211875 0.39500335781249996
2 0.38122719374999997 0.3713724296875 0.3802133875 0.3938893734375 0.43800119375 0.3911873328125 0.438508096875 0.3659683734375 0.38122719374999997 0.3713724296875
0 0.66911398125 0.39266113125 0.6678490421875 0.49361228281249997 0.7231518671875 0.49444504531250005 0.725963775 0.3928523828125 0.66911398125 0.39266113125
2 0.6700149125 0.37065745156249996 0.66965938125 0.392988684375 0.7259265375 0.3938893734375 0.7254195765625 0.3659683734375 0.6700149125 0.37065745156249996
3 0.0961902546875 0.5191413218750001 0.0965434140625 0.54107780625 0.7240891328125 0.5419104734375 0.7231518671875 0.5194268421875 0.0961902546875 0.5191413218750001
1 0.09179666875 0.492596096875 0.0899820765625 0.518594103125 0.7236204734375 0.518594103125 0.7231518671875 0.489448665625 0.09179666875 0.492596096875
0 0.0960791953125 0.56110403125 0.09779040781250001 0.6648004359375 0.1510036859375 0.663065615625 0.1505154703125 0.5685164328125001 0.0960791953125 0.56110403125
2 0.098367521875 0.5440253015625001 0.09632580156250001 0.5641793078124999 0.15149187343749998 0.5650467171875 0.15149187343749998 0.5381566015625 0.098367521875 0.5440253015625001
0 0.3834930015625 0.5627305765624999 0.38387280625 0.6613307453124999 0.4390388640625 0.6613307453124999 0.440015240625 0.5615770265625 0.3834930015625 0.5627305765624999
2 0.3844083328125 0.5407722109375 0.38338461874999996 0.5624444609375 0.42976318437499994 0.5641793078124999 0.4322041234375 0.5416263421874999 0.3844083328125 0.5407722109375
0 0.6686184828124999 0.5684234859374999 0.6675142671875001 0.6665352812500001 0.7197511421875 0.6656678703125001 0.7212157609375 0.565914153125 0.6686184828124999 0.5684234859374999
2 0.6670260796874999 0.542493728125 0.6660496484375 0.5650467171875 0.7236567 0.5667815875 0.7236567 0.5416263421874999 0.6670260796874999 0.542493728125
3 0.09790985625000001 0.6896011375 0.0973021921875 0.7131134953125 0.7182865781250001 0.71137865 0.7202393296875 0.6879582265625 0.09790985625000001 0.6896011375
1 0.0951638640625 0.6668294984375 0.09534942656249999 0.688220859375 0.7231685125 0.6899557296875 0.7231685125 0.663065615625 0.0951638640625 0.6668294984375
0 0.0960791953125 0.7416505984375 0.09779040781250001 0.8380224843749999 0.152956465625 0.8380224843749999 0.152956465625 0.73653396875 0.0960791953125 0.7416505984375
2 0.096994525 0.7139993234374999 0.09534942656249999 0.73653396875 0.1510036859375 0.7391362 0.1519800609375 0.71137865 0.096994525 0.7139993234374999
0 0.38944265 0.73433114375 0.3877783640625 0.835420228125 0.4444090421875 0.8371550734375001 0.4444090421875 0.73653396875 0.38944265 0.73433114375
2 0.390707546875 0.71137865 0.388754740625 0.7330642296875001 0.4453854171875 0.734799075 0.44489722968749995 0.71137865 0.390707546875 0.71137865
2 0.66633015625 0.7091196859375 0.665561515625 0.735666509375 0.719263009375 0.734799075 0.7187747671875 0.707908959375 0.66633015625 0.7091196859375
0 0.6690761468749999 0.74815678125 0.66946701875 0.8397573296875 0.7187747671875 0.8432270203125001 0.7212157609375 0.749545321875 0.6690761468749999 0.74815678125
1 0.096994525 0.8400566109375 0.09779040781250001 0.8579732421875 0.7212157609375 0.863177853125 0.7197511421875 0.83888991875 0.096994525 0.8400566109375