2 0.008119746875 0.051208254687499996 0.007633175000000001 0.076183296875 0.70931881875 0.106748203125 0.70931881875 0.08410752187500001 0.008119746875 0.051208254687499996
0 0.008119746875 0.07242714375 0.0114536203125 0.17014211562499998 0.13561759375 0.17467026875 0.13307063125000002 0.08184346718749999 0.008119746875 0.07242714375
3 0.03125 0.03984375 0.0453125 0.02578125
3 0.07734375 0.0421875 0.04765625 0.03046875
3 0.1265625 0.0484375 0.04765625 0.021875
3 0.1828125 0.0515625 0.04609375 0.0234375
3 0.23671875 0.05 0.04453125 0.02890625
3 0.2921875 0.0546875 0.04453125 0.02421875
0 0.33173301875 0.0942958453125 0.3310962421875 0.1871226265625 0.4196028796875 0.1882546859375 0.4202396078125 0.0954278625 0.33173301875 0.0942958453125
3 0.3484375 0.0578125 0.0421875 0.02421875
3 0.3921875 0.0609375 0.04609375 0.02578125
3 0.44453125 0.0640625 0.04375 0.02265625
3 0.50078125 0.06484375 0.0421875 0.025
3 0.5546875 0.0671875 0.04140625 0.02265625
3 0.6078125 0.0703125 0.04296875 0.02734375
0 0.601976825 0.10071899531249999 0.6004366234375 0.192782796875 0.7080453624999999 0.1961788890625 0.709955596875 0.106748203125 0.601976825 0.10071899531249999
3 0.64921875 0.06953125 0.0390625 0.02578125
3 0.68984375 0.07109375 0.040625 0.021875
2 0.7084147171875 0.23931349218750003 0.369223275 0.23305080937499997 0.0171124296875 0.215992403125 0.017992001562500002 0.24289210625000002 0.634944125 0.26257469843750003 0.7084147171875 0.2589960328125 0.7084147171875 0.23931349218750003
1 0.009711857812499999 0.1686194421875 0.0101801390625 0.1904737453125 0.084041775 0.1972659328125 0.084041775 0.173493234375 0.009711857812499999 0.1686194421875
1 0.42406007656250005 0.1904737453125 0.0845410328125 0.17144862656249998 0.084678528125 0.1972659328125 0.6462817640625 0.21651056249999998 0.6462817640625 0.19386988125 0.42406007656250005 0.1904737453125
1 0.6465559078124999 0.1912529234375 0.6456449859375 0.21537848125 0.7080453624999999 0.2176425578125 0.7086821390625 0.19273780000000001 0.6465559078124999 0.1912529234375
0 0.07890625 0.29140625 0.12421875 0.0984375
3 0.04140625 0.20625 0.04921875 0.025
3 0.08828125 0.20859375 0.046875 0.0234375
3 0.1375 0.2125 0.0484375 0.025
3 0.18828125 0.21484375 0.0453125 0.02265625
3 0.24296875 0.21484375 0.04609375 0.02421875
3 0.30078125 0.21953125 0.04609375 0.0203125
0 0.3765625 0.2984375 0.0859375 0.08828125
3 0.35703125 0.2203125 0.0453125 0.01953125
3 0.40234375 0.2234375 0.04375 0.0203125
3 0.45390625 0.22421875 0.04375 0.025
3 0.50078125 0.22421875 0.04296875 0.02578125
3 0.5515625 0.225 0.04375 0.025
3 0.60390625 0.228125 0.0421875 0.02421875
0 0.6515625 0.3046875 0.10625 0.08671875
3 0.646875 0.22734375 0.04375 0.0203125
3 0.68828125 0.2265625 0.040625 0.021875
2 0.027904048437500002 0.3867284453125 0.027904048437500002 0.41378898125 0.70332833125 0.41717158593750003 0.7052309546875 0.3912385125 0.027904048437500002 0.3867284453125
1 0.05859375 0.35 0.0734375 0.0203125
1 0.0956360203125 0.33842608125 0.09615986875 0.3592804203125 0.6484487453125001 0.3719815328125 0.6489982359375001 0.3456023125 0.0956360203125 0.33842608125
1 0.7061505640625 0.3690505125 0.7064149953125 0.3457513203125 0.6468001046875 0.34755630000000004 0.6484487453125001 0.37100453906249997 0.7061505640625 0.3690505125
0 0.028538264062500002 0.41604403593750006 0.0304408625 0.5017358421875 0.15030490000000002 0.5028634328125 0.1471338953125 0.41040642031249996 0.028538264062500002 0.41604403593750006
3 0.0247195421875 0.3876137046875 0.07502480624999999 0.384819265625 0.073628690625 0.362211440625 0.025269075000000002 0.362211440625 0.0247195421875 0.3876137046875
3 0.0953125 0.3765625 0.04609375 0.021875
3 0.140625 0.37734375 0.04609375 0.02265625
3 0.19609375 0.37734375 0.04609375 0.025
3 0.25078125 0.37734375 0.0453125 0.02421875
3 0.30625 0.37890625 0.04375 0.025
0 0.33871965937500004 0.413105925 0.33993107031249997 0.5006082921874999 0.42427980156249995 0.5017358421875 0.42364561093750003 0.41153396875 0.33871965937500004 0.413105925
3 0.35859375 0.3796875 0.04375 0.02265625
3 0.40234375 0.38046875 0.04296875 0.0203125
3 0.453125 0.38125 0.0421875 0.02109375
3 0.50390625 0.38125 0.0421875 0.02265625
3 0.55390625 0.38203125 0.040625 0.02265625
0 0.59561379375 0.41169696875 0.5942457437499999 0.4972258171875 0.7001573249999999 0.4983532796875 0.703962571875 0.412661475 0.59561379375 0.41169696875
3 0.6046875 0.38125 0.040625 0.0234375
3 0.64453125 0.3828125 0.03984375 0.021875
3 0.68515625 0.3828125 0.04140625 0.02265625
2 0.0334970765625 0.5507129828124999 0.0322326453125 0.571611646875 0.6990414484375 0.5608669703125 0.6990414484375 0.5366914578124999 0.0334970765625 0.5507129828124999
0 0.09296875 0.61484375 0.1203125 0.08984375
3 0.033459653125 0.5230045 0.0348802765625 0.5490021781250001 0.084347965625 0.54787465 0.08371375 0.52532418125 0.033459653125 0.5230045
1 0.0294952375 0.499052246875 0.028538264062500002 0.523158759375 0.1008371875 0.523158759375 0.1008371875 0.505118403125 0.0294952375 0.499052246875
1 0.6380055890625 0.5017358421875 0.1000618359375 0.503279115625 0.0995687796875 0.5220312546875 0.6380055890625 0.523158759375 0.6380055890625 0.5017358421875
1 0.701425709375 0.51752114375 0.7018601328125 0.496234334375 0.6367372046875001 0.5017358421875 0.6373714453125 0.5186486921875 0.701425709375 0.51752114375
3 0.13571825312500002 0.5264517093750001 0.0842041734375 0.5258224125 0.0824453671875 0.550129684375 0.13571825312500002 0.5490021781250001 0.13571825312500002 0.5264517093750001
3 0.1468419421875 0.5230045 0.1471338953125 0.54787465 0.2054803859375 0.546747165625 0.2054803859375 0.524196696875 0.1468419421875 0.5230045
3 0.22533737187499997 0.5230045 0.2251406140625 0.5444920671875 0.2777793328125 0.54561959375 0.2771451421875 0.524196696875 0.22533737187499997 0.5230045
3 0.29312978749999996 0.5228725 0.2937697578125 0.5445663109375001 0.34813066875 0.5445663109375001 0.34813066875 0.5231773640624999 0.29312978749999996 0.5228725
0 0.38125 0.60703125 0.0828125 0.08125
3 0.36387757187499997 0.5218825859375 0.3632804421875 0.5421897375 0.41140324218749996 0.5429819390625 0.41140324218749996 0.5247617359375 0.36387757187499997 0.5218825859375
3 0.4307258734375 0.5199027593750001 0.43100882812499997 0.5437741109374999 0.48002277656250003 0.5421897375 0.480913925 0.5200086203125001 0.4307258734375 0.5199027593750001
3 0.490271128125 0.52238519375 0.490271128125 0.5421897375 0.5392850765625 0.5437741109374999 0.5392850765625 0.5231773640624999 0.490271128125 0.52238519375
3 0.5488245375 0.520892671875 0.5468599453125 0.5421897375 0.597210653125 0.5437741109374999 0.5967651125 0.520800821875 0.5488245375 0.520892671875
0 0.64609375 0.60078125 0.10390625 0.0796875
3 0.6073168 0.5199027593750001 0.6052311296874999 0.539021025 0.6542450796875 0.5398131953124999 0.6542450796875 0.5215930531249999 0.6073168 0.5199027593750001
3 0.6563388875 0.5199027593750001 0.6555818375 0.541397628125 0.7005855125 0.539021025 0.701031121875 0.518424278125 0.6563388875 0.5199027593750001
0 0.10078125 0.76796875 0.12109375 0.0875
0 0.38359375 0.7578125 0.0828125 0.08671875
0 0.64609375 0.7453125 0.10390625 0.0765625
0 0.1682132828125 0.9520809109374999 0.16569512343749998 0.8697050374999999 0.048852496875 0.8750773921875 0.05137065625 0.9610348015625 0.1682132828125 0.9520809109374999
0 0.3445414671875 0.8572862390625 0.34498810468749996 0.938650075 0.4235547265625 0.9359638453124999 0.4235547265625 0.8535880390624999 0.3445414671875 0.8572862390625
0 0.5907324734375 0.8449785546875 0.5897532453125 0.92432379375 0.6894723953125 0.9189514390625 0.6909833062499999 0.8437387734374999 0.5907324734375 0.8449785546875
2 0.0394144609375 0.705450978125 0.039001421875 0.7240659484374999 0.69986295625 0.704804953125 0.6993212328125 0.6836178687500001 0.0394144609375 0.705450978125
1 0.035386010937500004 0.659244390625 0.036765340625 0.679058409375 0.10777744375000001 0.6808491265625001 0.10777744375000001 0.6584643984375 0.035386010937500004 0.659244390625
1 0.108424775 0.65588775 0.10677017656250001 0.6817445015625 0.6370946984375 0.6647321296875 0.635080125 0.6432427765625001 0.108424775 0.65588775
1 0.6965232890624999 0.6584643984375 0.697142396875 0.641342303125 0.635080125 0.6423474015624999 0.635080125 0.66204596875 0.6965232890624999 0.6584643984375
3 0.03727494375 0.678265359375 0.0377726078125 0.707639603125 0.0846103796875 0.7031626578125 0.0841067359375 0.6807779468749999 0.03727494375 0.678265359375
3 0.0851279265625 0.6805031203125 0.0830994875 0.7022672812499999 0.1289300109375 0.7022672812499999 0.129433634375 0.678091803125 0.0851279265625 0.6805031203125
3 0.172745978125 0.7022672812499999 0.173278159375 0.6793842406249999 0.1289300109375 0.6763010015625001 0.1284263484375 0.7022672812499999 0.172745978125 0.7022672812499999
3 0.18083389375 0.6771464796875 0.1818113703125 0.7022672812499999 0.22512371406249998 0.6995811046875 0.22562733750000002 0.674510215625 0.18083389375 0.6771464796875
3 0.23469272968750002 0.67271943125 0.235196353125 0.69689494375 0.28153048125 0.6977903359375001 0.2800196078125 0.6736148578125001 0.23469272968750002 0.67271943125
3 0.289996071875 0.674994265625 0.2895761203125 0.697393090625 0.33283173593750004 0.6958998296875001 0.3336716703125 0.6712611296875 0.289996071875 0.674994265625
3 0.3413772140625 0.671937646875 0.3408109359375 0.6944065687500001 0.384486534375 0.6929133078125 0.3853264375 0.670514484375 0.3413772140625 0.671937646875
3 0.3853264375 0.6720077453125 0.3849064859375 0.693659953125 0.4269022484375 0.689926815625 0.4277421828125 0.6697678687499999 0.3853264375 0.6720077453125
3 0.4385085375 0.6728706359375 0.4382411234375 0.69067343125 0.47897703125 0.6914200765625 0.47855704687499995 0.6690212515625 0.4385085375 0.6728706359375
3 0.4852763953125 0.667527990625 0.4848564125 0.6876869390625 0.5255922875000001 0.689180171875 0.5260122703125 0.66603473125 0.4852763953125 0.667527990625
3 0.5365112109375 0.667527990625 0.535671309375 0.68694029375 0.572207609375 0.6876869390625 0.5734674953125001 0.6645414703125 0.5365112109375 0.667527990625
3 0.5818428703125 0.6654067343750001 0.5810266796875 0.686193678125 0.620502734375 0.686193678125 0.620502734375 0.66603473125 0.5818428703125 0.6654067343750001
3 0.640625 0.675 0.0390625 0.02109375
3 0.6796875 0.67421875 0.0390625 0.02421875
3 0.04821838125 0.8318111828125 0.0476684703125 0.855040859375 0.1007540625 0.852151715625 0.10021238125000001 0.8328907015624999 0.04821838125 0.8318111828125
1 0.0448322578125 0.8113528640625001 0.044418318750000005 0.8348167734375 0.1142963078125 0.8319276296875 0.1132129234375 0.8136296890624999 0.0448322578125 0.8113528640625001
1 0.635943546875 0.78473816875 0.112554721875 0.8077425734375 0.11375462656249999 0.8309645937499999 0.634860184375 0.8059252546875 0.635943546875 0.78473816875
3 0.6424561296875 0.8066716234375001 0.642491009375 0.823129059375 0.68877339375 0.820557703125 0.6894966015625 0.8038437796875 0.6424561296875 0.8066716234375001
1 0.69607114375 0.803036109375 0.696322353125 0.7848773921875 0.6343184609375 0.7866642406250001 0.6343184609375 0.8088144359375 0.69607114375 0.803036109375
3 0.1023963515625 0.8318111828125 0.10237912812500001 0.855040859375 0.15383965625 0.8492625328125 0.15383965625 0.8290384843749999 0.1023963515625 0.8318111828125
3 0.16209043750000002 0.8271123250000001 0.163853509375 0.85332313125 0.21193830781249998 0.8501569203124999 0.21104782968750002 0.8287848625 0.16209043750000002 0.8271123250000001
3 0.22888595 0.8241449281250001 0.22841178593749997 0.8485737984374999 0.276941809375 0.8493653437500001 0.27649658593750004 0.8240355296875 0.22888595 0.8241449281250001
3 0.28958118125 0.8267506734375001 0.28955972343749997 0.8458276093749999 0.338244046875 0.84230915 0.338244046875 0.8226057890625 0.28958118125 0.8267506734375001
3 0.357374453125 0.8161986562499999 0.357638615625 0.8409017625 0.404343871875 0.8380870109374999 0.404343871875 0.8190873312500001 0.357374453125 0.8161986562499999
3 0.42566256718749995 0.8161986562499999 0.4253216765625 0.837383303125 0.47123532968750004 0.835975915625 0.47123532968750004 0.8155688718749999 0.42566256718749995 0.8161986562499999
3 0.4870229015625 0.812681315625 0.485880190625 0.8338648453124999 0.5282316015624999 0.8317537749999999 0.5274399984375 0.8141614828125 0.4870229015625 0.812681315625
3 0.5421006109375 0.8122947093749999 0.5412481703124999 0.8295574859375 0.5864458546875 0.8276289625000001 0.587530609375 0.8122007546875001 0.5421006109375 0.8122947093749999
3 0.5931824734375 0.8082782203125 0.5936774828125 0.8257004390624999 0.63923674375 0.826343271875 0.639598346875 0.805772328125 0.5931824734375 0.8082782203125
1 0.0497473 0.9621986375 0.0497473 0.9791298421875 0.1174132328125 0.9782387390625 0.11641078906249999 0.955069671875 0.0497473 0.9621986375
1 0.1166804390625 0.9534148734375 0.117914453125 0.9773476015625 0.6366866046874999 0.9488318796874999 0.6361854203124999 0.9220983640625 0.1166804390625 0.9534148734375
1 0.691320625 0.916751640625 0.6367920046875 0.9222356906250001 0.6341804578125 0.9443762937500001 0.691320625 0.9363562249999999 0.691320625 0.916751640625