3 1 0.6768178203125 0.50069823125 0.7761959171874999 0.5076336046875001 0.80148954375 1 0.7048659734375 1 0.6768178203125
0 0.72585471875 0.6140461234375 0.7487527015625 0.7039969078125 0.8034495890625 0.6935552421875 0.776240578125 0.5981386609375 0.72585471875 0.6140461234375
2 0.748485953125 0.703024065625 0.7549018515625 0.72427621875 0.810241375 0.7122871203125001 0.804838353125 0.693848396875 0.748485953125 0.703024065625
0 0.47657889375 0.6646146765625 0.4961916859375 0.7554662421875 0.548730659375 0.7447649625 0.5252940515625 0.653349190625 0.47657889375 0.6646146765625
2 0.49457718906250003 0.751725021875 0.49880304999999997 0.7735777015624999 0.556009534375 0.7672859765625 0.5498345687499999 0.7428496 0.49457718906250003 0.751725021875
3 1 0.49891957812500004 0.445173475 0.6209273343749999 0.45292309062499997 0.647043625 1 0.5289514765625001 1 0.49891957812500004
1 1 0.5322308046875001 0.46797288281249994 0.643963009375 0.47382719218749997 0.66746111875 1 0.5546279562499999 1 0.5322308046875001
0 1 0.42169503593749996 0.9886072640625001 0.3871971953125 0.9368876796875 0.3982404953125 0.9603472265624999 0.48594536093749996 1 0.4735454859375 1 0.42169503593749996
2 1 0.4744213078125 0.9641938890624999 0.48279868906249995 0.9708484921875 0.50921525625 1 0.5018622749999999 1 0.4744213078125
0 0.6593935421875 0.4596841875 0.6823055703125 0.5475392703125 0.73380858125 0.5341678125 0.71111308125 0.44864096093750006 0.6593935421875 0.4596841875
2 0.6817579968749999 0.5476894125 0.6868121171875 0.5682689453124999 0.7410743625 0.5586537640625 0.734572596875 0.5363458359375 0.6817579968749999 0.5476894125
0 0.4237354625 0.516978584375 0.4430956609375 0.604761515625 0.4870389390625 0.584178553125 0.4686039578125 0.5088597703125 0.4237354625 0.516978584375
2 0.44040003906249997 0.59922479375 0.44653518124999997 0.6215999453125 0.4927517859375 0.611051659375 0.48665854218750004 0.587586984375 0.44040003906249997 0.59922479375
1 0.4183866078125 0.49961772968749996 0.425069196875 0.521842775 0.9886558531249999 0.38681688125 0.9816578703125 0.3639993515625 0.4183866078125 0.49961772968749996