2 0.7060278765625 0.85184741875 0.01253808125 0.7183061640624999 0.01300305625 0.7449446265625 0.7017430078125 0.8745262 0.7060278765625 0.85184741875
0 0.1208520890625 0.6448074421875 0.010873157812500001 0.6229227578125001 0.012597378125 0.7217032765625 0.099753534375 0.73944101875 0.1208520890625 0.6448074421875
3 0.0791300046875 0.7811302390625 0.08267175 0.758928653125 0.023159265625 0.752176571875 0.0180228125 0.775209175 0.0791300046875 0.7811302390625
3 0.1502426765625 0.796553571875 0.1545714859375 0.769418221875 0.09844573906250001 0.7595223015625 0.094965071875 0.786225621875 0.1502426765625 0.796553571875
3 0.23114289375000002 0.8139244421875 0.23916403593750002 0.7862512749999999 0.18013305156249998 0.7719595421875 0.1769693 0.8011122 0.23114289375000002 0.8139244421875
3 0.2994591375 0.8287912515625001 0.3037879453125 0.801655921875 0.24785900156250001 0.7905266328125 0.244032421875 0.8130256515625 0.2994591375 0.8287912515625001
0 0.394296290625 0.7909926046875 0.41032450000000004 0.6988798171874999 0.3207618546875 0.6834108984375 0.3035684046875 0.7714836265625 0.394296290625 0.7909926046875
3 0.3716644328125 0.84188679375 0.37509734375 0.8158457640625001 0.31986748593750003 0.804855584375 0.3157148625 0.831584 0.3716644328125 0.84188679375
3 0.43994040781250005 0.851844415625 0.44559920625 0.8247327656250001 0.3930614453125 0.8154548671875 0.388967759375 0.8427380046874999 0.43994040781250005 0.851844415625
3 0.5105764609375 0.8647236828124999 0.5157708328124999 0.83634305 0.46028376875 0.8288314218749999 0.45687922031249995 0.8496345234374999 0.5105764609375 0.8647236828124999
3 0.5757591625 0.8741646843750001 0.5817004671875 0.8494623750000001 0.5259308546875 0.8395413765624999 0.52251808125 0.8613725546875 0.5757591625 0.8741646843750001
0 0.7058459546875 0.8529878046875 0.714481571875 0.757050796875 0.596196096875 0.73351319375 0.5850270703125 0.8221972937500001 0.7058459546875 0.8529878046875
3 0.647405484375 0.8848918515624999 0.6524371015625 0.8658913953124999 0.5939813968750001 0.8519061546875 0.59004199375 0.8801028578125001 0.647405484375 0.8848918515624999
3 0.69543786875 0.9015092156250001 0.700167771875 0.871859603125 0.6516087921875 0.8669031468749999 0.6492288921875 0.8852632781249999 0.69543786875 0.9015092156250001
1 0.0724171640625 0.613991134375 0.010540671875000001 0.6038747125 0.010964453124999999 0.62815313125 0.0700715046875 0.637055796875 0.0724171640625 0.613991134375
2 0.72152368125 0.6866549 0.009547295312499999 0.54696420625 0.0099842484375 0.571997184375 0.7166638812499999 0.713579815625 0.72152368125 0.6866549
1 0.6453200859375 0.7432883671875 0.648412721875 0.723902040625 0.0725990859375 0.612850746875 0.0690375953125 0.6334974734375 0.6453200859375 0.7432883671875
1 0.711613565625 0.7541269203125001 0.7148881109375 0.7336002859375 0.6523722421875 0.7199837203125 0.645063471875 0.74679730625 0.711613565625 0.7541269203125001
3 0.0491713046875 0.579951184375 0.0100047515625 0.573171809375 0.010445579687500001 0.5984268312500001 0.045532915624999996 0.6027585890625 0.0491713046875 0.579951184375
3 0.0925358921875 0.613288228125 0.0980127671875 0.587316984375 0.0495351453125 0.5776704328125 0.0452977234375 0.6036282421875 0.0925358921875 0.613288228125
3 0.14258876874999998 0.6256014140625 0.14695483125 0.5982325421875 0.09635619375 0.5893404953125 0.092351153125 0.614314828125 0.14258876874999998 0.6256014140625
3 0.197247571875 0.634124784375 0.2029063640625 0.607013171875 0.1537823765625 0.5972380015625001 0.149060821875 0.6255994734375 0.197247571875 0.634124784375
3 0.24867451406250002 0.64200510625 0.2523129 0.619197721875 0.21270255 0.6124922328125 0.20940572500000001 0.6376074921875 0.24867451406250002 0.64200510625
3 0.290324621875 0.652646165625 0.29580149375000003 0.6266749218750001 0.258877190625 0.6240336484375 0.25666378437500004 0.6470113640624999 0.290324621875 0.652646165625
3 0.358530715625 0.6650751953125 0.36375128125 0.6380479203125 0.3025477015625 0.6303705015625 0.2979008359375 0.65654055 0.358530715625 0.6650751953125
3 0.405598909375 0.6720356 0.41019956874999997 0.648894428125 0.36230569375 0.63856215 0.35744068906250004 0.666276821875 0.405598909375 0.6720356
3 0.46044811562500004 0.6854272328125 0.464926978125 0.6606132312499999 0.42054479687499996 0.6517816296875 0.41559753906249997 0.6788231140625001 0.46044811562500004 0.6854272328125
3 0.5188733953125 0.69429914375 0.523636153125 0.6677055328125 0.47457293749999996 0.6588604953125 0.47037710937500005 0.6876584125 0.5188733953125 0.69429914375
3 0.5711831234375 0.7056262703125 0.574795215625 0.6797217468750001 0.528474221875 0.6732584828125 0.524589384375 0.6963808265625 0.5711831234375 0.7056262703125
3 0.6262350390625 0.7193351484375 0.629626728125 0.691550715625 0.58322715 0.6823176734375 0.5788016625 0.7051032421875 0.6262350390625 0.7193351484375
3 0.670617253125 0.72816675625 0.6748756515625 0.7014728 0.627687815625 0.6939190156249999 0.62524841875 0.718476221875 0.670617253125 0.72816675625
0 0.72152368125 0.6866549 0.7285270453125 0.6073609640625001 0.617111459375 0.5802096734375 0.6049871625 0.6634965968750001 0.72152368125 0.6866549
3 0.711816346875 0.7308567234375001 0.7150026015625001 0.707621584375 0.6732206265625 0.7020615390625 0.672477575 0.7230287078125001 0.711816346875 0.7308567234375001
0 0.1307360390625 0.5710864703125 0.151935096875 0.48067135624999996 0.0320027953125 0.4538176046875 0.0108821453125 0.5419143140625 0.1307360390625 0.5710864703125
0 0.4186568265625 0.6243951953125 0.43275801875 0.5395406671874999 0.3470631203125 0.5175075296875 0.3268343796875 0.6036651 0.4186568265625 0.6243951953125
2 0.732571028125 0.55642069375 0.73637654375 0.53585909375 0.0510262125 0.3892853984375 0.0478708453125 0.4065476640625 0.732571028125 0.55642069375
0 0.1701818015625 0.41299614375000004 0.1897641140625 0.3297635234375 0.0754781078125 0.3051679015625 0.053636410937500004 0.3889280296875 0.1701818015625 0.41299614375000004
3 0.096991003125 0.44284219843750006 0.1020900625 0.41795715468749994 0.0468180921875 0.406958596875 0.042442049999999995 0.43166411718750003 0.096991003125 0.44284219843750006
1 0.10572714999999999 0.46948413593750005 0.1085683671875 0.44813439062500005 0.0392220078125 0.43333903749999997 0.0342442984375 0.45916542343750005 0.10572714999999999 0.46948413593750005
1 0.663781478125 0.5885003906249999 0.667786046875 0.5633975546875 0.10872238593750001 0.447168903125 0.10572594843750001 0.4689076046875 0.663781478125 0.5885003906249999
0 0.7360899109375 0.5376558640625 0.7438170234375 0.4529910828125 0.6325863015625 0.42900340156250005 0.6217701203125 0.5134495125 0.7360899109375 0.5376558640625
3 0.7261739171875 0.5784924250000001 0.7326243125 0.55845423125 0.6799137015625 0.54796535625 0.676957 0.562994515625 0.7261739171875 0.5784924250000001
1 0.7289891140625 0.6044644609375001 0.7355758328124999 0.5808715828125 0.6683333109375 0.5635064546875 0.663531678125 0.5911100874999999 0.7289891140625 0.6044644609375001
3 0.15125366406250002 0.45662833125 0.1579092796875 0.429064609375 0.10217522500000001 0.42096251562500003 0.0985532375 0.446191121875 0.15125366406250002 0.45662833125
3 0.21519637500000002 0.4663638609375 0.21920094531249998 0.44126102500000003 0.1643221984375 0.43133685312500003 0.1587042421875 0.45928104062499997 0.21519637500000002 0.4663638609375
3 0.2780609375 0.482857821875 0.284015346875 0.45615067187499997 0.22764886718750002 0.444934315625 0.2224527546875 0.46972537656249996 0.2780609375 0.482857821875
3 0.348724646875 0.492934625 0.352575196875 0.46879727656250003 0.298089690625 0.45994749375 0.29447252343749997 0.484056575 0.348724646875 0.492934625
0 0.4456013515625 0.4715094390625 0.4588657859375 0.3916541765625 0.37519650000000004 0.369443353125 0.3592627765625 0.454957590625 0.4456013515625 0.4715094390625
3 0.41642931250000004 0.507403265625 0.41927052812500004 0.4860535203125 0.3645458015625 0.47516385781250003 0.3620101703125 0.49861636093749995 0.41642931250000004 0.507403265625
3 0.482577375 0.5245506421874999 0.486273903125 0.501378784375 0.43467858281250005 0.49210801562500006 0.43293189375 0.5136755609375 0.482577375 0.5245506421874999
3 0.549050225 0.540786421875 0.552854153125 0.51694131875 0.49891880625 0.50538866875 0.4955401515625 0.526894415625 0.549050225 0.540786421875
3 0.6141784234375 0.552106109375 0.616447303125 0.5320558734375 0.565468734375 0.5194514906250001 0.5610536515625 0.5390085 0.6141784234375 0.552106109375
3 0.675715903125 0.568451796875 0.6800404984374999 0.547170521875 0.6234020828125 0.535079990625 0.62151476875 0.5565742359375 0.675715903125 0.568451796875
2 0.7489838421874999 0.4107227703125 0.7507525187499999 0.38975584375 0.0888899921875 0.2441483359375 0.0855650140625 0.2628704359375 0.7489838421874999 0.4107227703125
1 0.14248668281250002 0.3231364765625 0.147804603125 0.296387503125 0.0784084984375 0.2835052890625 0.0746237515625 0.305525328125 0.14248668281250002 0.3231364765625
1 0.6779061390625001 0.4380215859375 0.6818549625 0.4165616640625 0.148170515625 0.29738721875 0.144018175 0.3224619296875 0.6779061390625001 0.4380215859375
1 0.7449788015625 0.4522953296875 0.748131771875 0.43253078437500003 0.679452221875 0.41515657499999997 0.6775352765625 0.4380098453125 0.7449788015625 0.4522953296875
0 0.2052128765625 0.269149240625 0.22081595625 0.1943938328125 0.1092193234375 0.1694065296875 0.091491784375 0.2442402734375 0.2052128765625 0.269149240625
3 0.12252513125 0.2934791484375 0.126044 0.2747143015625 0.084066053125 0.264507309375 0.08087293437500001 0.2848741078125 0.12252513125 0.2934791484375
3 0.16428051875 0.30178804531250003 0.1685311546875 0.28502261875 0.1263306328125 0.27291753124999996 0.1232579765625 0.2933082984375 0.16428051875 0.30178804531250003
3 0.2083745796875 0.315196846875 0.21173491718749998 0.29083898124999996 0.170202153125 0.2844282265625 0.16703891875000001 0.3041054734375 0.2083745796875 0.315196846875
3 0.2658362484375 0.3238504203125 0.270803509375 0.302593028125 0.22599286406250002 0.2936761671875 0.22030660625 0.3147051984375 0.2658362484375 0.3238504203125
3 0.31647078125 0.335779984375 0.3207062890625 0.312523171875 0.276548146875 0.3028092828125 0.272267546875 0.326087503125 0.31647078125 0.335779984375
3 0.3688555578125 0.3499116203125 0.3736002109375 0.3267562046875 0.32864625468750003 0.31873769687500003 0.325624384375 0.33983278906250003 0.3688555578125 0.3499116203125
0 0.4695090515625 0.328229809375 0.4824867828125 0.2501713046875 0.39991522343749997 0.23095966250000002 0.3858239390625 0.3069797953125 0.4695090515625 0.328229809375
3 0.420142628125 0.361044159375 0.42525323281249994 0.3388884359375 0.3811743390625 0.33197099531249996 0.376690140625 0.353122171875 0.420142628125 0.361044159375
3 0.46255056406249995 0.3685559703125 0.4666427140625 0.346197584375 0.4246006890625 0.33968548906249996 0.42120505937499997 0.36302279375 0.46255056406249995 0.3685559703125
3 0.5099865125 0.380776 0.51291689375 0.3591133203125 0.476253640625 0.3518177078125 0.47323805312499995 0.370249009375 0.5099865125 0.380776
3 0.560922884375 0.3974001296875 0.56391736875 0.3720426234375 0.5220186671875 0.3646321140625 0.5187373078124999 0.3813881078125 0.560922884375 0.3974001296875
3 0.61278325625 0.4049391328125 0.617018725 0.381682346875 0.5743242328125 0.3759672921875 0.5718437875 0.39299836250000003 0.61278325625 0.4049391328125
3 0.6637684968750001 0.41137704375000006 0.6675740203125 0.3908153984375 0.6240043125 0.38399931249999997 0.6206184609375 0.40583184531249994 0.6637684968750001 0.41137704375000006
0 0.75192670625 0.39461361093749997 0.7604099921875 0.31403178125000003 0.6528629593749999 0.2909170703125 0.6417206890625 0.3643608875 0.75192670625 0.39461361093749997
3 0.7064629984375 0.41709205312500003 0.7090427 0.4009210828125 0.6666348390625 0.39340925625 0.6644714578124999 0.41247292968749993 0.7064629984375 0.41709205312500003
3 0.7474377546875 0.4335878125 0.7515299078125001 0.4112294109375 0.708246909375 0.40261653593749996 0.7051381859375 0.4205651921875 0.7474377546875 0.4335878125
2 0.762327259375 0.27156437499999997 0.76416823125 0.25393420624999996 0.12472728125000002 0.11212335468750001 0.12184068906250001 0.12981307343749998 0.762327259375 0.27156437499999997
1 0.1133208421875 0.150131559375 0.107800790625 0.1755994359375 0.1755858359375 0.1867773390625 0.181115303125 0.1636219640625 0.1133208421875 0.150131559375
1 0.6955728109375 0.30027286875 0.6998269765625 0.2796949734375 0.18179188125 0.1654705453125 0.17732355625000001 0.1861591796875 0.6955728109375 0.30027286875
1 0.758247725 0.309316609375 0.7606920125000001 0.29094951875 0.6976787953125 0.28098145625000004 0.6953303265625 0.2988767234375 0.758247725 0.309316609375
0 0.23717402031249998 0.13192809375 0.25180573281249996 0.0645675046875 0.143773853125 0.035357459375 0.1256492203125 0.1093640625 0.23717402031249998 0.13192809375
3 0.1578405546875 0.1572765765625 0.16169725 0.139190453125 0.11959070624999998 0.1290977609375 0.1173377484375 0.1443402109375 0.1578405546875 0.1572765765625
3 0.197872190625 0.1712413171875 0.20320048281249997 0.15002015468750002 0.1600931390625 0.1431561546875 0.15707046875 0.1589942546875 0.197872190625 0.1712413171875
3 0.24050878281250002 0.1780115828125 0.2431447921875 0.1553976828125 0.201582321875 0.14798418124999999 0.19854091093749998 0.17303014218749999 0.24050878281250002 0.1780115828125
3 0.29284026875 0.190995940625 0.2970212015625 0.1678325484375 0.253973084375 0.1575524015625 0.25141436562499997 0.1806595734375 0.29284026875 0.190995940625
3 0.3420087484375 0.202493946875 0.346866265625 0.1811791046875 0.30334733125 0.17080533281250002 0.299902309375 0.18838028125 0.3420087484375 0.202493946875
3 0.397356775 0.2117936578125 0.399668559375 0.1942571484375 0.35944519375 0.18453915781250002 0.35482738281250004 0.2002737609375 0.397356775 0.2117936578125
0 0.48988650468749995 0.195070040625 0.5027535453125 0.12050235312499999 0.42392496875 0.103102378125 0.411030621875 0.17675548125 0.48988650468749995 0.195070040625
3 0.4430971515625 0.22346647968750002 0.4464097671875 0.20270119531250003 0.4035081984375 0.19759215000000002 0.400534296875 0.2151526609375 0.4430971515625 0.22346647968750002
3 0.4819081265625 0.2329033890625 0.4854857453125 0.2104769171875 0.44459985468749996 0.20491199531249998 0.44289900156249995 0.2235828046875 0.4819081265625 0.2329033890625
3 0.5300617562500001 0.241628525 0.5331825921875 0.22510997968750002 0.49779969375000005 0.2154982203125 0.49509385625 0.2320411484375 0.5300617562500001 0.241628525
3 0.5805100375000001 0.254238140625 0.5836901453125 0.23430349218750002 0.5419219109375 0.22513506562500002 0.5395101796875 0.2447353390625 0.5805100375000001 0.254238140625
3 0.6322975125 0.26454331875000003 0.6356834265625 0.24636354531250002 0.5942534328125 0.23811939999999998 0.592085546875 0.25423335156250004 0.6322975125 0.26454331875000003
3 0.6788470046875 0.27723412187499996 0.6834394796875001 0.2575804921875 0.6424211484375 0.2528461921875 0.6402087828125 0.267665178125 0.6788470046875 0.27723412187499996
0 0.7624316578125 0.258730465625 0.770796453125 0.1849809453125 0.6704438828125 0.1624407953125 0.6597900343750001 0.23396765468749997 0.7624316578125 0.258730465625
3 0.719129578125 0.28353599375 0.7233838125000001 0.26295808125 0.6809529921874999 0.25794268124999997 0.679694225 0.2735944796875 0.719129578125 0.28353599375
3 0.7606328046875 0.2943656359375 0.7627388578125001 0.2750742078125 0.721514659375 0.2685849921875 0.718583490625 0.28326094375 0.7606328046875 0.2943656359375
1 0.20868432656250002 0.0517019109375 0.213217609375 0.0354644015625 0.1488511859375 0.0217991953125 0.145747609375 0.038175448437499995 0.20868432656250002 0.0517019109375
1 0.7117412984375 0.17151559375 0.7146563984375 0.1532421609375 0.212143515625 0.0361076703125 0.20922805000000003 0.054663203125000004 0.7117412984375 0.17151559375
1 0.7690599390624999 0.1897772453125 0.7732408109375 0.1666138125 0.71761369375 0.1529736578125 0.7146902625 0.1706681984375 0.7690599390624999 0.1897772453125