2 1 0.4452728671875 0.9989350531250001 0.44213081875000004 0.33207036562500003 0.5969914796875 0.3394913515625 0.6229708671874999 1 0.467987303125 1 0.4452728671875
3 0.9447231921875 0.42882393125 0.9519687781249999 0.4499198765625 0.9961086874999999 0.43957729843750004 0.9903083593750001 0.4201385421875 0.9447231921875 0.42882393125
3 0.9033951484375 0.43772280781250006 0.9096075359375 0.4609332234375 0.947888290625 0.4506069046875 0.942013796875 0.42826985781250004 0.9033951484375 0.43772280781250006
3 0.856456434375 0.447566378125 0.864172821875 0.4744045578125 0.9075803546874999 0.45933402812499996 0.9011124796875001 0.43788543437499994 0.856456434375 0.447566378125
3 0.8026122859375 0.461483359375 0.8095701500000001 0.48747898437500004 0.8557633859375 0.47485020625 0.84801188125 0.4504646796875 0.8026122859375 0.461483359375
3 0.745223840625 0.472116015625 0.7529402796875 0.4989542703125 0.7993950859375001 0.4853111296875 0.7910981703125 0.461866565625 0.745223840625 0.472116015625
3 0.689587940625 0.4873049171875 0.6970689359375 0.5112720078125 0.743236046875 0.5025286484375 0.7353737703125 0.47397789218749997 0.689587940625 0.4873049171875
3 0.6396675671875001 0.49845869687500005 0.64617819375 0.5240273375 0.6893665609374999 0.5137256640625 0.6824284140625 0.4891869421875 0.6396675671875001 0.49845869687500005
3 0.5969611312499999 0.50807321875 0.6039537234375 0.5329546984375 0.646823509375 0.52270665 0.6394061640625 0.498703309375 0.5969611312499999 0.50807321875
3 0.5484875484375 0.5235069125 0.5548674953125 0.5448554171875 0.5963077421875 0.5342420453125001 0.5890553187500001 0.5111581484375 0.5484875484375 0.5235069125
3 0.5000466546875 0.5340869390625 0.506581775 0.5560153453125001 0.5467558890625 0.5444031140625001 0.539018371875 0.5212873874999999 0.5000466546875 0.5340869390625
3 0.45302712031250003 0.5462456984374999 0.45860643593750006 0.5683350484374999 0.49782481250000005 0.5568837171875 0.49147812812499997 0.5372463171875 0.45302712031250003 0.5462456984374999
3 0.403339065625 0.55867349375 0.40895892500000003 0.578647634375 0.4512580421875 0.570031453125 0.44471838906250005 0.550710284375 0.403339065625 0.55867349375
3 0.3656189921875 0.5670168 0.3722862421875 0.58681458125 0.4103957359375 0.5789038171875001 0.40333236093749997 0.5596708421875001 0.3656189921875 0.5670168
3 0.32736848749999997 0.5764456234375 0.335069721875 0.5980617390625 0.3721384953125 0.5893299812499999 0.36598774375 0.5676499546875 0.32736848749999997 0.5764456234375
0 1 0.4669332625 0.8843583484374999 0.4929414578125 0.908972684375 0.58665094375 1 0.566252515625 1 0.4669332625
0 0.6147177359375 0.5579113984374999 0.6389535140625 0.6414737734375 0.7228312765625 0.62650045625 0.6973315640625 0.5383851859375001 0.6147177359375 0.5579113984374999
0 0.3390784109375 0.6179349843749999 0.363772959375 0.6997183375 0.4669083515625 0.678099021875 0.44039248593749997 0.5952081140625001 0.3390784109375 0.6179349843749999
1 1 0.5661250156250001 0.9570650546874999 0.5777027828125 0.963178484375 0.5987969375 1 0.589972015625 1 0.5661250156250001
2 1 0.611193034375 0.379402675 0.7453418046875 0.3865127265625 0.7648296203125 1 0.6423315453125 1 0.611193034375
1 0.426626878125 0.6882848375 0.43254528125 0.7051572828125 0.9638322703125001 0.6012395781250001 0.95802653125 0.5774616453125 0.426626878125 0.6882848375
3 0.3742669421875 0.72491125625 0.3803657984375 0.744338775 0.427049625 0.7340242171875 0.42055264843750007 0.7117744203124999 0.3742669421875 0.72491125625
1 0.363784475 0.6980146203125 0.3714577609375 0.719697034375 0.43254528125 0.7051572828125 0.42575073281250003 0.68622726875 0.363784475 0.6980146203125
3 1 0.5900393828125 0.9804059703125001 0.59504551875 0.9874025578125 0.6176927078125 1 0.6145348953124999 1 0.5900393828125
3 0.925903428125 0.607031578125 0.9321898 0.630518409375 0.985336303125 0.6174792921875001 0.9813726734375001 0.59510375 0.925903428125 0.607031578125
3 0.86245623125 0.61853226875 0.86873156875 0.6436573296875 0.919529 0.6285592109375 0.9146148265624999 0.6101792109375 0.86245623125 0.61853226875
3 0.79814883125 0.6301778375 0.8052733859375 0.6567962453125 0.8547474015625 0.6468299953125001 0.8486634078125 0.625118890625 0.79814883125 0.6301778375
3 0.728511975 0.645423071875 0.7350188890625 0.668054515625 0.78892909375 0.65954811875 0.78232935 0.6370546 0.728511975 0.645423071875
3 0.65934355 0.65809511875 0.6675599156249999 0.6820751625 0.717684628125 0.6711811953125 0.710960240625 0.64907095625 0.65934355 0.65809511875
3 0.5961169703125 0.668740525 0.60218273125 0.6930826640625 0.6518663203124999 0.68389931875 0.6462184718749999 0.6638069671875 0.5961169703125 0.668740525
3 0.5395074765625 0.6856354015624999 0.544966675 0.70435243125 0.59208059375 0.6939653906250001 0.5869561078125 0.6722507234374999 0.5395074765625 0.6856354015624999
3 0.47713008749999997 0.6977741546875 0.48428764375 0.7194779812500001 0.5314016046875001 0.7090909078125 0.524044234375 0.684377340625 0.47713008749999997 0.6977741546875
3 0.41967134531249994 0.7131756703125001 0.427049625 0.7340242171875 0.47203497031249997 0.72072276875 0.465154228125 0.6973609984375 0.41967134531249994 0.7131756703125001
2 1 0.7715219734375001 0.423491934375 0.8852987921875 0.42947509687499996 0.9041144828125001 1 0.7952320359375 1 0.7715219734375001
3 1 0.74990341875 0.98157555 0.7520915859375 0.9869728515625 0.7748091421875001 1 0.772972409375 1 0.74990341875
3 0.9368053578125 0.7583859609375 0.9431581359375001 0.7846731703125001 0.9871320875 0.7754040671875 0.9817804421874999 0.7531657171874999 0.9368053578125 0.7583859609375
3 0.8794138078125 0.772401209375 0.8867471078125 0.798523275 0.9295729015624999 0.7900692578124999 0.9223368078125 0.763174190625 0.8794138078125 0.772401209375
3 0.825315815625 0.7821313421875 0.8328167531249999 0.8076034828124999 0.8744943828125 0.79996451875 0.8682358156250001 0.7751977906249999 0.825315815625 0.7821313421875
3 0.7731622375 0.794021115625 0.780503940625 0.818898328125 0.8212009953124999 0.8114244640624999 0.814134821875 0.787221390625 0.7731622375 0.794021115625
3 0.7241346234375 0.802275853125 0.73034489375 0.8254783546875 0.7723493953125 0.81778431875 0.76557266875 0.794814828125 0.7241346234375 0.802275853125
3 0.6808386578125 0.8071964578124999 0.6894709703124999 0.8343433734374999 0.7309893640625 0.8261094828125 0.723586615625 0.8030498484375 0.6808386578125 0.8071964578124999
3 0.63455160625 0.8205855062499999 0.6404350156249999 0.8438429890625001 0.681802540625 0.8337692546875 0.6745609375 0.8113042593750001 0.63455160625 0.8205855062499999
3 0.5894546140625 0.8269349406250001 0.595975003125 0.8525722640625 0.6342416265625 0.8423988171874999 0.6269023812500001 0.8210772875 0.5894546140625 0.8269349406250001
3 0.540418671875 0.8364345890625 0.54728261875 0.859526978125 0.5887926 0.8525379781250001 0.5820015187500001 0.83038600625 0.540418671875 0.8364345890625
3 0.49415672187500004 0.8460889015624999 0.5006854625 0.8704812578125001 0.5409132078125001 0.8599776546875001 0.5328343609374999 0.8369154406250001 0.49415672187500004 0.8460889015624999
3 0.4545910359375 0.8552375265625001 0.4613041640625 0.8764901171874999 0.49988926874999995 0.8675065578125001 0.49481600937500003 0.8468141515625 0.4545910359375 0.8552375265625001
3 0.416047815625 0.8579965421875 0.4235487578125 0.8834686984375001 0.4609857046875 0.8753002984375 0.45451912187500004 0.8541818390625 0.416047815625 0.8579965421875
0 1 0.6391333390625 0.9255904109375 0.6542424984374999 0.947431796875 0.737614246875 1 0.72837953125 1 0.6391333390625
0 0.656202584375 0.703908446875 0.6809831765625 0.787647209375 0.7620853296875 0.773992109375 0.7401476421875001 0.6926446015625001 0.656202584375 0.703908446875
0 0.385374234375 0.7658831937499999 0.4106659140625 0.8409171578124999 0.5119477390625 0.8212787953125 0.4880095375 0.7423694984375 0.385374234375 0.7658831937499999
1 1 0.7451290609375001 0.9944777437500001 0.7273978546875 0.4702524171875 0.8300227453125 0.47578244999999997 0.848914728125 1 0.7477434828125 1 0.7451290609375001
1 0.41089830312500003 0.8400161468749999 0.4182174984375 0.862054403125 0.47487629374999996 0.8490672968749999 0.4698243546875 0.8286624015624999 0.41089830312500003 0.8400161468749999
0 1 0.7914278359375 0.9624186953124999 0.7971457546875 0.986920534375 0.8886883109375001 1 0.885796628125 1 0.7914278359375
0 0.69594689375 0.85063010625 0.720065321875 0.9318947265625 0.8004936125000001 0.917491225 0.7784239046875 0.8373089125 0.69594689375 0.85063010625
0 0.4292543578125 0.9032897656250001 0.45519670156250003 0.9825235515624999 0.553748409375 0.965068621875 0.529509353125 0.88083458125 0.4292543578125 0.9032897656250001
1 1 0.8843546265625 0.513656215625 0.970957053125 0.51941863125 0.9889479984375 1 0.90563466875 1 0.8843546265625
1 0.4583799078125 0.9802638781249999 0.4627946484375 0.9967580125 0.5185239828125 0.9873749109375 0.51342625 0.970005834375 0.4583799078125 0.9802638781249999