3 0.36187141875 0.9723112796875 0.3638793984375 0.9973202750000001 0.969949971875 0.9442061234375 0.9698156109375 0.9192803906250001 0.36187141875 0.9723112796875
3 0.9610457875 0.7536355234375 0.33783925 0.8133878296875 0.34156014687499997 0.8371620984374999 0.96039066875 0.7766734453125 0.9610457875 0.7536355234375
3 0.9532707046875 0.585763815625 0.3151093515625 0.64345635625 0.3225974328125 0.668016875 0.9555277656250001 0.608937615625 0.9532707046875 0.585763815625
3 0.28468684375 0.4762998453125 0.291298490625 0.50421554375 0.9465142609375 0.42777407500000003 0.9491506968750001 0.400037646875 0.28468684375 0.4762998453125
3 0.258733996875 0.29905767031249997 0.2629500515625 0.32169696875 0.9454479093750001 0.24185719374999998 0.944321590625 0.2134055 0.258733996875 0.29905767031249997
0 0.9626662421875001 0.7983770390625 0.9045536984375 0.8064157906249999 0.9125519921875 0.8944149515625 0.9673078265624999 0.8897152281249999 0.9626662421875001 0.7983770390625
2 0.9697880546875 0.889731384375 0.909239975 0.897969475 0.9113617296875001 0.9240636109375 0.9710548093750001 0.9181298437500001 0.9697880546875 0.889731384375
0 0.6769009546875 0.8316112859375 0.6155564015625 0.8322531328125 0.62530136875 0.9310542875 0.6822173515625 0.923985309375 0.6769009546875 0.8316112859375
2 0.6840227765625 0.9229657124999999 0.6282320640625 0.9297199984375 0.628567153125 0.950487840625 0.6846343796875 0.9470380453124999 0.6840227765625 0.9229657124999999
0 0.3938387875 0.8613409578125 0.3401423671875 0.8646403453125 0.353546846875 0.945630221875 0.403510071875 0.9385855781249999 0.3938387875 0.8613409578125
2 0.406902021875 0.9390752765625001 0.3561700015625 0.95307703125 0.35905450625 0.9747307953125001 0.40954079062500004 0.9668133171875001 0.406902021875 0.9390752765625001
0 0.954277746875 0.63051198125 0.8962789843750001 0.6396359375 0.9029056953125 0.73212533125 0.9593813921875001 0.726242540625 0.954277746875 0.63051198125
2 0.9591515453125 0.7297117796875 0.90351458125 0.7320755078125 0.9046861609375 0.7549639125 0.9600955671875001 0.750429815625 0.9591515453125 0.7297117796875
0 0.6588101562500001 0.6590677687500001 0.5993660859375 0.666121003125 0.6127644125 0.7646232078125 0.670058159375 0.756755953125 0.6588101562500001 0.6590677687500001
2 0.6695453375 0.75559890625 0.6115465953125 0.7647228609375001 0.6139759375 0.78203589375 0.67323643125 0.7797463953125 0.6695453375 0.75559890625
0 0.371827075 0.6924016859375001 0.318967059375 0.6978216796875001 0.32962845625 0.7877919343750001 0.38059275000000004 0.7859133218750001 0.371827075 0.6924016859375001
2 0.38454273125 0.7843928265625 0.3308062796875 0.7931680046875 0.3334631328125 0.812651409375 0.38500915468749997 0.80606709375 0.38454273125 0.7843928265625
0 0.9510324984375 0.458986096875 0.8914746296875 0.4649541703125 0.899392896875 0.563904803125 0.9540733984375 0.5584525578124999 0.9510324984375 0.458986096875
2 0.8941449171875 0.5665667328125 0.8968756046875 0.5926110375 0.95920069375 0.5853865453125 0.9564797125 0.563654928125 0.8941449171875 0.5665667328125
0 0.645782603125 0.49381472656250003 0.5857296125 0.5009178734375 0.59741501875 0.6006547609374999 0.6537580359375 0.5939684765625 0.645782603125 0.49381472656250003
2 0.6548093953125 0.5916237640625 0.5971919828125001 0.5985275265625 0.5971457453125 0.6215155828125 0.6586841125 0.6110075109374999 0.6548093953125 0.5916237640625
0 0.34494870781250003 0.5239041078125 0.2937615734375 0.5335651484375 0.307199946875 0.6265917078125 0.3629626703125 0.6177639640625 0.34494870781250003 0.5239041078125
2 0.3663809921875 0.622887003125 0.30864980000000003 0.62870558125 0.311534303125 0.6503593249999999 0.366709653125 0.6461785796874999 0.3663809921875 0.622887003125
0 0.9457437359374999 0.2679701234375 0.882532484375 0.2742371515625 0.8917423578125 0.37964905781249997 0.950388603125 0.3768529734375 0.9457437359374999 0.2679701234375
2 0.9479881812500001 0.377235465625 0.8914747625 0.382954415625 0.8930276671874999 0.403622609375 0.9494762968750001 0.39744278906249997 0.9479881812500001 0.377235465625
0 0.631969340625 0.3034963890625 0.56689139375 0.315388575 0.57891813125 0.41838096875 0.6410804859375 0.4144724390625 0.631969340625 0.3034963890625
2 0.637258259375 0.41251260468749995 0.579031915625 0.4194661953125 0.5829804140625 0.44541080781250003 0.6404525359375 0.437774340625 0.637258259375 0.41251260468749995
0 0.3268331625 0.339410271875 0.26906202343749996 0.35070454687499997 0.2802522765625 0.45157644531249996 0.33791267812500003 0.444751059375 0.3268331625 0.339410271875
2 0.338211025 0.44792823437499996 0.2821927578125 0.452512153125 0.2829829640625 0.477620771875 0.34303600625 0.4705176640625 0.338211025 0.44792823437499996
0 0.9328423906250001 0.068777665625 0.87229430625 0.07701571562500001 0.8832907953125 0.18775387500000001 0.939526784375 0.178060871875 0.9328423906250001 0.068777665625
2 0.9415171171875001 0.1808002875 0.8773156328124999 0.1893373328125 0.8792836625 0.2198220015625 0.9438424796874999 0.21189966249999997 0.9415171171875001 0.1808002875
0 0.6242804828125 0.107160859375 0.5611430187499999 0.11998877187500001 0.57114929375 0.23299690625 0.63487795625 0.2235051359375 0.6242804828125 0.107160859375
2 0.6357321328125 0.222239709375 0.5705804 0.227571009375 0.57387998125 0.25904123437500004 0.6379140484375 0.2451395359375 0.6357321328125 0.222239709375
0 0.2987833125 0.1480243234375 0.2385027078125 0.1529570234375 0.253835271875 0.2699072890625 0.3131656109375 0.2617688859375 0.2987833125 0.1480243234375
2 0.3130518328125 0.260683721875 0.2534939359375 0.2666517578125 0.2580513265625 0.29254660781249997 0.3145688203125 0.288010675 0.3130518328125 0.260683721875
1 0.9597417687500001 0.7821989953124999 0.3395796296875 0.8417021390625001 0.3416276453125 0.8612353859375 0.95973091875 0.8028038796875 0.9597417687500001 0.7821989953124999
1 0.9545560656250001 0.6097374249999999 0.3170035515625 0.66738014375 0.317907534375 0.6935739078125 0.9542807484375 0.633657853125 0.9545560656250001 0.6097374249999999
1 0.9513908000000001 0.4272600953125 0.2882185015625 0.5099835296874999 0.29083540937499996 0.5349426546875 0.9529715109374999 0.46006994375000004 0.9513908000000001 0.4272600953125
1 0.9449535046875001 0.24286152656249999 0.2633268109375 0.31943366875 0.26811175625 0.34749884531249997 0.9451043125 0.2678711828125 0.9449535046875001 0.24286152656249999
1 0.9276023531250001 0.036371753125 0.23733112968749998 0.13006861875 0.2376262734375 0.15631219999999998 0.930720628125 0.072102625 0.9276023531250001 0.036371753125