2 0.6513613734375 0.0700384375 0.014797312500000001 0.2116114203125 0.016749681250000002 0.239531609375 0.6576744453125001 0.09324935625 0.6513613734375 0.0700384375
0 0.0920069015625 0.221531834375 0.016965898437499998 0.242623646875 0.023665392187500002 0.3384308828125 0.12075107031250001 0.31227656875 0.0920069015625 0.221531834375
3 0.044478110937499996 0.1840652875 0.0130492890625 0.186613525 0.0149681828125 0.214054978125 0.0546048703125 0.2085956546875 0.044478110937499996 0.1840652875
3 0.0464756109375 0.18350366406250002 0.052935376562500004 0.20532171875 0.09489184218749999 0.1974370921875 0.0857447875 0.173893734375 0.0464756109375 0.18350366406250002
3 0.10111395781250002 0.17809870781249998 0.1063195125 0.1946203609375 0.1482210890625 0.1842923140625 0.1413784234375 0.16386638125 0.10111395781250002 0.17809870781249998
3 0.15495104531249998 0.1636769734375 0.1574541546875 0.183245009375 0.20126035468749998 0.17244750625 0.19401795625 0.1484346640625 0.15495104531249998 0.1636769734375
3 0.20634561406250002 0.1483123015625 0.2128674265625 0.17316647031250001 0.2544658265625 0.1629131546875 0.2462328578125 0.1401754625 0.20634561406250002 0.1483123015625
0 0.27500901875 0.1836348484375 0.3026147921875 0.27240349531249997 0.3848793296875 0.25336505 0.3560245140625 0.157694246875 0.27500901875 0.1836348484375
3 0.260667409375 0.136083921875 0.266167053125 0.15383725312500002 0.30880843750000003 0.1470419046875 0.3014524953125 0.120372990625 0.260667409375 0.136083921875
3 0.3038640890625 0.1254366546875 0.3090454234375 0.1432684453125 0.3491822 0.1395671375 0.3440938046875 0.11357766093749999 0.3038640890625 0.1254366546875
3 0.35725998593749997 0.11227545000000001 0.36315101250000004 0.1311706796875 0.40550007343749994 0.1256857140625 0.3979070703125 0.102790278125 0.35725998593749997 0.11227545000000001
3 0.41092988906250005 0.09788566562499999 0.4166719671875 0.12169371250000001 0.457630440625 0.111598128125 0.45166508125 0.08953981875 0.41092988906250005 0.09788566562499999
3 0.46465173125000003 0.0858051640625 0.47077754218749995 0.10959589843749999 0.512723628125 0.10049523125 0.506940084375 0.0722004015625 0.46465173125000003 0.0858051640625
3 0.5156997484375 0.075544759375 0.5212803203124999 0.094671103125 0.5654939515625 0.086249871875 0.5581933390625 0.06204401875 0.5156997484375 0.075544759375
0 0.543840296875 0.119694475 0.5693582562499999 0.215324103125 0.6818833421875 0.182635140625 0.6582036609374999 0.088165465625 0.543840296875 0.119694475
3 0.5600963359375 0.0646017359375 0.5658416 0.0874025296875 0.6110428640625 0.0799762828125 0.6037975640625 0.058233421875000003 0.5600963359375 0.0646017359375
3 0.6437130921875001 0.044679859375 0.6017671625000001 0.0531695234375 0.6077324296875 0.0758387859375 0.6480507906249999 0.0659009765625 0.6437130921875001 0.044679859375
2 0.03127020625 0.38419864062500003 0.0396168578125 0.410290771875 0.7082650312500001 0.254148559375 0.7032319609375 0.2306221265625 0.03127020625 0.38419864062500003
0 0.038115064062499995 0.4068934015625 0.0688903453125 0.4959515578125 0.17413866718749998 0.4687712234375 0.1444068671875 0.3770316453125 0.038115064062499995 0.4068934015625
3 0.08537888593750001 0.37052915937500003 0.0774383 0.346481015625 0.02549068125 0.36453373437500003 0.02599625 0.3717637015625 0.0296456734375 0.38178974062500004 0.08537888593750001 0.37052915937500003
1 0.0778727359375 0.32284536875000003 0.02371799375 0.3391831140625 0.025051207812499997 0.3582489578125 0.0851179984375 0.3445880984375 0.0778727359375 0.32284536875000003
1 0.08002763125 0.3257390203125 0.08477035468750001 0.3434354546875 0.6199560296875 0.21895113593749999 0.6120153796875 0.19490304218750001 0.08002763125 0.3257390203125
1 0.6140385265625 0.1964362625 0.6212358890624999 0.218635671875 0.6890023015625 0.2130775265625 0.6796710484374999 0.1844187640625 0.6140385265625 0.1964362625
3 0.080221059375 0.3477511609375 0.085323546875 0.3680660671875 0.139136821875 0.35727871875 0.1306668921875 0.3383144421875 0.080221059375 0.3477511609375
3 0.13792050625000002 0.338173375 0.1430320109375 0.35879528125000004 0.1938824046875 0.3450231703125 0.1878617703125 0.3205018609375 0.13792050625000002 0.338173375
3 0.1942122984375 0.3196542078125 0.2022574015625 0.34543556875000003 0.256363028125 0.33333779375 0.2471978125 0.3120682328125 0.1942122984375 0.3196542078125
3 0.262607040625 0.30279603593750004 0.26870428749999997 0.32410411875 0.32297579375 0.319395546875 0.3150352515625 0.2953474265625 0.262607040625 0.30279603593750004
3 0.3304018296875 0.28608574375 0.3372923171875 0.312151696875 0.390868528125 0.305137809375 0.3847925921875 0.2781533953125 0.3304018296875 0.28608574375
3 0.3911369828125 0.2741128765625 0.4006498875 0.2965351046875 0.452598515625 0.2886840234375 0.444950259375 0.263325528125 0.3911369828125 0.2741128765625
3 0.46096970625000006 0.25738605312499996 0.4681949796875 0.2811247265625 0.5163037375 0.2742201078125 0.511563053125 0.24938323750000002 0.46096970625000006 0.25738605312499996
3 0.518617215625 0.2454989828125 0.5252080765625 0.2695486375 0.581928921875 0.25928291406250004 0.5756159296875001 0.23607199531249998 0.518617215625 0.2454989828125
3 0.58821186875 0.22834505312500003 0.5956607468749999 0.25465991875 0.6516309671875 0.23962581875 0.6443856859375 0.21788302499999998 0.58821186875 0.22834505312500003
0 0.5963318656250001 0.2809126328125 0.621410575 0.3696712578125 0.7317787171875 0.341229040625 0.708905 0.25399081875 0.5963318656250001 0.2809126328125
3 0.6462891984375 0.2221572546875 0.6526185859375 0.24062075468750002 0.702481325 0.225853715625 0.6972666000000001 0.2085638171875 0.6462891984375 0.2221572546875
0 0.325922796875 0.341758775 0.3534424734375 0.4295291984375 0.434371784375 0.40834316875 0.40875640312500006 0.327972478125 0.325922796875 0.341758775
2 0.089343359375 0.5292892078125 0.09813391875000001 0.5539859484375 0.7465244921874999 0.41016615312500004 0.739739803125 0.3911355203125 0.089343359375 0.5292892078125
3 0.0806348375 0.5136783296874999 0.0884454140625 0.5357121328125001 0.13097614375 0.52399068125 0.1225615171875 0.50748950625 0.0806348375 0.5136783296874999
1 0.0718719203125 0.49958364062499994 0.0774155953125 0.5173788609375001 0.12576142031249998 0.5067007828125 0.1181684484375 0.4838053234375 0.0718719203125 0.49958364062499994
1 0.130289515625 0.48170154062500004 0.13653035 0.499092990625 0.6625193015625 0.380590575 0.65562175625 0.360000471875 0.130289515625 0.48170154062500004
1 0.6635822640625 0.360703096875 0.6699066515625 0.3800080828125 0.7377440578125001 0.3632872859375 0.7299142125 0.344165271875 0.6635822640625 0.360703096875
3 0.12371667187499999 0.5084645937500001 0.12808395 0.5233626250000001 0.167518646875 0.5155247125 0.1622349609375 0.4980061671875 0.12371667187499999 0.5084645937500001
3 0.16454085624999998 0.49928440468749996 0.1697701875 0.5177928609375 0.208718540625 0.51007485 0.1999044390625 0.4877802359375 0.16454085624999998 0.49928440468749996
3 0.2100332828125 0.48151944375 0.21447043593749998 0.504892903125 0.2558503890625 0.496575515625 0.2495520234375 0.4774250140625 0.2100332828125 0.48151944375
3 0.2633956171875 0.4713891546875 0.26893921875000004 0.49146725 0.312570775 0.48541802343749996 0.30543780625 0.4617680078125 0.2633956171875 0.4713891546875
3 0.3144581671875 0.45880308125 0.3190311328125 0.479120421875 0.36412168125 0.47271157812500003 0.35601601562499996 0.449301315625 0.3144581671875 0.45880308125
3 0.366967403125 0.4493896125 0.37155459999999996 0.4661742578125 0.41429760781249997 0.46410821406249997 0.406720309375 0.44244980468749995 0.366967403125 0.4493896125
3 0.4068402890625 0.438679309375 0.41376924062500003 0.4623563625 0.45488504062499996 0.45316305312500005 0.4495593171875 0.4337728109375 0.4068402890625 0.438679309375
3 0.4547903671875 0.430389596875 0.46262425625 0.44937340781249996 0.505060965625 0.4445596921875 0.4964690265625 0.4212692609375 0.4547903671875 0.430389596875
3 0.50911355 0.4181525953125 0.5152318375 0.44017065468750005 0.554444446875 0.433328509375 0.5452399984375 0.4045428234375 0.50911355 0.4181525953125
3 0.5612664046875 0.40502731562500005 0.5684217984375 0.42423706875 0.6093995484375 0.4197829875 0.601071853125 0.39736848281250003 0.5612664046875 0.40502731562500005
3 0.6084734093749999 0.39427386875 0.614929290625 0.4155968828125 0.6578102828125 0.4087916 0.6498847609375 0.38251379375 0.6084734093749999 0.39427386875
3 0.6504176453125 0.38393530625 0.6579524203125 0.40753055624999995 0.698359821875 0.3994529140625 0.6891974125 0.3725389234375 0.6504176453125 0.38393530625
3 0.6896263921875 0.37427100156250004 0.6970808890625 0.396945009375 0.7345703 0.389586575 0.728103740625 0.36294915781250003 0.6896263921875 0.37427100156250004
0 0.0980125765625 0.5580327953124999 0.1271220265625 0.6362400375 0.22844658906249998 0.618793553125 0.2008754125 0.53430813125 0.0980125765625 0.5580327953124999
0 0.3913783 0.4920575515625 0.4166558828125 0.5724030796874999 0.49614964375000004 0.5518681546875001 0.47135838281250003 0.47140275468750004 0.3913783 0.4920575515625
0 0.636438071875 0.4350250953125 0.6624201328125 0.5193546312499999 0.7676473234375 0.49059472968750006 0.7465666015625 0.4120378859375 0.636438071875 0.4350250953125
2 0.1467330078125 0.6757217203125 0.1505783234375 0.69322344375 0.7841989171875 0.5558673453125 0.77702395 0.5303455703125 0.1467330078125 0.6757217203125
3 0.135277946875 0.6556054734375001 0.141970328125 0.6768092375 0.1894084203125 0.666057590625 0.181609015625 0.6453949828125001 0.135277946875 0.6556054734375001
1 0.129204053125 0.6403389374999999 0.1346992984375 0.6578984546875 0.1947398890625 0.6421584390625 0.1907771265625 0.6290195359374999 0.129204053125 0.6403389374999999
1 0.189711546875 0.629836328125 0.19429560625 0.6441500062500001 0.711653503125 0.5232171640625001 0.7043404484375 0.5024346796875 0.189711546875 0.629836328125
3 0.720454528125 0.5219567015625 0.727624525 0.5484529453125 0.7789532359375 0.536742296875 0.7730990828125 0.5156001921875 0.720454528125 0.5219567015625
1 0.7088701796875 0.5062838078125 0.7111671828125 0.523337034375 0.758689359375 0.5163288078125 0.752835275 0.4951867375 0.7088701796875 0.5062838078125
3 0.1834362484375 0.646382140625 0.18839373125 0.6644256078125 0.2368885796875 0.6571776328125 0.2296175203125 0.638266909375 0.1834362484375 0.646382140625
3 0.24340889062499999 0.6324821734375 0.2482121578125 0.64968135625 0.2991806609375 0.6437057515625 0.2923539328125 0.622803421875 0.24340889062499999 0.6324821734375
3 0.3045015875 0.6174238359374999 0.3112968453125 0.6388372265625 0.3585127953125 0.6290813640625 0.3524786078125 0.610806775 0.3045015875 0.6174238359374999
3 0.3697369921875 0.603108984375 0.376020671875 0.6247659609375 0.42416721874999996 0.6128986359375 0.41959199687500004 0.594264434375 0.3697369921875 0.603108984375
3 0.42718236249999997 0.5889496515625 0.432614890625 0.6079933078125 0.48252668437499996 0.5985139921875 0.47653449531250003 0.5821111640625001 0.42718236249999997 0.5889496515625
3 0.49283421718750003 0.57276755625 0.49879765468750004 0.5935624374999999 0.5469862546875001 0.5835668578125001 0.5411322609375 0.5624246875 0.49283421718750003 0.57276755625
3 0.55404531875 0.562973815625 0.558700175 0.5825616296875 0.6024697734375 0.5717731484375 0.59617140625 0.552622646875 0.55404531875 0.562973815625
3 0.6131061296875 0.549298603125 0.6182124250000001 0.5650697046875 0.6691389140624999 0.5572223953125001 0.66359105 0.5388279375 0.6131061296875 0.549298603125
3 0.6705120328125 0.533384403125 0.677406546875 0.5551845609375 0.7278466031249999 0.5474571515625 0.7201852671875 0.522055284375 0.6705120328125 0.533384403125
0 0.1534206890625 0.6978953437500001 0.17873184375 0.770978015625 0.28027856875 0.7525357703125 0.2542924890625 0.673305878125 0.1534206890625 0.6978953437500001
0 0.4258894890625 0.6333831890625 0.4523009359375 0.714840334375 0.530419753125 0.698408428125 0.5055444015624999 0.614199584375 0.4258894890625 0.6333831890625
0 0.6767614984375 0.576841175 0.699217965625 0.6586845765625 0.8028900765625 0.6368952625000001 0.783184228125 0.5542353640625 0.6767614984375 0.576841175
2 0.1841881671875 0.8134057203125 0.19127295625000001 0.8360658531249999 0.8173674015625 0.6941885453125 0.812502090625 0.6738925234375001 0.1841881671875 0.8134057203125
1 0.1784879203125 0.7728880390625 0.18476605937499999 0.7892525984375001 0.2432936578125 0.782354884375 0.23942692656250003 0.7626050234374999 0.1784879203125 0.7728880390625
1 0.238955946875 0.7606305640625 0.2449747859375 0.780999459375 0.7461458109375 0.668761640625 0.740027525 0.6467435828125 0.238955946875 0.7606305640625
1 0.7409476578125 0.6483677828125 0.746367946875 0.66776583125 0.8052137296874999 0.6532613203125 0.79988800625 0.633871078125 0.7409476578125 0.6483677828125
0 0.192291021875 0.835586840625 0.2203546484375 0.9137473328124999 0.31766551718749997 0.8886305296874999 0.293578253125 0.810849290625 0.192291021875 0.835586840625
3 0.17867438125 0.7913703234375 0.1843439890625 0.8173030234375 0.222541834375 0.8088289421875 0.21575710468749998 0.7897982671875 0.17867438125 0.7913703234375
3 0.21336343593749998 0.7845846390625 0.2222356 0.80608128125 0.2599891421875 0.7995988015625 0.25421914375 0.7822001515625 0.21336343593749998 0.7845846390625
3 0.25451425 0.7797354296875 0.26039139218749996 0.7957354546875 0.3011049640625 0.7904054609375 0.2949866765625 0.7683874046875 0.25451425 0.7797354296875
3 0.3046649703125 0.76737410625 0.3081357171875 0.78773146875 0.3478345640625 0.7807694749999999 0.342064584375 0.7633707921874999 0.3046649703125 0.76737410625
3 0.3539827984375 0.7587472703125 0.359464428125 0.7760208203125 0.40110861875000003 0.7685793328125 0.3933512296875 0.7497884546875 0.3539827984375 0.7587472703125
3 0.40293452656250006 0.744034584375 0.4107931390625 0.7643101718749999 0.45067208125 0.7544806734375 0.4444157609375 0.7372018921875 0.40293452656250006 0.744034584375
0 0.466011184375 0.77575461875 0.4878351921875 0.848949171875 0.5667564109375001 0.8294963984375 0.5435713484375 0.7526241828125 0.466011184375 0.77575461875
3 0.4527082671875 0.7352953734375001 0.45796701406249996 0.7526825921875 0.49691538749999997 0.74496455 0.48964437812500006 0.7260537874999999 0.4527082671875 0.7352953734375001
3 0.491461096875 0.725743440625 0.4968733421875 0.743092828125 0.53780905 0.7367670265624999 0.532261190625 0.7183725921875 0.491461096875 0.725743440625
3 0.538628634375 0.713235128125 0.54453356875 0.731345371875 0.5854692734375 0.7250195703125 0.5801855953125 0.7075010484375001 0.538628634375 0.713235128125
3 0.5896744968750001 0.705885653125 0.594664384375 0.720520809375 0.6343103828125 0.7144385921875 0.6279187312500001 0.6966424328125 0.5896744968750001 0.705885653125
3 0.6406101859375 0.6933308484375 0.645014778125 0.7108776234375 0.68509613125 0.702843134375 0.67766876875 0.6816125203125 0.6406101859375 0.6933308484375
3 0.687256553125 0.6818332921875 0.6931995421875 0.7008457781249999 0.7327629671875 0.69109405 0.72611243125 0.6724393109375 0.687256553125 0.6818332921875
0 0.7110416359375 0.7191763015625 0.73532418125 0.7969978296875 0.839802021875 0.77690243125 0.8173167375 0.691938384375 0.7110416359375 0.7191763015625
3 0.72586044375 0.6723180703125 0.7318096656249999 0.6913290234375 0.7724089765625 0.6850118640625 0.7642459406250001 0.6630400328125 0.72586044375 0.6723180703125
3 0.7647092078125 0.6617048953125 0.77041979375 0.681812265625 0.8136202156250001 0.6739314624999999 0.806710575 0.6544181046875 0.7647092078125 0.6617048953125
2 0.235855265625 0.9497176734374999 0.2402847328125 0.965661796875 0.8538602109375001 0.8348827828125 0.8488170765625 0.814738784375 0.235855265625 0.9497176734374999
0 0.23981284375 0.9686150281250001 0.2503156359375 0.9979009859374999 0.3595271828125 0.9966301953125001 0.339006671875 0.9403986062499999 0.23981284375 0.9686150281250001
3 0.22777394218749997 0.9286989374999999 0.233319675 0.945991646875 0.2790087328125 0.93658971875 0.27360995312499997 0.9221127046875001 0.22777394218749997 0.9286989374999999
1 0.219400634375 0.9090750546875 0.22511872031250002 0.92954305 0.28979311406249997 0.9169958953125 0.282907025 0.8983292078125 0.219400634375 0.9090750546875
1 0.2838425578125 0.8931911875 0.2891578875 0.9148897421875001 0.7835004859375 0.80888109375 0.7774154203125 0.7866230359374999 0.2838425578125 0.8931911875
0 0.7484806234375 0.8589259218749999 0.76829249375 0.929433459375 0.8697610593749999 0.9081426015625 0.8516355093750001 0.8326414718749999 0.7484806234375 0.8589259218749999
3 0.796094040625 0.8011687046875 0.8009033734375001 0.8218993546875 0.8473756640625 0.8150940671875 0.8430740609375 0.7956972875 0.796094040625 0.8011687046875
1 0.7777193390625 0.7880018125 0.7843521124999999 0.8075398203124999 0.8457858937499999 0.7946600578125 0.83970085 0.7724020703125001 0.7777193390625 0.7880018125
3 0.27430159375 0.9193225203125 0.2780061609375 0.9349771671875 0.3248756859375 0.924354409375 0.32013522656250004 0.9069254656249999 0.27430159375 0.9193225203125
3 0.33267290625 0.90493495625 0.33845446562500003 0.9265866624999999 0.386807146875 0.9174581875 0.380500359375 0.8948360609374999 0.33267290625 0.90493495625
3 0.39939819375 0.8874423390624999 0.40690489375 0.9087848984375 0.45181085000000004 0.896786521875 0.4468093609375 0.8784919890625 0.39939819375 0.8874423390624999
3 0.45540755156249996 0.8767747765625 0.462203996875 0.8970143171875 0.5063683765625 0.884268796875 0.5024111 0.8694364421874999 0.45540755156249996 0.8767747765625
0 0.5090630390625 0.9064330671875 0.5310617171875001 0.9832575531250001 0.607158546875 0.9617113765624999 0.585930565625 0.887904784375 0.5090630390625 0.9064330671875
3 0.5141192875 0.86544111875 0.5186419250000001 0.8821734375 0.5655946640625 0.875249725 0.558546409375 0.8518805859375 0.5141192875 0.86544111875
3 0.5749461328125001 0.8514942484375 0.5804485859375 0.8697287796875001 0.6239961953125001 0.8617845828125 0.618472646875 0.8417591234374999 0.5749461328125001 0.8514942484375
3 0.6316960234375 0.837506340625 0.6371891609375 0.8576028687499999 0.6848834515625 0.8514262109375 0.6786183359375 0.830653640625 0.6316960234375 0.837506340625
3 0.6877521703125 0.8289191203125 0.6937102921875 0.84646100625 0.7408825421875 0.8385532296875 0.7348368265625 0.8167967125000001 0.6877521703125 0.8289191203125
3 0.74754485625 0.8173190296874999 0.7531560734375 0.8364579359375 0.8041306718750001 0.8257532421875 0.7981681046875 0.8076956640624999 0.74754485625 0.8173190296874999
1 0.8097932453125001 0.9164145796875 0.44578778750000003 0.9956264609375 0.5526687078125 0.9943827890625 0.81540010625 0.9401390624999999 0.8097932453125001 0.9164145796875
1 0.8092768484375 0.91611041875 0.8150557812500001 0.9355746343750001 0.868735509375 0.9269927687499999 0.865739259375 0.9119235375000001 0.8092768484375 0.91611041875