3 0.60616125 0.1971014703125 0.2061571796875 0.141723140625 0.20517258906250002 0.1545414265625 0.6049713031249999 0.21145004374999998 0.60616125 0.1971014703125
3 0.5993583109375 0.3024619609375 0.19321984375 0.24995283281249997 0.18992024999999998 0.2655811171875 0.5968400703125 0.3166934921875 0.5993583109375 0.3024619609375
3 0.5734012984375 0.406937634375 0.15708665156249998 0.37118947812499997 0.15345691875 0.386796334375 0.57188393125 0.4204544015625 0.5734012984375 0.406937634375
3 0.571487178125 0.50951701875 0.14287535625 0.4843238703125 0.14118862031249999 0.49890193906249997 0.5688352046875 0.5277516375 0.571487178125 0.50951701875
3 0.5616448218750001 0.6234423578125 0.11675150625 0.598415365625 0.11492723125 0.61780421875 0.56078229375 0.638622740625 0.5616448218750001 0.6234423578125
3 0.5559809796875 0.7425536625 0.09924909062500001 0.7303241984375 0.09613740937500001 0.74700051875 0.5547726046875 0.7601125 0.5559809796875 0.7425536625
1 0.5478266703125 0.8510388765625001 0.07798583125 0.841833809375 0.07543361093749999 0.8616066281249999 0.5428271687499999 0.8730814546874999 0.5478266703125 0.8510388765625001
0 0.093099103125 0.7649009875 0.0769879125 0.8416693734375 0.12162831562500001 0.8399821031249999 0.13575983593750002 0.7705660859375 0.093099103125 0.7649009875
2 0.13998454375 0.747684228125 0.09679968125 0.747166021875 0.09115175156250001 0.765864346875 0.1373141203125 0.7691290171875 0.13998454375 0.747684228125
0 0.35345957499999997 0.775295375 0.314174946875 0.7713371343750001 0.2993458578125 0.845203209375 0.3434282078125 0.844269721875 0.35345957499999997 0.775295375
2 0.3342690571832632 0.764258385124392 0.04574891109416672 0.02033234736759475
0 0.5527571078125 0.7832210015625 0.5158540203124999 0.7800776843749999 0.5058613140625 0.8497499734374999 0.545285453125 0.85001196875 0.5527571078125 0.7832210015625
2 0.5355224326582284 0.7705009175237116 0.03808188145888884 0.026309528855940557
1 0.55287705 0.7238118874999999 0.0988094984375 0.7102176328125 0.0940158671875 0.7307542078125 0.5501097749999999 0.742839303125 0.55287705 0.7238118874999999
0 0.1494716984375 0.639284525 0.11098818437499999 0.6380431859375 0.09789925625 0.7102191953125 0.1393065734375 0.7122618828125 0.1494716984375 0.639284525
2 0.13218249316305503 0.6261210119808995 0.04433188145888893 0.026527783665263982
0 0.3634956109375 0.6477047578125 0.326119146875 0.6429521 0.31317306093749997 0.7131288078125 0.35313679375 0.7158472812500001 0.3634956109375 0.6477047578125
2 0.3450091482732981 0.6382043166127378 0.042769381458888936 0.026473219962933215
0 0.559560075 0.65936034375 0.5222400078125 0.655216453125 0.5092559828125001 0.7215741328124999 0.5504511359375 0.7219921828125 0.559560075 0.65936034375
2 0.541484104770312 0.6485167901190498 0.03641027868534721 0.02156746515360979
0 0.1763050234375 0.5164496703125 0.132873359375 0.514547675 0.12178547343749999 0.5798979703125 0.164963821875 0.582096715625 0.1763050234375 0.5164496703125
2 0.15447768009277735 0.5066889657017638 0.04738414627652778 0.023511911069925694
0 0.3781068953125 0.531822665625 0.34061860781250003 0.5278363171875 0.3283608546875 0.5932826875 0.3687673484375 0.59604014375 0.3781068953125 0.531822665625
2 0.36098160002065927 0.5221155251429255 0.041170513867708355 0.02485615626060227
0 0.56708716875 0.5428539921875 0.529255253125 0.5414479765625 0.5209016859375 0.60141586875 0.5603073296875001 0.6048881203125 0.56708716875 0.5428539921875
2 0.5472821227220829 0.5335639127143882 0.03957164627652787 0.023239092558271324
0 0.18667313125 0.40815955312499996 0.1490106578125 0.4035897765625 0.1400264 0.469892675 0.1748891734375 0.4737675859375 0.18667313125 0.40815955312499996
2 0.1703046614754163 0.39685017423195157 0.03957164627652778 0.023239092558271324
0 0.391689615625 0.423012821875 0.355770115625 0.41980172812500005 0.3448307390625 0.48312130625 0.38157986250000003 0.4863594765625 0.391689615625 0.423012821875
2 0.37368358140329827 0.41238586107777486 0.04113414627652778 0.02329365626060227
0 0.57044953125 0.43956736249999995 0.538992628125 0.43594649375000005 0.5322521109375 0.49562121093749995 0.5645921203125 0.49525901406250006 0.57044953125 0.43956736249999995
2 0.5552056851267705 0.42790418975623024 0.03481141109416672 0.019950401451278844
0 0.1863950171875 0.28145998437499997 0.1745019375 0.3469282765625 0.21080830781249998 0.350127434375 0.222458503125 0.288522459375 0.1863950171875 0.28145998437499997
2 0.2074799659963192 0.27533727278067277 0.03964438145888893 0.026364092558271414
2 0.4137474965815275 0.30092008222183436 0.06631598423243065 0.03197917549789597
0 0.563941025 0.333792121875 0.5566640671875 0.3894353671875 0.5885428671875 0.3922443875 0.59663250625 0.33353755937499996 0.563941025 0.333792121875
2 0.5786996961446873 0.32404257977476364 0.03328527868534721 0.021458337748947988
0 0.23861939531249998 0.17431900625000002 0.2004622296875 0.1693162890625 0.18869809375 0.227733884375 0.227411953125 0.23596299531249998 0.23861939531249998 0.17431900625000002
2 0.22259843256131928 0.1624007631620259 0.04113414627652787 0.02329365626060227
1 0.598136121875 0.28311492656250004 0.1890495359375 0.22851414062500003 0.1854834671875 0.24675378281250002 0.5969277484375 0.3006737640625 0.598136121875 0.28311492656250004
0 0.424966153125 0.20037469375 0.3887423359375 0.1969440125 0.38057011093750004 0.25588237812500003 0.4171070828125 0.2574959421875 0.424966153125 0.20037469375
2 0.4084625441685762 0.19259915073348863 0.03949891109416672 0.020114092558271412
0 0.604786815625 0.2250523421875 0.5717751890625 0.2221025875 0.5662619703125 0.28027441406250003 0.59923839375 0.2847860796875 0.604786815625 0.2250523421875
2 0.5882766775273263 0.2144220431142748 0.036337543502986236 0.0184424651536097
0 0.40374749374999996 0.30964265625 0.3927828078125 0.366162228125 0.42516425468749997 0.37784818124999997 0.433350771875 0.3215587890625 0.40374749374999996 0.30964265625
1 0.5864258765625 0.39446674531250003 0.1736855765625 0.3495740984375 0.1726017484375 0.36924395312499997 0.5842351156250001 0.40953012031249997 0.5864258765625 0.39446674531250003
1 0.5649011125000001 0.499301084375 0.13894763593749998 0.46892690625 0.1365073671875 0.484838978125 0.56172796875 0.511868965625 0.5649011125000001 0.499301084375
1 0.55996141875 0.6072665703125 0.1176843734375 0.58043651875 0.114802740625 0.60015988125 0.55832875 0.6215761343749999 0.55996141875 0.6072665703125