2 0.0052337640625 0.171476340625 0.0061375203125 0.19793911718749999 0.746834403125 0.2025900390625 0.7461799671875 0.179335334375 0.0052337640625 0.171476340625
0 0.0059697609375000005 0.1950180078125 0.012680776562500001 0.2921206265625 0.1402743109375 0.2921206265625 0.1343853796875 0.1944508875 0.0059697609375000005 0.1950180078125
3 0.00247661875 0.14161643906250002 0.003194246875 0.1718332953125 0.0612271828125 0.1705756859375 0.0598117515625 0.14919631093750002 0.00247661875 0.14161643906250002
3 0.059792582812499995 0.14303103125 0.0612271828125 0.166802859375 0.12067557656250001 0.1718332953125 0.12067557656250001 0.14919631093750002 0.059792582812499995 0.14303103125
3 0.13700992343750001 0.14727480937499998 0.13624537812499998 0.174348578125 0.19286290625 0.17560614375 0.19286290625 0.1479386375 0.13700992343750001 0.14727480937499998
3 0.21979964999999999 0.1486894015625 0.2183407828125 0.178121384375 0.2784968671875 0.17560614375 0.2749582625 0.14668105 0.21979964999999999 0.1486894015625
3 0.28746433125 0.15010399375 0.2876972484375 0.1730909265625 0.34431472812499997 0.1730909265625 0.34431472812499997 0.14542344062499998 0.28746433125 0.15010399375
0 0.3393766984375 0.20286522968749998 0.34246099375 0.2932833359375 0.43275792187500006 0.29560879687499997 0.431449275 0.2014272875 0.3393766984375 0.20286522968749998
3 0.360701396875 0.1458602171875 0.360592221875 0.1730909265625 0.4165020109375 0.1730909265625 0.41720975156250006 0.14668105 0.360701396875 0.1458602171875
3 0.434320396875 0.14924254374999998 0.43406656874999994 0.1770098625 0.4870669578125 0.178172603125 0.4857583109375 0.150266978125 0.434320396875 0.14924254374999998
3 0.5020321796875 0.1557818953125 0.5021164609375 0.1770098625 0.5577341421875001 0.18049808437499998 0.557079796875 0.151429728125 0.5020321796875 0.1557818953125
3 0.56827196875 0.15708976562500002 0.5682034046875 0.179335334375 0.6244754312499999 0.18049808437499998 0.622512484375 0.154917909375 0.56827196875 0.15708976562500002
0 0.6234717937500001 0.20809671093749998 0.620549446875 0.297934296875 0.7402911249999999 0.297934296875 0.746834403125 0.2014272875 0.6234717937500001 0.20809671093749998
3 0.6374557484375 0.15185828437499999 0.6369075515625 0.18049808437499998 0.6964512187499999 0.178172603125 0.6944883609375 0.1584061203125 0.6374557484375 0.15185828437499999
3 0.6963355609375 0.1583976359375 0.6957968718750001 0.1770098625 0.7442170203125 0.1816608046875 0.7442170203125 0.151429728125 0.6963355609375 0.1583976359375
1 0.0214257125 0.28656893437500003 0.0211870015625 0.31072435 0.087928246875 0.3130498296875 0.0892368921875 0.28979512500000004 0.0214257125 0.28656893437500003
2 0.013778134375 0.3422809109375 0.013232717187500001 0.36691833749999997 0.7361820953125 0.3688871859375 0.7356281703125 0.341323221875 0.013778134375 0.3422809109375
1 0.0876655015625 0.2931082875 0.087928246875 0.3142125796875 0.670278196875 0.3177008109375 0.670278196875 0.297934296875 0.0876655015625 0.2931082875
1 0.67057564375 0.2944161578125 0.6735498359375 0.3223516921875 0.7370194875 0.32118898125 0.7370194875 0.300259796875 0.67057564375 0.2944161578125
3 0.012593740624999999 0.315342084375 0.013989421875 0.34095549531249997 0.0597922328125 0.3421181859375 0.0597922328125 0.3188635015625 0.012593740624999999 0.315342084375
3 0.059697590625 0.317957825 0.0597922328125 0.344443665625 0.108866659375 0.344443665625 0.10755801250000001 0.3177008109375 0.059697590625 0.317957825
3 0.1075374375 0.3166499546875 0.10755801250000001 0.3421181859375 0.1585954078125 0.34328091562499996 0.1585954078125 0.31537530937499997 0.1075374375 0.3166499546875
3 0.16494525468750001 0.3166499546875 0.1651386859375 0.345606396875 0.21486743593750002 0.345606396875 0.2135587890625 0.3177008109375 0.16494525468750001 0.3166499546875
3 0.226033059375 0.3166499546875 0.22533669843749998 0.3421181859375 0.26525053125000003 0.34328091562499996 0.26525053125000003 0.3200262515625 0.226033059375 0.3166499546875
3 0.2738729078125 0.3166499546875 0.272448109375 0.339792725 0.3090903484375 0.344443665625 0.307781703125 0.3177008109375 0.2738729078125 0.3166499546875
3 0.31582477343750004 0.315342084375 0.316287928125 0.3421181859375 0.3775404015625 0.3465667171875 0.37664852656250003 0.318830653125 0.31582477343750004 0.315342084375
3 0.37576711406249996 0.317428803125 0.3762025296875 0.34577426093749997 0.42481153593750004 0.3449818046875 0.42391963125 0.3212080484375 0.37576711406249996 0.317428803125
3 0.434792328125 0.31646658125 0.43541381875 0.3441629421875 0.4803423859375 0.3441629421875 0.47983181874999997 0.318759978125 0.434792328125 0.31646658125
3 0.48992302499999996 0.3185075703125 0.48953231875 0.34779194062499996 0.539055853125 0.3486991859375 0.5385452859375001 0.32148171406250003 0.48992302499999996 0.3185075703125
3 0.54447944375 0.32054855781249997 0.5446719546875001 0.3441629421875 0.5911321187499999 0.3468846953125 0.5916426859375 0.32057448437499997 0.54447944375 0.32054855781249997
3 0.5990358625 0.322589546875 0.5998115546875 0.3459774328125 0.6467823546875 0.3459774328125 0.6478034203124999 0.3178527625 0.5990358625 0.322589546875
3 0.64670094375 0.3185075703125 0.645250653125 0.343255696875 0.692732021875 0.34507021875 0.692732021875 0.3178527625 0.64670094375 0.3185075703125
0 0.6182157984375001 0.3688562796875 0.61707550625 0.45354801250000004 0.7306423125 0.4486258578125 0.7361820953125 0.3688871859375 0.6182157984375001 0.3688562796875
3 0.6937530859375001 0.3232962203125 0.6912003203125 0.3441629421875 0.7330655875 0.3468846953125 0.7335761546875 0.3232962203125 0.6937530859375001 0.3232962203125
0 0.0162706609375 0.37217820156250003 0.023204432812500002 0.46339228906249996 0.1450809703125 0.4604389828125 0.138433146875 0.36691833749999997 0.0162706609375 0.37217820156250003
0 0.335937178125 0.37328550781250003 0.3422993578125 0.462407865625 0.429828834375 0.45748570937500005 0.42927483281249995 0.3708560515625 0.335937178125 0.37328550781250003
2 0.0313748234375 0.513226796875 0.0317688359375 0.5309065640624999 0.7271523546875 0.5208304890625 0.7266368578125 0.499762334375 0.0313748234375 0.513226796875
0 0.034273934374999995 0.531773025 0.0425939421875 0.618843321875 0.1585770859375 0.61701125 0.15239134062499998 0.5309065640624999 0.034273934374999995 0.531773025
3 0.02997955625 0.487338134375 0.030406218750000002 0.512613671875 0.08635863906249999 0.512613671875 0.085250675 0.48701853906250003 0.02997955625 0.487338134375
1 0.026240767187500003 0.45854815000000004 0.0270823265625 0.48504969062500003 0.09743831875 0.4840652671875 0.0979923203125 0.462407865625 0.026240767187500003 0.45854815000000004
1 0.0979009015625 0.46297737968749997 0.09743831875 0.48504969062500003 0.66416415625 0.48012757031250003 0.66416415625 0.4545324375 0.0979009015625 0.46297737968749997
0 0.6111969921875 0.52043921875 0.6085917828125 0.606019265625 0.7214820343749999 0.6041871640625 0.7271523546875 0.5189984812499999 0.6111969921875 0.52043921875
3 0.6730992859375 0.482329334375 0.6736479046875 0.4977631890625 0.7270074328125 0.4977631890625 0.7238149484374999 0.47669216875 0.6730992859375 0.482329334375
1 0.6643275375 0.45190430781249996 0.66471815625 0.48012757031250003 0.733412165625 0.4761898734375 0.7306423125 0.45157916406250004 0.6643275375 0.45190430781249996
3 0.0873076640625 0.4840162125 0.0869126015625 0.5096604 0.1428650421875 0.512613671875 0.1406491125 0.4840652671875 0.0873076640625 0.4840162125
3 0.1483745625 0.48290890624999994 0.1495128265625 0.5116292484375 0.20491126406250001 0.512613671875 0.20491126406250001 0.48701853906250003 0.1483745625 0.48290890624999994
3 0.21255711875 0.48512352031250006 0.2137750171875 0.5106448578125 0.27083542031249996 0.5106448578125 0.2691734171875 0.4830808421875 0.21255711875 0.48512352031250006
3 0.2854635171875 0.48512352031250006 0.2852389546875 0.5096604 0.3400833921875 0.5116292484375 0.3400833921875 0.48701853906250003 0.2854635171875 0.48512352031250006
0 0.34447879531250003 0.5266212953125 0.346727553125 0.6142632703124999 0.4322973796875 0.6087671828125 0.43178188281249996 0.5272425484375 0.34447879531250003 0.5266212953125
3 0.3540079953125 0.4840162125 0.3528250375 0.5076915515625 0.40822347499999995 0.5076915515625 0.4087774765625 0.48603414999999994 0.3540079953125 0.4840162125
3 0.42595097812500005 0.4830808421875 0.42428897499999996 0.5047382453125 0.4763635578125 0.505722703125 0.4763635578125 0.48209641875000003 0.42595097812500005 0.4830808421875
3 0.489449028125 0.482329334375 0.489397925 0.504246590625 0.5441256250000001 0.50343616875 0.5441256250000001 0.47912343437500005 0.489449028125 0.482329334375
3 0.5556246796875 0.48324091874999997 0.556895503125 0.50343616875 0.608886734375 0.50100493125 0.609798890625 0.48074430625 0.5556246796875 0.48324091874999997
3 0.6176964140625001 0.4777714140625 0.6161838609375 0.4993840328125 0.6736479046875 0.49857361093749997 0.6727357484375001 0.47669216875 0.6176964140625001 0.4777714140625
2 0.045870378125 0.6626269687499999 0.046202310937500005 0.681782759375 0.7183891984375 0.6680426374999999 0.7199356171875 0.6469744671875 0.045870378125 0.6626269687499999
1 0.0418116234375 0.618322090625 0.0420784640625 0.6408274484375001 0.1121838203125 0.6417434515625 0.1111528640625 0.6142632703124999 0.0418116234375 0.618322090625
1 0.112549928125 0.615231053125 0.1126993171875 0.6408274484375001 0.654985046875 0.6280033609375 0.6544695500000001 0.606019265625 0.112549928125 0.615231053125
1 0.6541038328125001 0.6059579390625001 0.6524076359375 0.628919428125 0.7225130281250001 0.6252553484375001 0.7225130281250001 0.6051031984375 0.6541038328125001 0.6059579390625001
0 0.0487694890625 0.68220354375 0.05445000625 0.7596433796875 0.1678557375 0.7568953671875 0.16424740468750001 0.6799507203124999 0.0487694890625 0.68220354375
3 0.0447107328125 0.6399593578125 0.0446558578125 0.6607145734375 0.087440753125 0.658882565625 0.08692527343749999 0.639646403125 0.0447107328125 0.6399593578125
3 0.0876175734375 0.6399593578125 0.087440753125 0.6607145734375 0.1307411265625 0.6570505578125 0.1291947078125 0.639646403125 0.0876175734375 0.6399593578125
3 0.13226388125 0.6378986656250001 0.132287615625 0.6579665625 0.17404151875 0.6597986015624999 0.1745570140625 0.63506636875 0.13226388125 0.6378986656250001
3 0.1861873421875 0.6378986656250001 0.18847499375 0.6597986015624999 0.23383729999999997 0.6597986015624999 0.232290846875 0.6378143796875 0.1861873421875 0.6378986656250001
3 0.2389511609375 0.63686831875 0.239507584375 0.6607145734375 0.2843544296875 0.6597986015624999 0.2838388984375 0.6359823718750001 0.2389511609375 0.63686831875
3 0.29345444375 0.63377728125 0.2931175515625 0.6552185500000001 0.3384798578125 0.656134521875 0.3374489 0.6323183718750001 0.29345444375 0.63377728125
0 0.34737790625 0.6780821593749999 0.3493049640625 0.7559793625 0.43332830156249996 0.7532313203125 0.43281287500000004 0.6735386921875001 0.34737790625 0.6780821593749999
3 0.34563843906249997 0.63068624375 0.346727553125 0.65247050625 0.3910589375 0.6543025140625 0.3895124484375 0.6314023359375 0.34563843906249997 0.63068624375
3 0.39086456875 0.629655896875 0.390543440625 0.6533865109375 0.43281287500000004 0.6552185500000001 0.4322973796875 0.6323183718750001 0.39086456875 0.629655896875
3 0.44304856406250004 0.632746934375 0.44312245 0.6515545031250001 0.4802370609375 0.6515545031250001 0.48075255781250004 0.6295703125000001 0.44304856406250004 0.632746934375
3 0.4894343375 0.63068624375 0.4900312109375 0.6478904703125 0.5323006453125 0.648806475 0.5333315671875 0.6231583015625 0.4894343375 0.63068624375
3 0.5433577984375 0.629655896875 0.5431257875 0.6469744671875 0.585910646875 0.6497224796875 0.58539515 0.62590628125 0.5433577984375 0.629655896875
3 0.5932225046874999 0.626564859375 0.5931273140625 0.648806475 0.6369432374999999 0.6506385140625001 0.6364277406250001 0.6295703125000001 0.5932225046874999 0.626564859375
0 0.607436153125 0.6716978765625 0.6068729890625 0.746469140625 0.716012296875 0.744775346875 0.7203016156250001 0.6634729 0.607436153125 0.6716978765625
3 0.637288990625 0.6286255515625 0.6364277406250001 0.6478904703125 0.6792126015625 0.648806475 0.6792126015625 0.6323183718750001 0.637288990625 0.6286255515625
3 0.6784563640625 0.6286255515625 0.678697175 0.6469744671875 0.7225130281250001 0.6469744671875 0.72199753125 0.6240742734375 0.6784563640625 0.6286255515625
2 0.0606364015625 0.8012532171875 0.060699795312500006 0.8193025578125 0.7102931625 0.8049052484375 0.7112463734375 0.787120378125 0.0606364015625 0.8012532171875
1 0.1240863890625 0.7794982453125 0.12228539375 0.755527803125 0.054027515625 0.7532443468750001 0.055457315625 0.7794982453125 0.1240863890625 0.7794982453125
1 0.123893628125 0.756480415625 0.1250395671875 0.7778044515625 0.6511959203125001 0.7667947296875 0.6502427749999999 0.74562224375 0.123893628125 0.756480415625
1 0.64978633125 0.7469542875 0.6492895640625 0.7651009359375001 0.712676125 0.767641628125 0.7131527296875 0.7490098609375 0.64978633125 0.7469542875
0 0.0611724796875 0.8222107 0.067372075 0.898911209375 0.17794115 0.89128910625 0.1741284375 0.8218433359375 0.0611724796875 0.8222107
3 0.058492089062499995 0.7860114125 0.058316834375 0.8015176593750001 0.1012100140625 0.79982389375 0.10025683593750001 0.7811920406249999 0.058492089062499995 0.7860114125
3 0.099770109375 0.7793431234375 0.10025683593750001 0.7955893796875 0.14362660625 0.7972831453125 0.14172025 0.77526373125 0.099770109375 0.7793431234375
3 0.14265636406249999 0.773627446875 0.14172025 0.7989769671875 0.18366025156250002 0.79982389375 0.1846134625 0.7769575546875 0.14265636406249999 0.773627446875
3 0.1957281046875 0.776485284375 0.19462185 0.79982389375 0.238468209375 0.798130040625 0.237991603125 0.7744168625000001 0.1957281046875 0.776485284375
3 0.2445112203125 0.7783905109375 0.24514048906250002 0.796436246875 0.289463453125 0.794742453125 0.28803366874999997 0.7727230390625001 0.2445112203125 0.7783905109375
3 0.3002633515625 0.777437896875 0.30233137499999996 0.7938955562500001 0.3433181984375 0.7922017609374999 0.3437948046875 0.7744168625000001 0.3002633515625 0.777437896875
0 0.3517268578125 0.8117319593750001 0.3528500125 0.8870545921874999 0.4329173046875 0.8853608546875 0.43196409375 0.8091397625000001 0.3517268578125 0.8117319593750001
3 0.34743823281249997 0.7717222203125 0.3476075171875 0.789661040625 0.390500696875 0.7930486578125 0.390500696875 0.7718761421875 0.34743823281249997 0.7717222203125
3 0.3903244875 0.7717222203125 0.3890709140625 0.7905079374999999 0.4300577375 0.7930486578125 0.4300577375 0.7701823765625 0.3903244875 0.7717222203125
3 0.44286015 0.773627446875 0.4429256921875 0.7905079374999999 0.4791465921875 0.787967246875 0.478670053125 0.7710292453125 0.44286015 0.773627446875
3 0.4884267953125 0.7698169953125 0.4877252296875 0.789661040625 0.5301418046874999 0.78881414375 0.5301418046874999 0.7684885546875 0.4884267953125 0.7698169953125
3 0.5414985359375 0.7707696078125 0.5411034015625 0.787120378125 0.5830434375 0.787120378125 0.5825668312500001 0.7684885546875 0.5414985359375 0.7707696078125
3 0.5908177296875 0.76695915625 0.590668928125 0.7820389375000001 0.6316556875 0.7854265546875 0.6302259359375 0.7651009359375001 0.5908177296875 0.76695915625
0 0.6047557625 0.80411105625 0.604013421875 0.8768918546875 0.7060038453125 0.8743510765625 0.7093400171875001 0.79982389375 0.6047557625 0.80411105625
3 0.6304875156249999 0.7688643828124999 0.6292727250000001 0.7845796578125 0.671689365625 0.787967246875 0.6707361546875 0.7667947296875 0.6304875156249999 0.7688643828124999
3 0.6701573015625 0.76695915625 0.6707361546875 0.7820389375000001 0.712199584375 0.7837327609375 0.7131527296875 0.7642540390625 0.6701573015625 0.76695915625
1 0.06974973125 0.8965144984375 0.070231609375 0.913308490625 0.13552457499999998 0.9124616218750001 0.133618203125 0.8955235921875 0.06974973125 0.8965144984375
1 0.1346151921875 0.892704046875 0.134571396875 0.911614696875 0.6459533921875 0.8946766953124999 0.6459533921875 0.8760448999999999 0.1346151921875 0.892704046875
1 0.6487141750000001 0.8774622421875 0.648812959375 0.8955235921875 0.7055273046874999 0.8929829 0.7050507640625 0.86926969375 0.6487141750000001 0.8774622421875