2 1 0.7755171609375 0.385812690625 0.9238905453124999 0.3903756515625 0.9415330078125 1 0.8000385109374999 1 0.7755171609375
3 0.9978504380569518 0.8073357129150427 0.0042991238860963675 0.04136198439616763
0 0.9550629540499521 0.737671666103546 0.08987409190009572 0.10828389077317446
3 0.9725234477243611 0.8182665688625079 0.05495310455127793 0.040447937584671134
3 0.9087008627864037 0.8349461358003927 0.05981135200509087 0.040611711894930735
3 0.8432031321212218 0.8493228963158422 0.05826703333863605 0.042092324739800804
3 0.775388923456358 0.8661662375639864 0.058248852005090515 0.0405298247398008
0 0.6926122387809948 0.8064028132082985 0.1027806493475449 0.11001016508343389
3 0.7098730114576306 0.878980498079436 0.05819430800445442 0.0358423247398008
3 0.645183802792767 0.8956600650173208 0.05668635200509069 0.040447937584671224
3 0.5843553907940396 0.9082286640673811 0.05666817067154532 0.03888543758467122
3 0.5228002727959487 0.9255257066950062 0.05510567067154533 0.038803550429541644
0 0.42834120078767624 0.8695014360027914 0.12303860534690844 0.10638719810012062
3 0.46428833879690307 0.9356277250123719 0.051944308004454244 0.03551477611928178
3 0.4167320861314031 0.9467190332438292 0.05039998933799979 0.0369953889641522
2 1 0.616754740625 0.34835375156250004 0.7810195390625 0.3570586453125 0.7995465671875001 1 0.6414888796875 1 0.616754740625
1 0.9767925033815887 0.6794939959317294 0.04641499323682261 0.041928550429541286
1 0.4213130921875 0.8072877843749999 0.4258760640625 0.8249303015624999 0.9589869312499999 0.7010023703125 0.953766603125 0.6797496078124999 0.4213130921875 0.8072877843749999
1 0.39421110144808563 0.8251682598380811 0.06288180800445442 0.03608798620519025
0 0.93696638737268 0.5870099248099733 0.12606722525463993 0.11946040818602892
3 0.9844504620464523 0.6493970601560808 0.031099075907095396 0.034859678878243726
3 0.952849210097041 0.665342964724065 0.0472568080044546 0.03526911465389269
3 0.9084088667647681 0.6754892486452629 0.053561352005090865 0.04028416327441153
3 0.853040114099268 0.6869899926523692 0.0456761266709087 0.03362472749876275
3 0.7984980647676316 0.7023560430819105 0.04722044533736351 0.032144114653892684
3 0.7423571527689043 0.7146789806665815 0.047202264003817974 0.03058161465389251
0 0.6564827400938593 0.657423080621153 0.1027806493475449 0.11001016508343398
3 0.6932474907701771 0.7266334260531687 0.04567612667090888 0.03362472749876275
3 0.6511327161043589 0.735094379241672 0.045676126670909055 0.03362472749876275
3 0.6012327134388589 0.746308518205824 0.044131808004454244 0.035105340343633176
3 0.5536946421069041 0.7589623264372815 0.044113626670909054 0.033542840343632994
3 0.5030315707749495 0.7717799089789985 0.04571248933799978 0.03674972749876275
3 0.4547395214433131 0.7868184107880207 0.04565794533736352 0.03206222749876275
0 0.3914759054344044 0.7244688969932108 0.12311133068109026 0.11263719810012063
3 0.41498667811104034 0.7967190332438293 0.04722044533736351 0.03214411465389251
3 0.37756849411199483 0.8057155749669433 0.04413180800445442 0.035105340343633176
2 0.9787105234375 0.4837174109375 0.9747564750000001 0.46189163593749993 0.3145224921875 0.6392485078125001 0.3201464828125 0.6615709296875 0.54277505 0.5954896265625 0.9787105234375 0.4837174109375
1 0.9535930027450419 0.5277201339913704 0.07545453333863605 0.042993083446227945
1 0.9227838015625001 0.548058878125 0.9162043593750001 0.524005565625 0.38704064374999997 0.6635703953125 0.3914946703125 0.6818556375 0.9227838015625001 0.548058878125
1 0.3243736765625 0.680216078125 0.32882994062500004 0.69987159375 0.3900331453125 0.6847239187499999 0.3843852640625 0.664275721875 0.3243736765625 0.680216078125
0 0.9071532600652243 0.43321986149013314 0.13722837468172672 0.11806168249628843
3 0.9595339200747693 0.5008300853708514 0.05196248933799978 0.03707727611928178
3 0.914330508076042 0.5125798128696142 0.048837489337999786 0.03691350180902227
3 0.8698810740769964 0.5219448467908121 0.048801126670908704 0.033788501809022264
3 0.8184549340785873 0.5363658729100939 0.051907945337363516 0.032389776119281774
3 0.7631134534134054 0.5502103669172002 0.04880112667090888 0.033788501809022264
3 0.7108878820814508 0.5631098366140468 0.04878294533736351 0.03222600180902226
0 0.6234964227402694 0.5098420737237481 0.10432496801399935 0.10852955223856356
3 0.6617873107494961 0.5758455320006339 0.047238626670908876 0.033706614653892686
3 0.6189003767504507 0.5851286787667022 0.044095445337363516 0.03198034034363299
3 0.5698179867520415 0.5994268741532893 0.044095445337363516 0.03198034034363317
3 0.5207355967536323 0.6137250695398765 0.04567612667090888 0.03362472749876275
3 0.46929127542167776 0.6265835956591583 0.04567612667090888 0.03362472749876275
3 0.42332479475649587 0.639936766735486 0.04567612667090888 0.03362472749876275
0 0.41967552656249996 0.6113176203124999 0.3993029125 0.52642580625 0.29722854375 0.56048534375 0.3159580328125 0.6374379671875 0.41967552656249996 0.6113176203124999
3 0.3828088827577686 0.6514408327688596 0.04407726400381797 0.030417840343633172
3 0.3415208114258139 0.663767092379798 0.04565794533736343 0.03206222749876275
2 0.2802433515625 0.496007559375 0.287316003125 0.5171731640624999 0.94471163125 0.3326058125 0.9412761046875 0.3124077578125 0.2802433515625 0.496007559375
1 0.883544228125 0.37001538749999996 0.8875749421875 0.3927609609375 0.9575010796875001 0.3777479578125 0.9515219328125 0.351959059375 0.883544228125 0.37001538749999996
1 0.36021545 0.5378005953125 0.5693538421875 0.4792719609375 0.654857046875 0.4565604890625 0.8879194171875 0.3937502609375 0.8842874953125 0.3708102859375 0.3544848515625 0.5174912390624999 0.36021545 0.5378005953125
1 0.290330221875 0.5375091000000001 0.29531759375 0.5570235453125 0.3599394890625 0.5426732234375 0.35480263125 0.52137618125 0.290330221875 0.5375091000000001
0 0.8717868300445435 0.28263668532542285 0.13726473734881778 0.12118668249628843
3 0.9233680587205431 0.3487253527837059 0.04720226400381833 0.03058161465389251
3 0.8797089653882703 0.35883069312733895 0.04878294533736351 0.03222600180902226
3 0.8360680533895429 0.370498533470972 0.04878294533736351 0.03222600180902226
3 0.7838697540579064 0.3857417531678187 0.047202264003817974 0.030581614653892596
3 0.7347873640594973 0.4000399485544059 0.050345445337363515 0.03230788896415202
3 0.6794458833943153 0.4138844425615121 0.047238626670909056 0.033706614653892505
0 0.5881936273869975 0.3647276475590377 0.10279883068109026 0.11157266508343389
3 0.6288191747294517 0.42982702510322907 0.042532945337363515 0.03189845318850324
3 0.5867225813971789 0.4398504782917323 0.04562158267027261 0.028937227498762753
3 0.538412350731997 0.45332648010075455 0.04565794533736352 0.03206222749876275
3 0.4877765514003606 0.4684878126424715 0.044059082670272434 0.028855340343632997
3 0.4371134800684059 0.4813053951841885 0.044059082670272434 0.028855340343633174
3 0.38805836207031497 0.49794734057077567 0.04563976400381797 0.03049972749876275
0 0.32327769939526985 0.4395859639310955 0.1230567866804539 0.10794969810012063
3 0.34752426873804215 0.5078889066041492 0.04251476400381797 0.03033595318850324
3 0.30858903807286026 0.5208735854823929 0.042496582670272606 0.028773453188503238
2 0.907760790625 0.18216396562499998 0.9027073390625 0.157335090625 0.4492820046875 0.2937654953125 0.2435932609375 0.3544123328125 0.24948683906250002 0.37288534218749997 0.907760790625 0.18216396562499998
1 0.8466099781249999 0.2183242453125 0.8510015718749999 0.240201978125 0.9208857828125 0.22124589375 0.9168514125 0.2046762421875 0.8466099781249999 0.2183242453125
1 0.8482174312499999 0.22290689062500002 0.315979953125 0.375301646875 0.321443978125 0.3968945203125 0.8510329343749999 0.2423043125 0.8482174312499999 0.22290689062500002
1 0.3225163671875 0.3966096703125 0.3165161890625 0.3751592125 0.25603176875 0.394230925 0.261240528125 0.4152418203125 0.3225163671875 0.3966096703125
0 0.8348306280235445 0.12979164631584225 0.13726473734881744 0.12118668249628843
3 0.8864664007001803 0.2005678137741253 0.05038180800445424 0.03543288896415211
3 0.8420260573679075 0.21071409769532323 0.04881930800445424 0.03535100180902229
3 0.7968226453691802 0.22246382519408608 0.05030908267027243 0.02918288896415202
3 0.747740255370771 0.23676202058067322 0.047202264003817974 0.03058161465389251
3 0.6971044560391346 0.2519233531223902 0.05036362667090888 0.03387038896415202
3 0.6418084287078163 0.26967409712949636 0.04880112667090906 0.033788501809022264
0 0.5536084473663166 0.21410352781676245 0.10121814934754489 0.10992827792830413
3 0.5880385387094071 0.28421795398147276 0.04567612667090888 0.03362472749876275
3 0.5467504673774526 0.29654421359241123 0.04722044533736351 0.03214411465389251
3 0.49769534937936155 0.3131861589789984 0.047202264003817974 0.03058161465389251
3 0.4517197780474069 0.3257580800553261 0.04722044533736351 0.03214411465389251
3 0.40340954738222506 0.33923408186434834 0.047238626670908876 0.033706614653892505
3 0.35274647605027043 0.35205166440606533 0.04563976400381797 0.03049972749876275
0 0.2871754727084526 0.29294998134395006 0.12781701201463563 0.1144453595655099
3 0.3130572673854067 0.36742103686187405 0.04562158267027261 0.028937227498762753
3 0.2717419240531339 0.3774035464728124 0.04569430800445433 0.035187227498762755
2 0.85900985 0 0.2066575140625 0.204034971875 0.2119072078125 0.2246828640625 0.8705443015625001 0.024280640625 0.8658337921875001 0 0.85900985 0
1 0.8474118966820449 0.06893935549723937 0.07701703333863605 0.043074970601357856
1 0.2789109109375 0.226843996875 0.2853396765625 0.2501844671875 0.8139492687500001 0.0881417265625 0.8075050140625001 0.0633939859375 0.2789109109375 0.226843996875
1 0.287054834375 0.252734725 0.28073380000000003 0.227361784375 0.21917708125000002 0.24671836093750002 0.2272367953125 0.27152919375 0.287054834375 0.252734725
0 0.7413824828125 0 0.7490816875 0.034007590625 0.8621713046874999 0 0.7413824828125 0
3 0.851009064011772 0.04217213760941498 0.05198067067154497 0.03863977611928182
3 0.806586902013045 0.05388092153061291 0.04881930800445451 0.03535100180902231
3 0.763745421347863 0.06707031829668109 0.050345445337363515 0.032307888964152064
3 0.7084130313494538 0.08169606230378727 0.04878294533736351 0.03222600180902231
3 0.6577772320178173 0.09685739484550422 0.04878294533736351 0.03222600180902231
3 0.6056062046864991 0.1144443645423509 0.04881930800445442 0.03535100180902231
0 0.46199108750000006 0.030732385937500002 0.48216184999999995 0.122562534375 0.5674369046875001 0.092622465625 0.54668056875 0.00366353125 0.46199108750000006 0.030732385937500002
3 0.5549704053548628 0.12960569708406783 0.04722044533736351 0.03214411465389255
3 0.537049596875 0.1492994390625 0.5319075578125 0.12661913125 0.48965406875 0.1408482453125 0.4944571296875 0.1617375890625 0.537049596875 0.1492994390625
3 0.4631010786919079 0.1617807892367232 0.04562158267027243 0.02893722749876284
3 0.41323743869349877 0.17611992820087524 0.04722044533736351 0.03214411465389255
3 0.3625925486950896 0.1905000107425922 0.04722044533736351 0.03214411465389255
3 0.3143095900302259 0.20631976255161452 0.04563976400381797 0.030499727498762775
0 0.1873622015625 0.1185437421875 0.207778753125 0.2057350359375 0.3128360234375 0.1716801234375 0.29248924062500004 0.0871895625 0.1873622015625 0.1185437421875
3 0.2730215186982713 0.21864602216255294 0.04251476400381797 0.03033595318850333
3 0.2340590160327712 0.22928695104079672 0.04567612667090888 0.03362472749876275
1 0.48733700312500006 0 0.24421804218749998 0.07883689687499999 0.24968206718750002 0.10042976562499999 0.55878865625 0 0.48733700312500006 0
1 0.181374578125 0.09753323750000001 0.186516640625 0.1202136515625 0.249412965625 0.1028779375 0.24389613593749998 0.079924309375 0.181374578125 0.09753323750000001