3 0.2590946015625 0.17134358125 0.961231659375 0.1193941109375 0.9554155812499999 0.090438534375 0.256130328125 0.145459865625 0.2590946015625 0.17134358125
3 0.274839290625 0.3541428984375 0.9597098875000001 0.363520409375 0.9575558281250001 0.340142415625 0.2743157890625 0.3266908546875 0.274839290625 0.3541428984375
3 0.30338336250000003 0.6541235546874999 0.30534611875 0.6782221671875 0.96413260625 0.8043972500000001 0.9651732624999999 0.76874704375 0.30338336250000003 0.6541235546874999
0 0.8826885062500001 0.29352015625 0.9635020390625 0.2977847125 0.9607333578125001 0.1639178390625 0.8801375796875 0.16438226250000001 0.8826885062500001 0.29352015625
2 0.8818395484374999 0.1657156828125 0.9628714125 0.1628785046875 0.9562761468750001 0.121421721875 0.8779266734375 0.12745525468750002 0.8818395484374999 0.1657156828125
0 0.5258150609375 0.2940849859375 0.5835573593750001 0.2987532046875 0.5752547453125 0.1759832234375 0.514641075 0.1764546890625 0.5258150609375 0.2940849859375
2 0.5158938656250001 0.182054746875 0.577152084375 0.1809830859375 0.5729463499999999 0.1476408796875 0.5140339125 0.1494367234375 0.5158938656250001 0.182054746875
0 0.2665773921875 0.30003975 0.3144265421875 0.30062223593750004 0.2999053875 0.1949915921875 0.2548514140625 0.19519536875000001 0.2665773921875 0.30003975
2 0.2566688359375 0.197946334375 0.30451798750000003 0.198528821875 0.3008693921875 0.170139840625 0.2553862328125 0.17241623125 0.2566688359375 0.197946334375
1 0.2844008015625 0.46996565468749996 0.2864790140625 0.4954818125 0.967016196875 0.56591249375 0.9667274109375 0.5310145140625 0.2844008015625 0.46996565468749996
0 0.886041271875 0.520539121875 0.962081446875 0.52488718125 0.9590349343750001 0.3998789734375 0.8814500078125 0.395695728125 0.886041271875 0.520539121875
2 0.874405459375 0.397238534375 0.95681009375 0.40147530624999994 0.9587157718749999 0.3715018296875 0.8711852640625001 0.367483546875 0.874405459375 0.397238534375
0 0.53469885625 0.4911958671875 0.5943786234374999 0.5000889453124999 0.5836161546875 0.388707403125 0.5235375125 0.3835024234375 0.53469885625 0.4911958671875
2 0.5213817203125 0.38637932343750003 0.5828709109375 0.3881428078125 0.5798803171875 0.3550682703125 0.5188416765625 0.355192815625 0.5213817203125 0.38637932343750003
0 0.2866766375 0.4685626171875 0.334076671875 0.47341176718750005 0.321872275 0.37909502968750003 0.275874315625 0.37505882343749997 0.2866766375 0.4685626171875
2 0.275156284375 0.3466796296875 0.2773499546875 0.3736133890625 0.3189500453125 0.3757248171875 0.317574646875 0.35078748437499996 0.275156284375 0.3466796296875
1 0.96364660625 0.9549384625 0.3226582984375 0.7929623453125 0.328483409375 0.8155738250000001 0.9593603093749999 0.9805660703125 0.96364660625 0.9549384625
0 0.8885840765624999 0.8256495859375 0.88940315 0.9335239062499999 0.965686884375 0.9506440171874999 0.9629873140624999 0.8397421046875 0.8885840765624999 0.8256495859375
2 0.8905865374999999 0.7915444265625 0.8894951421874999 0.8270532140625001 0.9652015328125 0.837085484375 0.9645131125 0.8095587640625 0.8905865374999999 0.7915444265625
0 0.5541162484375 0.7491647375 0.56413566875 0.8526193531249999 0.6173355203125 0.860206171875 0.6093735812500001 0.7661018578125 0.5541162484375 0.7491647375
2 0.5527181234375 0.7222170078125 0.554578071875 0.7548349765625 0.6093690265625 0.7623940140625 0.6096162140625 0.732393125 0.5527181234375 0.7222170078125
0 0.31026487187499996 0.6994863328125 0.316743021875 0.7888070765624999 0.3600623765625 0.8022451187499999 0.3502637796875 0.7032257875 0.31026487187499996 0.6994863328125
2 0.309097603125 0.67537380625 0.3115221875 0.7051427109375 0.3548289546875 0.708643846875 0.35393839374999997 0.6871962203125 0.309097603125 0.67537380625
1 0.267624615625 0.3226783875 0.9658192265625001 0.3360166296875 0.96260240625 0.2969291765625 0.2655463984375 0.297162146875 0.267624615625 0.3226783875