2 0.77221871875 0.8245816781249999 0.7683944484375 0.8045627281250001 0.12808262343750001 0.8644595390625 0.134690621875 0.89407810625 0.77221871875 0.8245816781249999
3 0.195711240625 0.9124059484375 0.19090368124999998 0.8808476437499999 0.13335705 0.889625915625 0.14007103125 0.9141289984375 0.195711240625 0.9124059484375
0 0.2363002609375 0.8569593359375001 0.221781165625 0.76754504375 0.11609800781249999 0.7775838937499999 0.12921583125 0.8654191484375 0.2363002609375 0.8569593359375001
3 0.242442053125 0.901343196875 0.235878978125 0.8765754375 0.19131795468749999 0.883016246875 0.19603177031250002 0.905087996875 0.242442053125 0.901343196875
3 0.3076424828125 0.9006696171874999 0.303848853125 0.871222990625 0.2521135578125 0.8816571421875 0.2560640796875 0.8993855234374999 0.3076424828125 0.9006696171874999
3 0.3609914171875 0.8922900859375 0.356020209375 0.8662672312499999 0.3076540296875 0.8719654765625 0.31479624375 0.9012571296875 0.3609914171875 0.8922900859375
3 0.4247418734375 0.8840265265625 0.42039205781250005 0.8612564859375 0.36964892968749996 0.8704924515625001 0.3741295859375 0.8918957640625 0.4247418734375 0.8840265265625
3 0.486464453125 0.8715397250000001 0.4825289046875 0.8509382499999999 0.43656140781249997 0.8564086812499999 0.44223169218749997 0.881701453125 0.486464453125 0.8715397250000001
3 0.5458754203125 0.8725200453124999 0.5407187015625 0.8487227109375001 0.492745084375 0.8532797265625 0.49640186093749994 0.8740722999999999 0.5458754203125 0.8725200453124999
3 0.6074342500000001 0.8655686093750001 0.6026701671875 0.8406300015625 0.5527338625 0.8508932859374999 0.5580162 0.8694613125 0.6074342500000001 0.8655686093750001
3 0.66498093125 0.8567903703124999 0.65963886875 0.8352185421874999 0.612679128125 0.8418871859375001 0.6173739890625 0.8638229125000001 0.66498093125 0.8567903703124999
0 0.7669029968750001 0.8074837640625001 0.7470218625 0.719505353125 0.6472038999999999 0.7280605765625 0.6667647640625 0.810188915625 0.7669029968750001 0.8074837640625001
3 0.7299306765625 0.848412853125 0.7258097 0.830036890625 0.6732241625000001 0.8328240953125 0.677614840625 0.8556171062500001 0.7299306765625 0.848412853125
3 0.778616690625 0.8486184124999999 0.7736173421875 0.824025759375 0.7274391421875 0.82841223125 0.729974696875 0.8492984265624999 0.778616690625 0.8486184124999999
0 0.4902510609375 0.8291306328125 0.47375541875 0.7454629484375 0.3985968546875 0.751675771875 0.4144937859375 0.8351942578125 0.4902510609375 0.8291306328125
2 0.75399796875 0.6810264796875 0.7475112234375 0.6548320265625 0.10780373593749999 0.7084483859375 0.11314681875000002 0.730979146875 0.75399796875 0.6810264796875
3 0.169796734375 0.7509480843749999 0.1667257203125 0.72711025 0.1139618 0.7303349125 0.1209695265625 0.7573775640625 0.169796734375 0.7509480843749999
1 0.1788490515625 0.7734761203125 0.1731673859375 0.7517806828125 0.1188160296875 0.756943521875 0.12163251093750001 0.774434034375 0.1788490515625 0.7734761203125
1 0.69017260625 0.7276848484375 0.6871626796875 0.7038826703125001 0.1745215484375 0.753504971875 0.1801536 0.7730435421874999 0.69017260625 0.7276848484375
1 0.7480466890625 0.7221873859375 0.7452288874999999 0.7020728296875001 0.6858268484375001 0.704936053125 0.6901812234375 0.7245959890625 0.7480466890625 0.7221873859375
3 0.2218832703125 0.7467648 0.21653509375 0.72135583125 0.1670368203125 0.7287387609375 0.171543075 0.7485526171875 0.2218832703125 0.7467648
3 0.2830499046875 0.740954578125 0.2788578859375 0.7190105703125 0.22271340468749998 0.7252373921874999 0.22853989375 0.7471594484375 0.2830499046875 0.740954578125
3 0.3387088796875 0.734773828125 0.33466696875 0.711028209375 0.285804253125 0.71656335 0.2911461671875 0.7402072328125 0.3387088796875 0.734773828125
3 0.4149244703125 0.7275341046875 0.41136799375 0.7037423734375 0.3607311328125 0.710339728125 0.36650002812500004 0.733049365625 0.4149244703125 0.7275341046875
3 0.4728606046875 0.7229244484375 0.4696219390625 0.6982088281250001 0.4214123359375 0.704575615625 0.425641434375 0.7254210390625 0.4728606046875 0.7229244484375
3 0.5358014109375 0.7160519984375 0.5316093937499999 0.694107990625 0.48354989687499994 0.698673165625 0.48883333125000006 0.724444640625 0.5358014109375 0.7160519984375
3 0.5927666828125 0.7115345640624999 0.5874360515625 0.6888050140625 0.5463405390625 0.6936023796875 0.549255434375 0.7176999015625001 0.5927666828125 0.7115345640624999
3 0.65215919375 0.7067865046875 0.6483025453125 0.6865980546875 0.599272121875 0.691255459375 0.604594334375 0.713448496875 0.65215919375 0.7067865046875
3 0.7123724828125 0.7037479390625 0.7073596453125 0.68009455 0.6604388203125 0.6854452296875 0.664827828125 0.7057164328125001 0.7123724828125 0.7037479390625
3 0.7442620859375 0.7025060984375 0.7405554640625 0.6805159828125 0.7065740328125 0.6837438812500001 0.7114498390625 0.7053087671875 0.7442620859375 0.7025060984375
0 0.2188215703125 0.6996901640625001 0.20530158593749998 0.6133930015625 0.0963756140625 0.6201651484374999 0.1076968890625 0.70536058125 0.2188215703125 0.6996901640625001
0 0.4835592484375 0.6754364015625 0.46910348749999997 0.5945902359375 0.386241740625 0.600673940625 0.4007726671875 0.6825475 0.4835592484375 0.6754364015625
0 0.74719344375 0.6557559140625 0.7309637109375 0.575971971875 0.6298048796875 0.5820062859374999 0.6463229578125 0.66123314375 0.74719344375 0.6557559140625
2 0.7192228390625 0.537538184375 0.7162651078125 0.51458044375 0.07684259375 0.5512198374999999 0.0797659390625 0.5749660015625 0.7192228390625 0.537538184375
1 0.1638706765625 0.6164348421875 0.15986395312499999 0.5980480046875 0.10400206406250001 0.5979921578125 0.108026440625 0.6168681078125 0.1638706765625 0.6164348421875
1 0.672524403125 0.5779483562500001 0.6669112187499999 0.561501484375 0.15986395312499999 0.5980480046875 0.1648544390625 0.6175014562500001 0.672524403125 0.5779483562500001
1 0.729339571875 0.5752325640625 0.726621525 0.5558296 0.6686853937499999 0.560439271875 0.67292191875 0.579292503125 0.729339571875 0.5752325640625
3 0.1248883953125 0.5943586625 0.12220408437500001 0.5731307859375 0.07790914374999999 0.5756858421875 0.08316161093749999 0.6008258890625 0.1248883953125 0.5943586625
3 0.17070114375 0.5949645343750001 0.166499015625 0.570575746875 0.124170678125 0.576249040625 0.126908915625 0.5957409296875 0.17070114375 0.5949645343750001
3 0.21618749375 0.59147003125 0.212450515625 0.5695158421875 0.16787803437499998 0.5754023359375 0.17104157656250002 0.5980545734375 0.21618749375 0.59147003125
3 0.26498693906250004 0.5909658906249999 0.2603360359375 0.5666197453125 0.21906041874999999 0.573019290625 0.22304081406249998 0.5931151625 0.26498693906250004 0.5909658906249999
3 0.3169119171875 0.587686071875 0.3122610140625 0.5633399265625 0.2676885578125 0.569226390625 0.2742047390625 0.5891845015625 0.3169119171875 0.587686071875
3 0.3682167703125 0.5811600828125 0.36465108125 0.5624947125 0.3227553171875 0.5656481343750001 0.326883203125 0.5851099734375 0.3682167703125 0.5811600828125
3 0.4205905859375 0.5778376296875 0.4168698578125 0.5583606828125001 0.375422909375 0.5614714968750001 0.37921290625 0.57920976875 0.4205905859375 0.5778376296875
0 0.452529425 0.531886478125 0.4370094796875 0.4481521640625 0.358754109375 0.4521428296875 0.37365787500000003 0.535431671875 0.452529425 0.531886478125
3 0.459483378125 0.5733169234375 0.4557626578125 0.55384001875 0.41522959843749996 0.55934278125 0.4197750453125 0.576286171875 0.459483378125 0.5733169234375
3 0.5042808125 0.5698977953125001 0.5011955765625 0.551255625 0.46239089062499994 0.554941684375 0.4672446984375 0.57688443125 0.5042808125 0.5698977953125001
3 0.5569837296875 0.569195003125 0.5532694671875 0.5497518968749999 0.5129006953124999 0.5527258078124999 0.5166776296875 0.57218879375 0.5569837296875 0.569195003125
3 0.605300421875 0.56546605625 0.6003281 0.544421075 0.5599593406250001 0.547395046875 0.56348115 0.567742925 0.605300421875 0.56546605625
3 0.6501829765625 0.5612026609375 0.646324159375 0.5434947078125 0.607519440625 0.5471807703125 0.6095962 0.56529870625 0.6501829765625 0.5612026609375
0 0.715814553125 0.517205278125 0.701280475 0.4411235484375 0.6003884953124999 0.44123970156250003 0.6158215984375001 0.5250141703125 0.715814553125 0.517205278125
3 0.68695605 0.5568489265625 0.6837262546875 0.5399418796875 0.6447600437500001 0.5427825796875 0.6500891328125 0.5614522796875 0.68695605 0.5568489265625
3 0.7253102171875 0.555787728125 0.72283695625 0.5353660484375 0.6846612703125 0.5398530625 0.6884785390625 0.55780566875 0.7253102171875 0.555787728125
0 0.1909529234375 0.545544596875 0.1782381 0.46154385312499996 0.0655303625 0.4670858 0.0768024 0.5510443453125 0.1909529234375 0.545544596875
2 0.6888367640624999 0.3984102796875 0.68544548125 0.3806578859375 0.052934167187500006 0.40114832187499994 0.055636009374999996 0.426230375 0.6888367640624999 0.3984102796875
1 0.1317914921875 0.4650950984375 0.1282048671875 0.44133643749999996 0.061348578125 0.44768711874999995 0.06591367031249999 0.4688197890625 0.1317914921875 0.4650950984375
1 0.63983910625 0.44093504375 0.637527525 0.42135868125 0.1294628953125 0.4429383140625 0.1325190671875 0.4615248125 0.63983910625 0.44093504375
1 0.698135390625 0.437118853125 0.6941151421875 0.4185655171875 0.6361418359375001 0.4240724046875 0.6412187421875 0.43934281875 0.698135390625 0.437118853125
0 0.1658203828125 0.3990321765625 0.15013887812499999 0.3144524875 0.0404147453125 0.3231538109375 0.053886823437499995 0.400257115625 0.1658203828125 0.3990321765625
3 0.0943814625 0.44368863437500006 0.095971478125 0.424602378125 0.05639322812499999 0.429222578125 0.06141060625 0.45085313437499996 0.0943814625 0.44368863437500006
3 0.14098956875 0.44098270624999997 0.1386778609375 0.4214063546875 0.0972295046875 0.42620425468749995 0.1008136546875 0.44130147812500004 0.14098956875 0.44098270624999997
3 0.18089079218749998 0.438053175 0.1773380203125 0.41945543281250003 0.1404034328125 0.42296385000000003 0.1448251765625 0.439057075 0.18089079218749998 0.438053175
3 0.23440109374999998 0.44157715 0.2292503796875 0.41710631249999996 0.18826955 0.421859803125 0.1921926984375 0.4403663875 0.23440109374999998 0.44157715
3 0.28550604687500003 0.43500131093750005 0.2810012625 0.4139119015625 0.23843941875 0.41537278437499997 0.2421515125 0.435620796875 0.28550604687500003 0.43500131093750005
3 0.33822585781250003 0.43687896562499995 0.333236609375 0.4132535375 0.290997746875 0.416405121875 0.294758796875 0.43352800937499997 0.33822585781250003 0.43687896562499995
0 0.42198192656250005 0.3919132171875 0.404753303125 0.3092018703125 0.32835115312499996 0.310434521875 0.3423853625 0.3941514046875 0.42198192656250005 0.3919132171875
3 0.390427321875 0.4310596875 0.386568496875 0.41335170468750004 0.3460382703125 0.41548026406250005 0.348781140625 0.43323705468749996 0.390427321875 0.4310596875
3 0.42987799375 0.4307550203125 0.42630823125 0.409576825 0.3879541171875 0.41063795625 0.39068913125 0.43119246718750004 0.42987799375 0.4307550203125
3 0.475228025 0.42644721875 0.47122470312500003 0.410474340625 0.433661053125 0.413181825 0.43682324218749996 0.431650815625 0.475228025 0.42644721875
3 0.523884634375 0.4269894890625 0.5197028968749999 0.407590803125 0.48323588281249996 0.41105480625 0.48627523437500003 0.4298577484375 0.523884634375 0.4269894890625
3 0.5720568359375 0.4249956765625 0.569583640625 0.40457400625 0.5315525156249999 0.4073258953125 0.5346564 0.42526201874999997 0.5720568359375 0.4249956765625
3 0.617585284375 0.4241137140625 0.6154181390625 0.40280225156249994 0.576596559375 0.40390784843749994 0.580063921875 0.42191688281250006 0.617585284375 0.4241137140625
0 0.686380496875 0.3805690703125 0.6715065796874999 0.300216175 0.571132915625 0.308029265625 0.58560085 0.383633996875 0.686380496875 0.3805690703125
3 0.654341484375 0.41717945468749995 0.6504826593749999 0.399471471875 0.6152905734375 0.40711784531250006 0.61812815 0.422173665625 0.654341484375 0.41717945468749995
3 0.6919389921875 0.41963291875 0.6872726515625 0.397698165625 0.6520467062499999 0.4001835921875 0.656374028125 0.4233813171875 0.6919389921875 0.41963291875
2 0.6523089484375 0.26700040468749997 0.6591693750000001 0.24311000468750002 0.033509478125 0.26208896406250004 0.038949290625 0.2830895234375 0.6523089484375 0.26700040468749997
1 0.10541785 0.319561259375 0.103089221875 0.297404478125 0.0371510703125 0.3010857890625 0.0419844484375 0.3239376046875 0.10541785 0.319561259375
1 0.6094700296875 0.304387621875 0.6054497703124999 0.28583422812500003 0.10560530937499998 0.30060823281250004 0.1092973765625 0.31754354687499997 0.6094700296875 0.304387621875
0 0.6602828781250001 0.2464470203125 0.644201615625 0.17223363593750002 0.5448568140625001 0.1704814140625 0.56051445625 0.249511121875 0.6602828781250001 0.2464470203125
3 0.6661303671875001 0.2820406609375 0.6610135421875001 0.26273076875 0.6181625765625001 0.267661871875 0.6216210453125 0.2863041703125 0.6661303671875001 0.2820406609375
1 0.6674602562499999 0.3014611671875 0.66592214375 0.280950671875 0.6087393624999999 0.2881038765625 0.6110361125 0.30376778125000004 0.6674602562499999 0.3014611671875
0 0.1410405515625 0.25187458125 0.130102134375 0.177172646875 0.0211176734375 0.179778884375 0.0325574734375 0.2595972671875 0.1410405515625 0.25187458125
3 0.0892546984375 0.2972462328125 0.0857019265625 0.2786484890625 0.0412699828125 0.280286984375 0.045675732812499995 0.29841568125 0.0892546984375 0.2972462328125
3 0.14008748437500002 0.29672106875000004 0.137452834375 0.2754540453125 0.0882179875 0.2818522734375 0.09215407656249999 0.29787320625 0.14008748437500002 0.29672106875000004
3 0.20181789375 0.29343942031250003 0.19966770625000002 0.27470841562500004 0.14960850625 0.274299378125 0.1552980703125 0.2976839140625 0.20181789375 0.29343942031250003
3 0.2680790375 0.29144871562499997 0.263718815625 0.2686241984375 0.21290302031250002 0.2717298140625 0.2182794703125 0.2994463203125 0.2680790375 0.29144871562499997
3 0.33106749999999996 0.28976891562499996 0.32703025625 0.26863509531249996 0.2799376921875 0.26880494375 0.284540634375 0.29315216875 0.33106749999999996 0.28976891562499996
3 0.390638709375 0.290135065625 0.3858110125 0.26735498125 0.33873534375 0.2701052953125 0.34311427031249997 0.2914607609375 0.390638709375 0.290135065625
3 0.44927490312499996 0.2905900640625 0.444608628125 0.26865530625 0.3972100203125 0.26971494687500003 0.40223284843749996 0.29262196875 0.44927490312499996 0.2905900640625
3 0.5088122562499999 0.28579529843749996 0.5046304484374999 0.2663965890625 0.46071684062499996 0.2757321390625 0.465721075 0.2914318515625 0.5088122562499999 0.28579529843749996
3 0.5659012671875 0.2881186421875 0.562008584375 0.2652497109375 0.51568961875 0.2644854171875 0.5191984749999999 0.2882882828125 0.5659012671875 0.2881186421875
3 0.6202958703125 0.28381241562500004 0.6170491390625 0.26432485156249996 0.5721665859375 0.2685882484375 0.5749610546875 0.2858957734375 0.6202958703125 0.28381241562500004
1 0.08595928750000001 0.1753409546875 0.082890971875 0.1592792015625 0.0213220265625 0.1634063203125 0.0240215796875 0.1794568015625 0.08595928750000001 0.1753409546875
1 0.6437341390625 0.1722780421875 0.6403258640625 0.15194519374999998 0.58325378125 0.15220230937499998 0.5855864234375 0.1677431640625 0.6437341390625 0.1722780421875