2 0.0349519 0.0532569109375 0.0343264734375 0.0794101953125 0.7511359046874999 0.1153675515625 0.753033871875 0.0928942234375 0.0349519 0.0532569109375
0 0.0349519 0.08107978437499999 0.0412857828125 0.182787578125 0.1671861484375 0.182787578125 0.167818790625 0.086152209375 0.0349519 0.08107978437499999
3 0.0345605359375 0.028316720312499998 0.035303537499999996 0.05210835625 0.0808361078125 0.05210835625 0.0824918859375 0.030052971875 0.0345605359375 0.028316720312499998
3 0.0811241265625 0.028316720312499998 0.0808361078125 0.0550491109375 0.1329915671875 0.059460142187499995 0.1329915671875 0.032969165625000005 0.0811241265625 0.028316720312499998
3 0.13327535 0.0333144375 0.134647290625 0.056494853125 0.182663415625 0.05943555625 0.182663415625 0.040320978125000004 0.13327535 0.0333144375
3 0.19380801875 0.0382790578125 0.1934256421875 0.060905909375 0.24475326874999997 0.065317015625 0.243097546875 0.04326163125 0.19380801875 0.0382790578125
3 0.2543406875 0.0432436765625 0.2555154953125 0.065317015625 0.3027037875 0.065317015625 0.3027037875 0.04326163125 0.2543406875 0.0432436765625
3 0.314293903125 0.044731984375 0.3126381234375 0.0697281234375 0.3631378609375 0.072668778125 0.362310028125 0.044731984375 0.314293903125 0.044731984375
3 0.3716809375 0.044898549999999995 0.37058864062499997 0.071198425 0.41860476718750006 0.0741391296875 0.41943265625 0.049143040625 0.3716809375 0.044898549999999995
0 0.3872385640625 0.09752057187499999 0.38672085156249997 0.1973952296875 0.4733959453125 0.20076621718749998 0.4752939109375 0.103007225 0.3872385640625 0.09752057187499999
3 0.42024743906250006 0.0517092671875 0.41898922499999997 0.07293897187500001 0.4636559421875 0.07852574531249999 0.46302681406249996 0.0539439609375 0.42024743906250006 0.0517092671875
3 0.47069252031250003 0.0554727078125 0.47183434843749994 0.077408359375 0.5177593203125 0.07852574531249999 0.5183884484375 0.056178692187500004 0.47069252031250003 0.0554727078125
3 0.52943079375 0.052957571875 0.529712409375 0.077408359375 0.5718627 0.081877746875 0.5718627 0.057296039062500005 0.52943079375 0.052957571875
3 0.583922928125 0.0655332484375 0.5831866609375 0.08411247968749999 0.6272242484375 0.08411247968749999 0.625966165625 0.0651174671875 0.583922928125 0.0655332484375
0 0.6498522578125 0.1114320078125 0.64674613125 0.20076621718749998 0.7486051687499999 0.20301358125000002 0.7536666421875 0.1153675515625 0.6498522578125 0.1114320078125
3 0.6354295421875 0.06228583125 0.6348769203125 0.0855125125 0.6756580203125 0.089212796875 0.6759492796875 0.065931696875 0.6354295421875 0.06228583125
3 0.6760316828125 0.0664447453125 0.6753667609375 0.08662600000000001 0.712069396875 0.090764846875 0.712360696875 0.0643796109375 0.6760316828125 0.0664447453125
3 0.7130590531250001 0.063533340625 0.712360696875 0.0881780671875 0.7464417546875 0.089212796875 0.747606915625 0.0680011015625 0.7130590531250001 0.063533340625
2 0.049897395312499995 0.23284090625 0.04824509375 0.256870253125 0.7448092374999999 0.2714779046875 0.7448092374999999 0.2467572890625 0.049897395312499995 0.23284090625
0 0.0491857046875 0.25813442656249996 0.059000399999999995 0.3523819203125 0.178574075 0.3535056203125 0.176676109375 0.259117578125 0.0491857046875 0.25813442656249996
3 0.047050634375 0.20754738593750002 0.04761243125 0.23335258749999999 0.1070829265625 0.2322288859375 0.1077156109375 0.20750827031250002 0.047050634375 0.20754738593750002
1 0.0442038734375 0.1847832171875 0.0444491171875 0.20413724375000003 0.12289959843750001 0.20863189375000002 0.12289959843750001 0.188405890625 0.0442038734375 0.1847832171875
1 0.12462486875 0.18604789375 0.1247975640625 0.20863189375000002 0.6897673578125 0.2254869109375 0.6897673578125 0.20301358125000002 0.12462486875 0.18604789375
0 0.6384652140625 0.2707811859375 0.6366236171875 0.356876609375 0.7359519171875 0.3546292828125 0.7416459015625 0.27260160624999996 0.6384652140625 0.2707811859375
3 0.69824719375 0.2227234984375 0.6992573609375 0.24563358906250002 0.7448092374999999 0.24450992500000002 0.74607451875 0.225407584375 0.69824719375 0.2227234984375
1 0.6897069109375 0.20248868125000002 0.6904001281250001 0.223239584375 0.7327885828125 0.223239584375 0.7346866359375 0.20188991875 0.6897069109375 0.20248868125000002
3 0.107544303125 0.2088120625 0.10834829374999999 0.2322288859375 0.16402281406250002 0.23559995156250002 0.1633901296875 0.21312658281250002 0.107544303125 0.2088120625
3 0.180848396875 0.20754738593750002 0.181737409375 0.23447625 0.23930993906250003 0.236723575 0.23930993906250003 0.20863189375000002 0.180848396875 0.20754738593750002
3 0.254152490625 0.213870765625 0.25512652343750003 0.23447625 0.30827039375 0.236723575 0.30700506875 0.2164975703125 0.254152490625 0.213870765625
3 0.32674489375000004 0.21766479374999997 0.326617671875 0.236723575 0.3822921921875 0.2400945625 0.3816595515625 0.21537390781250002 0.32674489375000004 0.21766479374999997
0 0.377986590625 0.2669871578125 0.3791288578125 0.358000271875 0.4632733453125 0.358000271875 0.46453862656249995 0.2669832546875 0.377986590625 0.2669871578125
3 0.39368016250000004 0.2176212328125 0.3930475203125 0.2400945625 0.446191390625 0.24121826406250002 0.446191390625 0.2164975703125 0.39368016250000004 0.2176212328125
3 0.46267772812499997 0.22019414531249998 0.4632733453125 0.2423418875 0.5138865203125 0.24346558906250002 0.512621153125 0.219868559375 0.46267772812499997 0.22019414531249998
3 0.5253064671875001 0.221458821875 0.5259072609375 0.2423418875 0.5727243328125 0.2457129140625 0.5739897 0.2254869109375 0.5253064671875001 0.221458821875
3 0.5886468984375 0.2227234984375 0.5904389703125 0.24346558906250002 0.6404194624999999 0.2457129140625 0.63915418125 0.2243632859375 0.5886468984375 0.2227234984375
3 0.648428878125 0.2277822015625 0.6480115 0.24346558906250002 0.6986246765625 0.24458925156250003 0.6992573609375 0.22211588437500002 0.648428878125 0.2277822015625
2 0.0508046 0.40203543281250004 0.0511454390625 0.42143329218750003 0.73312350625 0.41274702812499997 0.73421035625 0.3915139875 0.0508046 0.40203543281250004
1 0.057014296875 0.3555144796875 0.05646975 0.3748552875 0.13112423281250002 0.378226275 0.13112423281250002 0.3535056203125 0.057014296875 0.3555144796875
1 0.131741771875 0.352985128125 0.1317568734375 0.3748552875 0.6758487375 0.37148426093750003 0.6764814218749999 0.3535056203125 0.131741771875 0.352985128125
1 0.6776081765625 0.354249803125 0.679012071875 0.37260792343750004 0.7334212671875 0.37148426093750003 0.7334212671875 0.3512582578125 0.6776081765625 0.354249803125
0 0.053249740625 0.4215880421875 0.05712294999999999 0.5150519203124999 0.1783030890625 0.5150519203124999 0.17721627499999998 0.41950301874999996 0.053249740625 0.4215880421875
3 0.049897395312499995 0.380808 0.050775765625000004 0.4006996046875 0.09822565 0.40182326718750006 0.096960325 0.373731625 0.049897395312499995 0.380808
3 0.097580640625 0.378278646875 0.096960325 0.397328615625 0.1437775265625 0.39845231718749996 0.1437775265625 0.378226275 0.097580640625 0.378278646875
3 0.1438405046875 0.37701397187499996 0.1444101671875 0.396204953125 0.1937580625 0.39845231718749996 0.191860053125 0.3771026125 0.1438405046875 0.37701397187499996
3 0.20388066249999998 0.3748552875 0.203248021875 0.39508129062499997 0.2487998984375 0.396204953125 0.2494325828125 0.378226275 0.20388066249999998 0.3748552875
3 0.2626927734375 0.3757492953125 0.2639838421875 0.39508129062499997 0.30700506875 0.39845231718749996 0.30700506875 0.378226275 0.2626927734375 0.3757492953125
3 0.3196279921875 0.37701397187499996 0.320291046875 0.396204953125 0.3639449140625 0.39508129062499997 0.3633122296875 0.378226275 0.3196279921875 0.37701397187499996
0 0.376619646875 0.42050178593750004 0.3771907484375 0.5015399406250001 0.46033230156249993 0.503470246875 0.4608757265625 0.41564247187500003 0.376619646875 0.42050178593750004
3 0.3744281390625 0.3757492953125 0.3740675578125 0.397328615625 0.417721425 0.39845231718749996 0.417088784375 0.3771026125 0.3744281390625 0.3757492953125
3 0.4185529328125 0.37701397187499996 0.415823459375 0.397328615625 0.46011001093750004 0.39845231718749996 0.4588446421875 0.3759789890625 0.4185529328125 0.37701397187499996
3 0.46765955937500003 0.378278646875 0.4677019609375 0.393957628125 0.5107231875 0.396204953125 0.5107231875 0.378226275 0.46765955937500003 0.378278646875
3 0.517477875 0.3757492953125 0.5170498546875 0.39508129062499997 0.560703765625 0.397328615625 0.5613363625 0.3759789890625 0.517477875 0.3757492953125
3 0.5694312625 0.37448462031249996 0.5689284 0.393957628125 0.6081536953125 0.396204953125 0.6087862921875 0.3759789890625 0.5694312625 0.37448462031249996
3 0.61876513125 0.37587726718750003 0.6192858765625 0.394097415625 0.6587093078125 0.394097415625 0.6591900953125001 0.37531175 0.61876513125 0.37587726718750003
3 0.660408740625 0.3749162171875 0.6601516046875 0.3915357421875 0.698132671875 0.39068185 0.698613459375 0.3693344828125 0.660408740625 0.3749162171875
3 0.6988073921875 0.3720330671875 0.698613459375 0.3898279296875 0.7341907171875001 0.3898279296875 0.735152228125 0.372750046875 0.6988073921875 0.3720330671875
0 0.6297979796875001 0.4159033046875 0.628696675 0.4967530578125 0.728917015625 0.4908849296875 0.733322340625 0.40873112968749997 0.6297979796875001 0.4159033046875
2 0.0638710390625 0.556427934375 0.061951875 0.5746083671875 0.721917884375 0.5538955546875 0.72244799375 0.533182775 0.0638710390625 0.556427934375
0 0.062082118750000005 0.575501428125 0.0672528046875 0.6602840125 0.18652378593750002 0.6621670515625 0.18334320312500002 0.578374315625 0.062082118750000005 0.575501428125
3 0.060293200000000005 0.53841408125 0.0603616015625 0.5567200484375 0.11867184687500001 0.5567200484375 0.11920193750000001 0.537890209375 0.060293200000000005 0.53841408125
1 0.05731166875 0.5182809500000001 0.057711128125 0.5350657484375 0.134574653125 0.5341242937499999 0.13404454375 0.51341148125 0.05731166875 0.5182809500000001
1 0.1348314953125 0.51192311875 0.1361649265625 0.533182775 0.6704988796875 0.5171774296875 0.6704988796875 0.5011721171875 0.1348314953125 0.51192311875
0 0.623838484375 0.55960685 0.6199194671875 0.6292149078125 0.717219421875 0.62639035 0.7219903328124999 0.5538955546875 0.623838484375 0.55960685
3 0.6810481171875 0.5140423968750001 0.681630884375 0.5322412875 0.7113159890625 0.533182775 0.7123762078125 0.5124699625 0.6810481171875 0.5140423968750001
1 0.670314603125 0.49284962656250003 0.6704988796875 0.5124699625 0.728278978125 0.5105870203125 0.728278978125 0.49364015625 0.670314603125 0.49284962656250003
3 0.1181349171875 0.5394737187499999 0.11867184687500001 0.5567200484375 0.176452 0.5557785609375 0.1759219265625 0.5341242937499999 0.1181349171875 0.5394737187499999
3 0.1896916796875 0.534175528125 0.1902344796875 0.55201258125 0.2474845046875 0.55201258125 0.24642432187500002 0.5275338203125 0.1896916796875 0.534175528125
3 0.27078934375 0.5299369734375 0.270278515625 0.5473051453125 0.324878103125 0.5454221390625 0.323817921875 0.5294168265625 0.27078934375 0.5299369734375
3 0.33340151093750003 0.5267580578125 0.333359634375 0.5454221390625 0.3831883484375 0.5454221390625 0.383718421875 0.5256508453125 0.33340151093750003 0.5267580578125
0 0.3781602671875 0.5670243203124999 0.378727065625 0.6442787015625 0.45718084687499994 0.6395712328125 0.460361503125 0.5614274828125 0.3781602671875 0.5670243203124999
3 0.3978025984375 0.52463878125 0.3975008640625 0.540714703125 0.442558775 0.542597678125 0.4441490671875 0.524709390625 0.3978025984375 0.52463878125
3 0.46160737812499997 0.5225195046875 0.4605819828125 0.542597678125 0.50723015 0.5397732171875 0.506700040625 0.5200019234375 0.46160737812499997 0.5225195046875
3 0.51944909375 0.5182809500000001 0.5183620828125 0.5369487234375 0.5671306859375 0.542597678125 0.5671306859375 0.5200019234375 0.51944909375 0.5182809500000001
3 0.5772908109375 0.520400228125 0.5766723640625 0.537890209375 0.6206701296875 0.5388317296875 0.622260384375 0.5171774296875 0.5772908109375 0.520400228125
3 0.6333436078125 0.5182809500000001 0.6328622078125 0.5350657484375 0.681630884375 0.5350657484375 0.681630884375 0.5181189171875 0.6333436078125 0.5182809500000001
2 0.06580978750000001 0.7106556328125 0.06629325 0.73384060625 0.7131902546875 0.68489453125 0.71367375 0.6642856859374999 0.06580978750000001 0.7106556328125
1 0.074544921875 0.6623917828125 0.0763368203125 0.6809968578125 0.141008178125 0.6819383125 0.14153826875 0.6612255328125001 0.074544921875 0.6623917828125
1 0.141927540625 0.658153228125 0.14153826875 0.6809968578125 0.659969359375 0.6480447140625001 0.659439321875 0.632980790625 0.141927540625 0.658153228125
1 0.6607140703125001 0.6284833515625 0.66049946875 0.64522015625 0.7076777437499999 0.646161675 0.708207853125 0.6292149078125 0.6607140703125001 0.6284833515625
0 0.067743703125 0.7355580046875 0.0711280546875 0.81369995 0.1895808421875 0.8085477234375 0.1861964421875 0.7261123109375001 0.067743703125 0.7355580046875
3 0.0667929390625 0.6857038281250001 0.06467476093749999 0.7083000140625 0.1107928734375 0.707358559375 0.1113229453125 0.684762740625 0.0667929390625 0.6857038281250001
3 0.110919609375 0.684644190625 0.11238314687499999 0.706417040625 0.15903135 0.7035926124999999 0.1574410578125 0.6819383125 0.110919609375 0.684644190625
3 0.15743150625 0.6793459984375 0.159561421875 0.70076811875 0.20567955312500003 0.7035926124999999 0.20567955312500003 0.6781723640624999 0.15743150625 0.6793459984375
3 0.214080609375 0.677226721875 0.21522122968750002 0.69888514375 0.260279140625 0.69888514375 0.260279140625 0.6762893890624999 0.214080609375 0.677226721875
3 0.27192232656250004 0.67404780625 0.2719411828125 0.6951191953125 0.307457453125 0.6932361578124999 0.307457453125 0.670640403125 0.27192232656250004 0.67404780625
3 0.3130674640625 0.670868890625 0.3132884375 0.6913531828124999 0.34615423437500004 0.69041179375 0.345624125 0.66687451875 0.3130674640625 0.670868890625
3 0.35357554687500004 0.6696989484375 0.35357554687500004 0.687587234375 0.40870520781249997 0.6828797671875 0.40870520781249997 0.6640499609375 0.35357554687500004 0.6696989484375
0 0.3728199296875 0.7115143328125 0.373303425 0.7905150062499999 0.45307773281249997 0.780210553125 0.45404465624999996 0.7003512109375001 0.3728199296875 0.7115143328125
3 0.41086170781250003 0.6623917828125 0.4102955 0.6809968578125 0.45005249999999997 0.6819383125 0.449522390625 0.6612255328125001 0.41086170781250003 0.6623917828125
3 0.458566215625 0.6592128671874999 0.4590641046875 0.67911381875 0.49935117656249994 0.6800553390624999 0.4998812859375 0.6584010390625 0.458566215625 0.6592128671874999
3 0.51044486875 0.6560339515625 0.5094229625 0.673464896875 0.5486498171874999 0.6762893890624999 0.5518303999999999 0.652752115625 0.51044486875 0.6560339515625
3 0.5551678453125 0.653914675 0.5566012390624999 0.673464896875 0.5937077296875 0.6725233765625 0.5942378374999999 0.6499276234375 0.5551678453125 0.653914675
3 0.601083434375 0.6549743125 0.6016591499999999 0.6696989484375 0.6414161140625 0.670640403125 0.6419462234375 0.651810596875 0.601083434375 0.6549743125
0 0.61517904375 0.6930602546875 0.6145602593749999 0.7630365046875001 0.7083554999999999 0.7518733828124999 0.7131902546875 0.681459734375 0.61517904375 0.6930602546875
3 0.6768274203125 0.6457291140625 0.6407400375 0.650560615625 0.6402057296875 0.6692685593750001 0.67752495 0.6680296453125 0.6768274203125 0.6457291140625
3 0.678012640625 0.64637744375 0.677176209375 0.6692685593750001 0.7019394250000001 0.666790753125 0.7022882625 0.646348571875 0.678012640625 0.64637744375
2 0.07892179218749999 0.8563922421875001 0.0793472265625 0.8755265453125001 0.7073885093750001 0.8085477234375 0.7073885093750001 0.791373675 0.07892179218749999 0.8563922421875001
0 0.0794656640625 0.8757214718749999 0.08224811562499999 0.9553859171875001 0.1997339125 0.9416467265625 0.19586604999999999 0.866080821875 0.0794656640625 0.8757214718749999
3 0.07674630625 0.8389959359375 0.07741331093750001 0.858352496875 0.13301358125 0.855776428125 0.13301358125 0.8308739968750001 0.07674630625 0.8389959359375
1 0.073483078125 0.8138679375000001 0.07402894374999999 0.8368849234375 0.143650146875 0.8317326968750001 0.14316666718749999 0.8119825796875 0.073483078125 0.8138679375000001
1 0.1430986234375 0.811935015625 0.14316666718749999 0.8300152984375 0.654689178125 0.779351853125 0.654689178125 0.758742978125 0.1430986234375 0.811935015625
0 0.610208934375 0.820569575 0.608758515625 0.887548396875 0.7025536890625 0.8763852734375 0.70642151875 0.8094064515625 0.610208934375 0.820569575
3 0.7059380890625 0.7887975765624999 0.7054617046875 0.7723100953125 0.6609743515625001 0.7776344546875 0.6619414078125 0.792232375 0.7059380890625 0.7887975765624999
1 0.6559694031250001 0.7578131734375 0.6556561015625 0.7767757265624999 0.7088389296875001 0.7699061015625001 0.7088389296875001 0.7518733828124999 0.6559694031250001 0.7578131734375
3 0.1322211953125 0.8341636296875 0.132530103125 0.853200271875 0.18764689375000002 0.8497654734375001 0.18813035625000002 0.8300152984375 0.1322211953125 0.8341636296875
3 0.19259092656250001 0.8273983984375001 0.1934486390625 0.846330646875 0.24614803749999997 0.8454719468749999 0.24614803749999997 0.8222869734374999 0.19259092656250001 0.8273983984375001
3 0.254592271875 0.8215996296875 0.2548507203125 0.8411784499999999 0.3070665890625 0.838602321875 0.3080335796875 0.8179934765624999 0.254592271875 0.8215996296875
3 0.318769103125 0.8158008609375 0.3191536078125 0.8377436218750001 0.3699190578125 0.832591425 0.370886015625 0.8119825796875 0.318769103125 0.8158008609375
1 0.152888309375 0.9472396203125 0.1528362921875 0.9656903109374999 0.6469534515625 0.902146315625 0.64646995625 0.88497226875 0.152888309375 0.9472396203125
0 0.374753878125 0.846330646875 0.37427038281249997 0.9201791515625001 0.453561228125 0.90643984375 0.45211074218749997 0.8343088249999999 0.374753878125 0.846330646875
3 0.38348980625 0.8071027078125 0.383939990625 0.8282978984374999 0.43228802968749996 0.8231456734375 0.4318046015625 0.8042542265625 0.38348980625 0.8071027078125
3 0.44657889375000004 0.8003374781250001 0.44679249218750006 0.819710875 0.49272322031250004 0.8145586484375 0.4932065828125 0.7956672015625 0.44657889375000004 0.8003374781250001
3 0.5053170109375 0.794538709375 0.5057771296875 0.8111238515625001 0.55460863125 0.8094064515625 0.553158278125 0.787080178125 0.5053170109375 0.794538709375
3 0.5652452625 0.7879388781250001 0.5647617671875 0.8051129250000001 0.610208934375 0.801678128125 0.6097254390625 0.78450405 0.5652452625 0.7879388781250001
3 0.616810659375 0.782941171875 0.6174611 0.7965259015624999 0.6638752578125 0.793091075 0.6638752578125 0.7784931546875 0.616810659375 0.782941171875
1 0.082185021875 0.9491725437499999 0.0827316109375 0.97513609375 0.1528362921875 0.9665490406250001 0.1499353875 0.945081465625 0.082185021875 0.9491725437499999
1 0.64646995625 0.88497226875 0.64646995625 0.9030051046875001 0.7030372500000001 0.8969941203125 0.7011032687500001 0.8746678749999999 0.64646995625 0.88497226875