3 0 0.7775001796875001 0.6544424734375001 0.8416196749999999 0.6614670203124999 0.8122861828125 0 0.7423198671875 0 0.7775001796875001
0 0 0.7117265640625 0.0683020015625 0.715798840625 0.1025234375 0.5834677328125 0.027028165625 0.5700886828125 0 0.6643611968750001 0 0.7117265640625
2 0 0.7414677703125 0.060610596875 0.7516166765625 0.068851403125 0.7132403625 0 0.7057229078125 0 0.7414677703125
0 0.40561392031250004 0.7500879609375 0.4289230375 0.6347823296875 0.37211550781249997 0.6289938359375 0.34631734375 0.7427646625000001 0.40561392031250004 0.7500879609375
2 0.399335803125 0.7860825328125001 0.40490727031249996 0.749999615625 0.3438597796875 0.7436810687500001 0.338225459375 0.7762228078125 0.399335803125 0.7860825328125001
0 0.6739876625 0.7810126921875 0.6898002812499999 0.6871002578125001 0.6457126609375 0.6829019953125 0.6263667453124999 0.7763726765625 0.6739876625 0.7810126921875
2 0.6710457078125 0.808229446875 0.6734382734375 0.7835711234375 0.626131871875 0.78422468125 0.6212798625 0.8099686 0.6710457078125 0.808229446875
3 0.692232696875 0.669014603125 0.6991000359374999 0.637034340625 0.046770528125 0.5187012265625001 0.0412434390625 0.5454070093750001 0.692232696875 0.669014603125
1 0.6887015140625 0.6922170703125 0.693056775 0.6651769796875 0.038057876562499995 0.54913725625 0.032757640625 0.5722502359375 0.6887015140625 0.6922170703125
3 0.7199615890625 0.4925767671875 0.7261620578125 0.46708089687500004 0.08592120625 0.3161067515625 0.078309609375 0.343222271875 0.7199615890625 0.4925767671875
1 0.7135261484375001 0.5259246046875 0.7136415203124999 0.4983543984375 0.09742703124999999 0.350384009375 0.09348060625 0.3697402125 0.7135261484375001 0.5259246046875
0 0.13037823906249998 0.497680721875 0.16189256406250002 0.3847144828125 0.09048002968749999 0.36921878750000003 0.0555139625 0.48317577968750003 0.13037823906249998 0.497680721875
2 0.12319637187500002 0.52436748125 0.1304956703125 0.49375475468749996 0.052920270312499997 0.4866834625 0.048845765624999996 0.5184533328125001 0.12319637187500002 0.52436748125
0 0.45827085624999997 0.562317525 0.47757700312500007 0.46227406093749995 0.42469489375 0.4517221375 0.40252730156250005 0.552821775 0.45827085624999997 0.562317525
2 0.45093172499999995 0.586357509375 0.45897755937499995 0.5624058765625 0.400874096875 0.55251474375 0.39458171875 0.5813739546875001 0.45093172499999995 0.586357509375
0 0.7023057828125 0.60858914375 0.714664865625 0.5273804984375 0.6760332859375 0.5146695203125 0.6604055765625 0.5981928359375 0.7023057828125 0.60858914375
3 0.7363193796874999 0.3488174046875 0.743933253125 0.3234982375 0.1511517046875 0.1272289515625 0.143697546875 0.15278539062500002 0.7363193796874999 0.3488174046875
0 0.1627102375 0.309944209375 0.196776525 0.1986105453125 0.1354920625 0.17649970937499998 0.096704890625 0.291355228125 0.1627102375 0.309944209375
2 0.160003134375 0.32930905625 0.16718505781249998 0.302622303125 0.09463383125 0.28567071875 0.089051909375 0.3100954796875 0.160003134375 0.32930905625
1 0.73764419375 0.3595437546875 0.739252521875 0.3452957703125 0.20084829843750002 0.19654469218749998 0.1935772453125 0.22467804062500002 0.73764419375 0.3595437546875
0 0.474861365625 0.3870621078125 0.496444728125 0.28993042812500003 0.43900809062499996 0.273554871875 0.4193749171875 0.3645235171875 0.474861365625 0.3870621078125
2 0.4707409625 0.40625026406250003 0.47513606406250003 0.38578286875 0.41938741406249996 0.3683048109375 0.41388279375000003 0.3900995890625 0.4707409625 0.40625026406250003
0 0.7271811609375 0.44881859999999996 0.738793721875 0.3609487890625 0.696314428125 0.3425025421875 0.6818225250000001 0.43508710625 0.7271811609375 0.44881859999999996
2 0.7212154546875 0.46646247656249995 0.7268666390625 0.44352505000000003 0.6817577828125 0.4339449328125 0.6755932265625 0.45564676562499995 0.7212154546875 0.46646247656249995
1 0.1956950421875 0 0.1924571453125 0.0144364546875 0.756297171875 0.2253707109375 0.764735134375 0.196213875 0.2528289921875 0 0.1956950421875 0
0 0.22186255312499997 0.12571735781249999 0.24485926562500002 0.0287624 0.1881292765625 0.012475190625 0.1635165171875 0.10273775156250001 0.22186255312499997 0.12571735781249999
2 0.2124034234375 0.1494922765625 0.221979990625 0.12179134218750001 0.1598714328125 0.103518203125 0.1525772578125 0.13255708593749999 0.2124034234375 0.1494922765625
0 0.5095972609375 0.228680875 0.5259593234375 0.1322100140625 0.4789653359375 0.11451285156249999 0.46057151249999995 0.202249203125 0.5095972609375 0.228680875
2 0.5048875828125 0.24385471406249998 0.51395464375 0.2252849828125 0.4611500890625 0.204234271875 0.45630611875 0.226337221875 0.5048875828125 0.24385471406249998
0 0.7484527875 0.305830234375 0.7570038765625 0.2254590625 0.7215911859374999 0.20789627500000002 0.7091311734375 0.28256646406249997 0.7484527875 0.305830234375
2 0.7415057765624999 0.3246650484375 0.7471568609375 0.30172758593750004 0.7044028703125 0.2845605515625 0.7009886328125 0.307811184375 0.7415057765624999 0.3246650484375