3 0.098996446875 0.043435490625 0.0988151328125 0.067086425 0.761735065625 0.1535552375 0.7641090265625 0.12824726250000001 0.098996446875 0.043435490625
0 0.09677097343749999 0.096823578125 0.10771736875 0.1999530796875 0.1617242625 0.20311658437500002 0.157569915625 0.1029393328125 0.09677097343749999 0.096823578125
2 0.1001091828125 0.0661748625 0.099408640625 0.0955578890625 0.15578946093749999 0.1039938296875 0.15578946093749999 0.0744679296875 0.1001091828125 0.0661748625
0 0.40277350468749995 0.127472296875 0.4026782296875 0.231588003125 0.457278528125 0.24002400468750001 0.46143291093750005 0.1461737171875 0.40277350468749995 0.127472296875
2 0.4050521234375 0.1029393328125 0.4050521234375 0.13457427187499998 0.462026384375 0.14195573125 0.462619925 0.11664783281249999 0.4050521234375 0.1029393328125
3 0.1098286296875 0.22305475624999999 0.1122413453125 0.2465937703125 0.737756221875 0.3187048578125 0.74080004375 0.29256459375 0.1098286296875 0.22305475624999999
1 0.10789833906249999 0.1966790765625 0.1083108765625 0.2189340453125 0.739776209375 0.296966840625 0.7427436453125 0.2716589265625 0.10789833906249999 0.1966790765625
0 0.7041672625000001 0.16831815625 0.6952650265625 0.2600594515625 0.7427436453125 0.2695499640625 0.7534263015625 0.1725361421875 0.7041672625000001 0.16831815625
2 0.7104451390625 0.1423023203125 0.70891511875 0.16831815625 0.75164588125 0.17359065468749998 0.7540198421875 0.1556642 0.7104451390625 0.1423023203125
0 0.114108903125 0.27291670625000003 0.1218802578125 0.366478509375 0.17514794375 0.3727881875 0.170582125 0.2799451375 0.114108903125 0.27291670625000003
2 0.1117309734375 0.2433375828125 0.111734028125 0.27273403281249997 0.1690602140625 0.2799451375 0.16855288125 0.2538048984375 0.1117309734375 0.2433375828125
0 0.40469188906250003 0.30841165312499996 0.403945325 0.39442152343750003 0.45569109843750005 0.40253405468750003 0.45518379531250003 0.309690978125 0.40469188906250003 0.30841165312499996
2 0.40469188906250003 0.2830581203125 0.403945325 0.3069868015625 0.45822767343750004 0.310592353125 0.459749584375 0.29166319375 0.40469188906250003 0.2830581203125
1 0.12219386406249999 0.36249919375 0.1269533515625 0.39171734687500004 0.7189856421874999 0.4430965515625 0.72152221875 0.42506876718750003 0.12219386406249999 0.36249919375
0 0.6814828828125 0.33292007031250004 0.6712984125 0.4196604125 0.7230441296875 0.42777291718750005 0.7367415578125 0.3358312421875 0.6814828828125 0.33292007031250004
2 0.6855031453125 0.30878957812499996 0.6844885374999999 0.334028465625 0.7347123421874999 0.33943684531249996 0.7367415578125 0.3169021078125 0.6855031453125 0.30878957812499996
3 0.1378881984375 0.5256069296875 0.13963614375 0.5464833390625 0.6941274203125001 0.5960597421875 0.6941274203125001 0.574426353125 0.1378881984375 0.5256069296875
0 0.1426440578125 0.5661725828125 0.149782359375 0.6411291140625 0.1939184640625 0.642931915625 0.1888453421875 0.5654124734375 0.1426440578125 0.5661725828125
2 0.14216847187499998 0.5450446390625 0.142172690625 0.5609055203125 0.187830734375 0.5690180515625001 0.1888453421875 0.5491874640625001 0.14216847187499998 0.5450446390625
0 0.394704584375 0.5856102921875 0.394306440625 0.6600583515625 0.4425009734375 0.6672694031249999 0.444530246875 0.5915527625 0.394704584375 0.5856102921875
2 0.3970825140625 0.564482346875 0.3953210484375 0.585243034375 0.44503755 0.5906513624999999 0.44554485312500003 0.572623578125 0.3970825140625 0.564482346875
3 0.137099596875 0.6390534203125 0.1381142046875 0.66068675625 0.662166775 0.7237839921875 0.6631814406250001 0.70395343125 0.137099596875 0.6390534203125
1 0.1583383921875 0.643078303125 0.15891396875 0.6510444453125 0.6773861140624999 0.7006208484374999 0.6819520203125 0.6861985890625 0.1583383921875 0.643078303125
0 0.6448627671875 0.610118709375 0.6383231609375 0.6789874859375 0.6829665687500001 0.6843957875 0.6920982062500001 0.6167916265625 0.6448627671875 0.610118709375
2 0.6486674546875 0.5940614703125 0.6494840125 0.6113833234375 0.6936201171875 0.6167916265625 0.6956493312500001 0.592454215625 0.6486674546875 0.5940614703125
0 0.1397905421875 0.6802634859375 0.14623120625 0.744515928125 0.189859978125 0.746318678125 0.187830734375 0.6841228703125 0.1397905421875 0.6802634859375
2 0.140266128125 0.6599806593750001 0.13963614375 0.6805172921875 0.187830734375 0.6850242453125001 0.1868160984375 0.6678978875 0.140266128125 0.6599806593750001
1 0.14692433124999998 0.7394217328125 0.1452165703125 0.7553325828124999 0.6469474374999999 0.8238381203125 0.6494840125 0.8004020078125 0.14692433124999998 0.7394217328125
0 0.3811163171875 0.7075589828125 0.3826382859375 0.7670506140625 0.42525242187499995 0.77245901875 0.425759725 0.7057562328125 0.3811163171875 0.7075589828125
2 0.3737788046875 0.6836439578125 0.374014009375 0.7057562328125 0.409018475 0.7093618359375 0.4085111140625 0.6922353484375 0.3737788046875 0.6836439578125
0 0.61109616875 0.7368863796875 0.6053479078125 0.79769788125 0.6484694046875 0.8067117359375 0.6581082890625 0.74000895 0.61109616875 0.7368863796875
2 0.6163276140625 0.7182937875000001 0.6144795453125 0.7364034484374999 0.6591230125 0.74000895 0.6606448640625 0.72288266875 0.6163276140625 0.7182937875000001