2 0.0194780234375 0.1151937578125 0.019593725 0.139998246875 0.746393540625 0.21180177968749997 0.7488428421875 0.1900431609375 0.0194780234375 0.1151937578125
3 0.020052031249999998 0.0866333203125 0.018066379687500002 0.11572417500000001 0.068887253125 0.12116384531249999 0.070111834375 0.097229365625 0.020052031249999998 0.0866333203125
3 0.07056480312499999 0.0978534921875 0.06827496250000001 0.12116384531249999 0.114809734375 0.125515553125 0.114809734375 0.10049312656250001 0.07056480312499999 0.0978534921875
3 0.12394761875 0.1009135390625 0.12093274375 0.12333969062500001 0.1742028140625 0.1276914296875 0.1754273953125 0.10810869062499999 0.12394761875 0.1009135390625
3 0.1911066453125 0.10805364843750001 0.18951032031249998 0.12986732343750002 0.239106578125 0.1385707546875 0.239106578125 0.11572417500000001 0.1911066453125 0.10805364843750001
3 0.24621148750000002 0.1192738203125 0.24584187812499997 0.1418345328125 0.296050496875 0.144010409375 0.295438171875 0.125515553125 0.24621148750000002 0.1192738203125
3 0.30476038125 0.11825380468749999 0.3033980515625 0.145098325 0.3523820203125 0.151625971875 0.352994309375 0.12986732343750002 0.30476038125 0.11825380468749999
3 0.36101324218749997 0.124373896875 0.361566515625 0.153801803125 0.40993822812499997 0.153801803125 0.4081013578125 0.12986732343750002 0.36101324218749997 0.124373896875
0 0.3637061875 0.1748120671875 0.36309389687500004 0.274901803125 0.45616347343749997 0.27816561093750003 0.455551184375 0.1835155453125 0.3637061875 0.1748120671875
3 0.41382204843750003 0.13151400625 0.41391480625000004 0.157405203125 0.459224996875 0.1639327578125 0.4580003453125 0.141086225 0.41382204843750003 0.13151400625
3 0.4706489171875 0.13967413125 0.4702463640625 0.16175689531249998 0.5118827421875001 0.17046034375000002 0.5112704515625001 0.1421741078125 0.4706489171875 0.13967413125
3 0.5177176359375 0.14477420937500002 0.518005715625 0.16719653437499998 0.562703615625 0.1737241828125 0.5633159062499999 0.1519655640625 0.5177176359375 0.14477420937500002
3 0.5751185125 0.15293433437499998 0.573725053125 0.1737241828125 0.6165860125 0.1802517375 0.61536143125 0.1519655640625 0.5751185125 0.15293433437499998
3 0.6250572765625 0.15191431875 0.62515821875 0.178075875 0.6674068875 0.1802517375 0.6674068875 0.1552293109375 0.6250572765625 0.15191431875
0 0.6405555125 0.20291509687499998 0.6398533984375 0.294484590625 0.7488428421875 0.2988363453125 0.7494550624999999 0.20636214062499997 0.6405555125 0.20291509687499998
3 0.67040396875 0.1580344125 0.670468409375 0.178075875 0.7102678453125 0.1835155453125 0.7102678453125 0.1628448421875 0.67040396875 0.1580344125
3 0.7111585921875 0.162114475 0.7096555546875 0.1824275984375 0.752516584375 0.186779321875 0.7519043640625 0.1650206734375 0.7111585921875 0.162114475
2 0.03000281875 0.29339670625 0.03000281875 0.31950701718749996 0.7598641390624999 0.37063984687499996 0.7568026875 0.341265665625 0.03000281875 0.29339670625
3 0.0269401375 0.27227615781250003 0.025716732812499997 0.301012175 0.09000820625 0.302100121875 0.09306969375 0.2770777265625 0.0269401375 0.27227615781250003
1 0.0940991625 0.2528958609375 0.09368200156249999 0.274901803125 0.6821020671875 0.31950701718749996 0.681489846875 0.2955725359375 0.0940991625 0.2528958609375
3 0.09295114531250001 0.27635622031249996 0.090620496875 0.2977483984375 0.15062586718749998 0.3042760140625 0.1518504828125 0.2803414734375 0.09295114531250001 0.27635622031249996
3 0.16814629375 0.2783962515625 0.16838257031249998 0.3075397921875 0.22655106875 0.31080356875000004 0.22655106875 0.282517365625 0.16814629375 0.2783962515625
3 0.237027346875 0.28451634375 0.2369601453125 0.3075397921875 0.2957409359375 0.31406737812499996 0.2963532265625 0.2901328671875 0.237027346875 0.28451634375
3 0.3127965046875 0.2906364375 0.3134976375 0.31297943125 0.3692169046875 0.32059499375 0.3692169046875 0.2966604515625 0.3127965046875 0.2906364375
3 0.3931577328125 0.297776546875 0.39309658125 0.3249466859375 0.4463666875 0.3271225484375 0.4463666875 0.3053638984375 0.3931577328125 0.297776546875
3 0.4649088296875 0.305936671875 0.46534797031249997 0.322770825 0.5149442640624999 0.333650134375 0.5149442640624999 0.31297943125 0.4649088296875 0.305936671875
3 0.5251797500000001 0.310016734375 0.5253533406249999 0.33256221875 0.576174215625 0.3358259953125 0.576174215625 0.3151553234375 0.5251797500000001 0.310016734375
3 0.5900427406250001 0.3151168125 0.5902571046875 0.3347380796875 0.6435272109375 0.3369139734375 0.6435272109375 0.32168287812499996 0.5900427406250001 0.3151168125
3 0.6485916359375 0.31715684375 0.6478133828125 0.3347380796875 0.6986341875 0.3445294734375 0.698021896875 0.31950701718749996 0.6485916359375 0.31715684375
0 0.645976371875 0.3630243140625 0.64536408125 0.45332268750000004 0.7519043640625 0.45767447499999997 0.7555780359375001 0.3673760390625 0.645976371875 0.3630243140625
3 0.70108335 0.322770825 0.70108335 0.34235364375 0.746393540625 0.3456173890625 0.7470059 0.3260346640625 0.70108335 0.322770825
0 0.0275141453125 0.3263369828125 0.02694133125 0.42177264531249997 0.16042268906249998 0.4315640703125 0.1622595609375 0.3292984109375 0.0275141453125 0.3263369828125
0 0.3105004703125 0.34979734218749997 0.30982386093750003 0.4500588796875 0.3943211625 0.46855375156249995 0.39860733593750003 0.368463953125 0.3105004703125 0.34979734218749997
1 0.0330643234375 0.4239485390625 0.0330643234375 0.446795134375 0.1138878828125 0.45549851874999997 0.1151124984375 0.4239485390625 0.0330643234375 0.4239485390625
1 0.12394761875 0.4283385421875 0.1242969953125 0.45549851874999997 0.68455136875 0.4783451140625 0.68455136875 0.4511467953125 0.12394761875 0.4283385421875
2 0.0280881546875 0.5017796640625 0.0281659296875 0.5291484843750001 0.746393540625 0.5237088140624999 0.7470059 0.5019501640625 0.0280881546875 0.5017796640625
3 0.699678415625 0.47831930624999996 0.699246478125 0.4954225796875 0.74823048125 0.5030381109375 0.7494550624999999 0.47692773906249997 0.699678415625 0.47831930624999996
1 0.6904942765625 0.460979040625 0.6906743421875 0.47616922187500005 0.74823048125 0.4783451140625 0.7488428421875 0.4587623265625 0.6904942765625 0.460979040625
0 0.019593725 0.1465258953125 0.017144528125 0.245527653125 0.1530750640625 0.2574949078125 0.1555242953125 0.157405203125 0.019593725 0.1465258953125
1 0.0401423390625 0.2467757671875 0.039799640625 0.2694621640625 0.09368200156249999 0.2738138875 0.0949066171875 0.253143184375 0.0401423390625 0.2467757671875
1 0.6813101359375 0.297776546875 0.6821020671875 0.31950701718749996 0.753128875 0.3249466859375 0.7519043640625 0.2988363453125 0.6813101359375 0.297776546875
3 0.03440225 0.47219921249999997 0.0336766484375 0.4986863875 0.0955189078125 0.4986863875 0.0949066171875 0.472576046875 0.03440225 0.47219921249999997
3 0.09796812187500001 0.472576046875 0.09796812187500001 0.497598440625 0.1524627734375 0.49977433437499996 0.15062586718749998 0.46931220625 0.09796812187500001 0.472576046875
3 0.16814629375 0.47219921249999997 0.168994859375 0.4954225796875 0.22716339375 0.49977433437499996 0.22532645312500002 0.47148806875 0.16814629375 0.47219921249999997
3 0.2353053203125 0.475259259375 0.23573556562500003 0.5019501640625 0.2914548671875 0.4986863875 0.2908425421875 0.47366396093749996 0.2353053203125 0.475259259375
3 0.30476038125 0.475259259375 0.30492543125 0.496510525 0.3655430921875 0.4954225796875 0.36248160625 0.472576046875 0.30476038125 0.475259259375
3 0.3816775578125 0.47321922812499995 0.3808505984375 0.49977433437499996 0.4335083796875 0.4986863875 0.4328960890625 0.472576046875 0.3816775578125 0.47321922812499995
3 0.44309649531249995 0.47321922812499995 0.44452974687499996 0.497598440625 0.49412603906249997 0.4986863875 0.49596298125000005 0.47148806875 0.44309649531249995 0.47321922812499995
3 0.507385478125 0.475259259375 0.5075966390625 0.49977433437499996 0.5633159062499999 0.5008622500000001 0.5633159062499999 0.472576046875 0.507385478125 0.475259259375
3 0.5739704953125 0.47015918125 0.573725053125 0.496510525 0.6276073796875 0.5008622500000001 0.6269950890625 0.47366396093749996 0.5739704953125 0.47015918125
3 0.6399815046875 0.47423924375000004 0.6404656890625 0.4954225796875 0.6974096078125 0.5019501640625 0.69618495625 0.47801571562499995 0.6399815046875 0.47423924375000004
0 0.0269401375 0.5272800546874999 0.029390528125 0.62379855 0.15368738906249998 0.624886465625 0.1542996796875 0.5280605375 0.0269401375 0.5272800546874999
0 0.36064470000000004 0.5280605375 0.361256990625 0.61183129375 0.443305165625 0.615095165625 0.44391745625 0.5226208984375 0.36064470000000004 0.5280605375
0 0.638259478125 0.5272800546874999 0.6392411078125 0.6074795703125 0.74455666875 0.6107433796875 0.74455666875 0.5215329828125 0.638259478125 0.5272800546874999
2 0.032106215625000004 0.6802823921875001 0.031227417187500002 0.710833146875 0.757414978125 0.6814589343749999 0.757414978125 0.6531727625 0.032106215625000004 0.6802823921875001
3 0.037846303125 0.6547820015625 0.0373504265625 0.6771072109375 0.0985803953125 0.6771072109375 0.099192703125 0.6520847843750001 0.037846303125 0.6547820015625
1 0.0338282421875 0.622141503125 0.0349012296875 0.6477331234375 0.100417284375 0.6488209765625 0.10102960937500001 0.62379855 0.0338282421875 0.622141503125
1 0.103283303125 0.630301628125 0.1016419 0.6488209765625 0.6833267171874999 0.6357658046875 0.6833267171874999 0.61183129375 0.103283303125 0.630301628125
1 0.6863881703125 0.61183129375 0.6851635890625001 0.6292382515625 0.7427198671874999 0.634677890625 0.7427198671874999 0.6085674859375 0.6863881703125 0.61183129375
3 0.0986912328125 0.6537619859375 0.09796812187500001 0.6749314421875 0.1555242953125 0.6792831031250001 0.15736116718749998 0.6488209765625 0.0986912328125 0.6537619859375
3 0.1669982765625 0.652741971875 0.1647087921875 0.673843403125 0.22655106875 0.6781951875 0.229000265625 0.6531727625 0.1669982765625 0.652741971875
3 0.2416194171875 0.6507019406250001 0.24124624843750003 0.6727554875 0.2951286453125 0.671667571875 0.2951286453125 0.6520847843750001 0.2416194171875 0.6507019406250001
3 0.3282947421875 0.6456018625 0.3294174328125 0.6749314421875 0.3845244109375 0.6705796562499999 0.3814628890625 0.6401175296875 0.3282947421875 0.6456018625
3 0.3931577328125 0.638461753125 0.39370890625 0.6673158484374999 0.45065279062499997 0.6673158484374999 0.44881585 0.6401175296875 0.3931577328125 0.638461753125
3 0.4643348203125 0.6405017843749999 0.4659602609375 0.661876209375 0.5192303671875 0.662964125 0.5192303671875 0.6379416984375 0.4643348203125 0.6405017843749999
3 0.533925546875 0.6368537828124999 0.533925546875 0.66078823125 0.5816848984375 0.662964125 0.58290955 0.633589975 0.533925546875 0.6368537828124999
3 0.594060803125 0.6354017062499999 0.5933186265625 0.6597003156250001 0.645976371875 0.6575244234375 0.64536408125 0.6368537828124999 0.594060803125 0.6354017062499999
0 0.649650184375 0.6836348265625001 0.65087490625 0.7706693609374999 0.7586395578125 0.7619659765625 0.757414978125 0.6771072109375 0.649650184375 0.6836348265625001
3 0.6635158640625 0.6354017062499999 0.663733075 0.6597003156250001 0.7102678453125 0.6586124640625 0.7096555546875 0.633589975 0.6635158640625 0.6354017062499999
3 0.7088625562499999 0.632341659375 0.7096555546875 0.6542606765625 0.74455666875 0.6564365078125001 0.74455666875 0.6292382515625 0.7088625562499999 0.632341659375
0 0.0332542328125 0.7108828593750001 0.0336766484375 0.8087470203124999 0.1659333734375 0.8022194046875001 0.16715798906249998 0.7075694 0.0332542328125 0.7108828593750001
0 0.3759522046875 0.701041721875 0.3759522046875 0.7891642953125 0.46779713125000005 0.7826366171875 0.4702463640625 0.692338275 0.3759522046875 0.701041721875
1 0.0430123828125 0.8088043562499999 0.0453103234375 0.8370332546875 0.1169494046875 0.8261539156250001 0.1145002078125 0.8054832749999999 0.0430123828125 0.8088043562499999
1 0.1141894703125 0.806764325 0.1145002078125 0.8239780218750001 0.6967973875 0.7891642953125 0.6955726656250001 0.7695814453125001 0.1141894703125 0.806764325
1 0.6962343640624999 0.7700437640625 0.6967973875 0.7891642953125 0.757414978125 0.7880763171875 0.7580273375 0.7684935312500001 0.6962343640624999 0.7700437640625