2 0.0350052296875 0.10557700625 0.0322554078125 0.1330724828125 0.736559875 0.144934134375 0.737227375 0.121210815625 0.0350052296875 0.10557700625
0 0.0362569078125 0.13782840937500002 0.037596098437499996 0.2303380859375 0.1510858828125 0.22796579062500003 0.1497507296875 0.13425858125 0.0362569078125 0.13782840937500002
3 0.034105234375 0.0859798578125 0.03444015625 0.109506890625 0.0755004859375 0.11186030312499999 0.0748382328125 0.087149459375 0.034105234375 0.0859798578125
3 0.0725978046875 0.0804636140625 0.071526928125 0.108330184375 0.11722308749999999 0.1130370265625 0.11457403749999999 0.087149459375 0.0725978046875 0.0804636140625
3 0.1166780046875 0.08708310625 0.116560834375 0.109506890625 0.15960798125 0.11186030312499999 0.1576211453125 0.087149459375 0.1166780046875 0.08708310625
3 0.1713126171875 0.09480584843749999 0.1715286921875 0.11186030312499999 0.21523809218749998 0.11186030312499999 0.21457580156249997 0.0906795765625 0.1713126171875 0.09480584843749999
3 0.22780977500000002 0.0937026 0.224509753125 0.1130370265625 0.27020595 0.1130370265625 0.27020595 0.088326165625 0.22780977500000002 0.0937026
3 0.2822114765625 0.0911194796875 0.2812654328125 0.11646608750000001 0.32465857656249997 0.11646608750000001 0.323323346875 0.0927427703125 0.2822114765625 0.0911194796875
0 0.33853695156249997 0.1411647625 0.33934545781250003 0.23271038281249998 0.4247965953125 0.23389659843750002 0.4247965953125 0.1354447796875 0.33853695156249997 0.1411647625
3 0.33853695156249997 0.092231596875 0.33867788125 0.11053526250000001 0.38207106562500004 0.1140937578125 0.3827386421875 0.08681194375 0.33853695156249997 0.092231596875
3 0.38359732968750004 0.092231596875 0.38340621874999997 0.11053526250000001 0.423461440625 0.11646608750000001 0.42613174843749996 0.0903704390625 0.38359732968750004 0.092231596875
3 0.439296965625 0.092231596875 0.4394835140625 0.11172144375 0.48220912031249996 0.11646608750000001 0.48154146718749996 0.0927427703125 0.439296965625 0.092231596875
3 0.4956224390625 0.0911194796875 0.49422565625 0.11527995625000001 0.5369512624999999 0.11527995625000001 0.537618840625 0.0927427703125 0.4956224390625 0.0911194796875
3 0.5513220750000001 0.092231596875 0.550302953125 0.11646608750000001 0.5936961359375 0.11765225312500001 0.596366596875 0.08918427500000001 0.5513220750000001 0.092231596875
3 0.6038925171875 0.0944558328125 0.6037099421875001 0.1140937578125 0.6491058546875 0.11646608750000001 0.6491058546875 0.0915566046875 0.6038925171875 0.0944558328125
0 0.6182868046875 0.143388996875 0.6150589015625 0.2410135546875 0.7338894140625001 0.2362688953125 0.738562528125 0.14018942343750002 0.6182868046875 0.143388996875
3 0.6502045734374999 0.0944558328125 0.6491058546875 0.11765225312500001 0.6951693453125001 0.121210815625 0.69450176875 0.09867359375 0.6502045734374999 0.0944558328125
3 0.737227375 0.0951151 0.694013275 0.093343715625 0.6931666921875 0.11646608750000001 0.73522456875 0.11646608750000001 0.737227375 0.0951151
2 0.04314113125 0.2757309640625 0.0436044046875 0.30269420625 0.738562528125 0.3109974125 0.7405652593750001 0.287274078125 0.04314113125 0.2757309640625
0 0.04314113125 0.29908542968749996 0.046942328125 0.391656671875 0.1570941890625 0.39047048906250004 0.1550914203125 0.2955771828125 0.04314113125 0.29908542968749996
3 0.041263615625 0.2557128515625 0.0422692125 0.273040028125 0.0996817015625 0.2754123921875 0.099014125 0.25050287656250003 0.041263615625 0.2557128515625
1 0.040637778125 0.23124626875 0.0395988671875 0.249316728125 0.1070251609375 0.25050287656250003 0.10635758437500001 0.22796579062500003 0.040637778125 0.23124626875
1 0.1076025078125 0.23124626875 0.1070251609375 0.249316728125 0.663125275 0.2564337171875 0.662457621875 0.231524234375 0.1076025078125 0.23124626875
1 0.663973021875 0.2334705046875 0.6644603515624999 0.2564337171875 0.731886684375 0.2671092203125 0.73121903125 0.23745504374999998 0.663973021875 0.2334705046875
3 0.101344121875 0.2523764984375 0.10034927812500001 0.273040028125 0.155758996875 0.2754123921875 0.1530886515625 0.2552475359375 0.101344121875 0.2523764984375
3 0.16017295 0.25682496875 0.1590969578125 0.2777846890625 0.2125039078125 0.276598540625 0.2138391 0.2516890921875 0.16017295 0.25682496875
3 0.22025345624999998 0.2523764984375 0.22051494531250002 0.2789708703125 0.2765922796875 0.280157053125 0.273921934375 0.2576199 0.22025345624999998 0.2523764984375
3 0.29159905625000004 0.2523764984375 0.2912792375 0.2742262109375 0.3453537265625 0.2825293828125 0.3446861875 0.2576199 0.29159905625000004 0.2523764984375
3 0.3623188171875 0.2523764984375 0.36137587656250003 0.2789708703125 0.41545036562500004 0.2849017140625 0.4174531734375 0.2576199 0.3623188171875 0.2523764984375
3 0.4247965953125 0.2552475359375 0.427466978125 0.2789708703125 0.48020631406250003 0.28371553125000004 0.48020631406250003 0.2576199 0.4247965953125 0.2552475359375
3 0.49749995468749997 0.2557128515625 0.49756361718750003 0.280157053125 0.546297415625 0.2849017140625 0.5489678 0.2599921953125 0.49749995468749997 0.2557128515625
3 0.556954621875 0.2579370859375 0.5563112203125 0.2825293828125 0.6143913234375 0.2860878609375 0.6150589015625 0.26236455937500003 0.556954621875 0.2579370859375
3 0.6295518999999999 0.2579370859375 0.62907824375 0.2849017140625 0.6878259234375 0.28371553125000004 0.687158346875 0.261178378125 0.6295518999999999 0.2579370859375
0 0.6220418359375001 0.31020660312500004 0.6203995921875001 0.40114599218749997 0.7358921453125 0.3999598765625 0.73923010625 0.3109974125 0.6220418359375001 0.31020660312500004
3 0.6877548890625 0.2657219078125 0.6884935 0.2849017140625 0.7412328359375 0.2825293828125 0.7412328359375 0.264736890625 0.6877548890625 0.2657219078125
0 0.34166614375000004 0.30464601562500004 0.34268338125 0.39521514999999996 0.427466978125 0.3940290359375 0.42613174843749996 0.3109974125 0.34166614375000004 0.30464601562500004
2 0.057038595312499996 0.42841838125000004 0.058341521875 0.45414983906249995 0.7300216875000001 0.4694734484375 0.72900708125 0.4496429125 0.057038595312499996 0.42841838125000004
3 0.05315455 0.4114092828125 0.0542857875 0.434358646875 0.099014125 0.43317249843749994 0.0956761640625 0.41538000625000004 0.05315455 0.4114092828125
1 0.0487736796875 0.395839640625 0.048945096874999997 0.4141938234375 0.099014125 0.41538000625000004 0.098346509375 0.391656671875 0.0487736796875 0.395839640625
1 0.11073170000000002 0.39250328749999996 0.111698275 0.4106353125 0.6571169296875 0.4213108140625 0.6564494296875 0.3999598765625 0.11073170000000002 0.39250328749999996
1 0.663973021875 0.40251234374999995 0.6644603515624999 0.422496996875 0.73522456875 0.422496996875 0.7332219140625 0.4023321734375 0.663973021875 0.40251234374999995
3 0.096512225 0.41658673281249997 0.09638983906250001 0.4318880703125 0.1369747609375 0.433690846875 0.1369747609375 0.4156630625 0.096512225 0.41658673281249997
3 0.1388393703125 0.41743185 0.1384967015625 0.4363949984375 0.17857429062500002 0.4381978 0.176545046875 0.4147616875 0.1388393703125 0.41743185
3 0.18821323125 0.41115610937499997 0.185676684375 0.434592221875 0.2282907921875 0.4363949984375 0.22778348906249998 0.41656446249999995 0.18821323125 0.41115610937499997
3 0.24299268281250003 0.4140513796875 0.24249549531249998 0.434592221875 0.2866316 0.43909917500000006 0.2866316 0.4147616875 0.24299268281250003 0.4140513796875
3 0.296258303125 0.4140513796875 0.2947486015625 0.434592221875 0.3404066453125 0.43909917500000006 0.33939198125000003 0.4147616875 0.296258303125 0.4140513796875
3 0.349999509375 0.41743185 0.3495381671875 0.434592221875 0.39164505781250003 0.44270472656250004 0.39063039375 0.42017001406250004 0.349999509375 0.41743185
3 0.39185106875 0.41658673281249997 0.39164505781250003 0.4409019515625 0.4342591953125 0.4418033515625 0.43476649843750004 0.42197281562500005 0.39185106875 0.41658673281249997
3 0.4408364171875 0.419967203125 0.4428834703125 0.44000060156250004 0.48549760781250006 0.445408903125 0.48397569687499997 0.42107138906249997 0.4408364171875 0.419967203125
3 0.4971657625 0.42107138906249997 0.496658459375 0.443606128125 0.5367361359375 0.446310278125 0.536228775 0.41656446249999995 0.4971657625 0.42107138906249997
3 0.55164793125 0.420812321875 0.5529700234375 0.4409019515625 0.5940622484375 0.446310278125 0.592540396875 0.422874165625 0.55164793125 0.420812321875
3 0.6006332796875 0.42165743906250003 0.6006573109375 0.443606128125 0.6442860546875 0.44721167968750003 0.6442860546875 0.42017001406250004 0.6006332796875 0.42165743906250003
3 0.64438718125 0.42165743906250003 0.6447933578125 0.446037334375 0.6863929453125001 0.4478401359375 0.6853782796875 0.4198970703125 0.64438718125 0.42165743906250003
3 0.68528756875 0.42165743906250003 0.6858855828125 0.44513595937500006 0.724441290625 0.4469387359375 0.7259632015624999 0.4198970703125 0.68528756875 0.42165743906250003
0 0.057038595312499996 0.4579975046875 0.06239999375000001 0.5397817859375 0.1658914984375 0.5469928890625 0.1638622546875 0.45955816718750003 0.057038595312499996 0.4579975046875
0 0.36120638125000004 0.46406512031249997 0.3622209890625 0.5469928890625 0.445420046875 0.5460915140625 0.44491274374999995 0.46316374531250004 0.36120638125000004 0.46406512031249997
0 0.6158520281250001 0.46729380000000004 0.6163839531249999 0.5542040187499999 0.7269778671875 0.5514998421875 0.7295144421875001 0.47127624843750004 0.6158520281250001 0.46729380000000004
2 0.0698794140625 0.582229821875 0.0684877375 0.5999019 0.7239339296875 0.6179296843750001 0.724441290625 0.5917893953125 0.0698794140625 0.582229821875
3 0.0646479703125 0.560256759375 0.06493655468750001 0.582147059375 0.114145753125 0.5830484593749999 0.1126238140625 0.5614151484375001 0.0646479703125 0.560256759375
1 0.0632212125 0.5441995203125 0.0634146296875 0.5623164984375 0.1263212125 0.5614151484375001 0.1263212125 0.547894315625 0.0632212125 0.5441995203125
1 0.1250473796875 0.548425109375 0.12530660625 0.5632178984375 0.6630565749999999 0.5695276265625 0.66204196875 0.547894315625 0.1250473796875 0.548425109375
3 0.6719711640625 0.570398171875 0.67117360625 0.5974706921874999 0.724441290625 0.5983720671875 0.7249485375 0.5767387312500001 0.6719711640625 0.570398171875
1 0.6653129609375 0.5526506984374999 0.662549271875 0.5695276265625 0.7107438640625 0.5740345546875 0.7112511671874999 0.55240126875 0.6653129609375 0.5526506984374999
3 0.114108903125 0.5627921125 0.11363844999999999 0.581245684375 0.162847678125 0.5857526109375 0.1613257078125 0.5659221015625 0.114108903125 0.5627921125
3 0.17641065625000002 0.5636372296875 0.1760377140625 0.581245684375 0.22727615625 0.5875553874999999 0.226768853125 0.5659221015625 0.17641065625000002 0.5636372296875
3 0.2401391671875 0.5636372296875 0.2404662515625 0.5857526109375 0.289168146875 0.5875553874999999 0.2886608421875 0.5686262265625001 0.2401391671875 0.5636372296875
3 0.3076723640625 0.565327465625 0.30743139375 0.5875553874999999 0.3576551984375 0.5875553874999999 0.35866980625 0.5686262265625001 0.3076723640625 0.565327465625
3 0.3675961875 0.565327465625 0.3672940828125 0.5848512359375 0.41853255312500004 0.5875553874999999 0.4175178875 0.570429028125 0.3675961875 0.565327465625
3 0.43608055781250005 0.565327465625 0.4357811046875 0.5866540109375 0.48549760781250006 0.5884568125 0.48600502656250005 0.5668234515624999 0.43608055781250005 0.565327465625
3 0.49838231093749996 0.570398171875 0.4971657625 0.5902595640625 0.542823778125 0.5902595640625 0.542316475 0.570429028125 0.49838231093749996 0.570398171875
3 0.5597328921875 0.571243290625 0.5600723890625 0.5875553874999999 0.6118181625 0.5920623390624999 0.6118181625 0.5731331796875 0.5597328921875 0.571243290625
3 0.6201323015625 0.5695530546875001 0.620442496875 0.5920623390624999 0.6716808515625 0.5965692921875 0.6716808515625 0.570429028125 0.6201323015625 0.5695530546875001
0 0.0698794140625 0.6050480015625 0.073053528125 0.68102689375 0.17705235 0.6873366484375001 0.1750231078125 0.605310228125 0.0698794140625 0.6050480015625
0 0.3533286109375 0.6075833562499999 0.3551186234375 0.6918436015625 0.4357811046875 0.6945477265625 0.436288409375 0.6080144046875 0.3533286109375 0.6075833562499999
0 0.6134740984375 0.6126540625 0.611310859375 0.696350528125 0.7183535328125 0.6999560546875 0.7234266265625 0.6161269093749999 0.6134740984375 0.6126540625
2 0.0659265734375 0.7229549390625001 0.0661696765625 0.7463328828125 0.7156322859375 0.75825308125 0.7168518875000001 0.7376636375000001 0.0659265734375 0.7229549390625001
1 0.07225734375000001 0.6827988406250001 0.0735608609375 0.6999560546875 0.1324089421875 0.707167184375 0.1344381859375 0.6873366484375001 0.07225734375000001 0.6827988406250001
1 0.134559096875 0.6853341937499999 0.1344381859375 0.7062657828125001 0.6539249953125 0.7170824640625 0.6544323000000001 0.6945477265625 0.134559096875 0.6853341937499999
1 0.654850071875 0.696320725 0.6544323000000001 0.7161810625 0.7158169562500001 0.7161810625 0.7163242609375 0.696350528125 0.654850071875 0.696320725
0 0.06729845625 0.7461144171874999 0.0716580921875 0.827607003125 0.173498684375 0.8265233890625 0.172888884375 0.7463328828125 0.06729845625 0.7461144171874999
3 0.0670259 0.7005463140625 0.06493655468750001 0.7267248015625001 0.104506840625 0.7276262015625 0.1034922046875 0.707795615625 0.0670259 0.7005463140625
3 0.1026948421875 0.7022365484375 0.1050141453125 0.7249220249999999 0.14356979375 0.7276262015625 0.143062490625 0.7095984421875 0.1026948421875 0.7022365484375
3 0.144070815625 0.70730725625 0.145091734375 0.7240206234375 0.186183959375 0.7285275765625 0.1866912625 0.7059928390625 0.144070815625 0.70730725625
3 0.1963852640625 0.70730725625 0.1937936296875 0.7276262015625 0.234378521875 0.730330353125 0.233871246875 0.7123025671875001 0.1963852640625 0.70730725625
3 0.24679737031250001 0.710687728125 0.24706131406249998 0.7285275765625 0.28967547968749996 0.731231728125 0.28764620625 0.7114011921875 0.24679737031250001 0.710687728125
3 0.29863623281249996 0.7081523734374999 0.3003289984375 0.7294289515625 0.3419284984375 0.7294289515625 0.3409138921875 0.7114011921875 0.29863623281249996 0.7081523734374999
0 0.35059217187499997 0.7534279374999999 0.35034763281250003 0.8286906921874999 0.43267386874999997 0.8286906921874999 0.43267386874999997 0.7495839109375 0.35059217187499997 0.7534279374999999
3 0.3495239234375 0.7115328453124999 0.3495381671875 0.7294289515625 0.3896157859375 0.731231728125 0.388093875 0.7114011921875 0.3495239234375 0.7115328453124999
3 0.389948725 0.7115328453124999 0.3901230890625 0.7294289515625 0.43172261875 0.7330345046875 0.43172261875 0.7141053687500001 0.389948725 0.7115328453124999
3 0.439409659375 0.710687728125 0.4398395921875 0.7294289515625 0.4814391203125 0.7330345046875 0.4814391203125 0.71500674375 0.439409659375 0.710687728125
3 0.49112555156250004 0.71569971875 0.49168467812500005 0.7308962546875 0.5319606171875 0.7344306328125 0.5309661203125 0.71587534375 0.49112555156250004 0.71569971875
3 0.5442588359375 0.71569971875 0.543397003125 0.7335469921875 0.584667371875 0.7353141515625 0.5836730109375 0.7132246046875 0.5442588359375 0.71569971875
3 0.5929177375 0.71569971875 0.5931204 0.7353141515625 0.6343907703125 0.7353141515625 0.6333963390624999 0.71587534375 0.5929177375 0.71569971875
0 0.6050763578125 0.757084696875 0.6058639703125 0.8373599 0.713192915625 0.8427781921875 0.7162420453125 0.756085778125 0.6050763578125 0.757084696875
3 0.633187175 0.71569971875 0.6333963390624999 0.7353141515625 0.6746667093750001 0.7388485593749999 0.6731750984375 0.71587534375 0.633187175 0.71569971875
3 0.6740159078125 0.71470584375 0.6736722796875 0.7353141515625 0.7179261421875001 0.7379649203125 0.7169315765625 0.7176425015625 0.6740159078125 0.71470584375
2 0.076174790625 0.8657212187500001 0.075806440625 0.88203925 0.7098634968749999 0.901634378125 0.7108659203125 0.8811485671874999 0.076174790625 0.8657212187500001
0 0.074483409375 0.884756621875 0.07831258437500001 0.9568568531249999 0.1835710765625 0.9577475046874999 0.1790599984375 0.8811485671874999 0.074483409375 0.884756621875
3 0.074483409375 0.8436802265625 0.0748039828125 0.8615535609375 0.121919675 0.8633348640625 0.1209172171875 0.84819326875 0.074483409375 0.8436802265625
1 0.07210004375 0.822906371875 0.0716580921875 0.8438618796874999 0.13812890312499998 0.8471128703125 0.136909259375 0.827607003125 0.07210004375 0.822906371875
1 0.1393222828125 0.822906371875 0.13812890312499998 0.84494549375 0.6491613703125 0.8601166812500001 0.6497712140624999 0.8373599 0.1393222828125 0.822906371875
0 0.6005029015625001 0.8997845718749999 0.5990915390625 0.9719984796875 0.7038486796875 0.9755612078125001 0.7083597578124999 0.8989622703125001 0.6005029015625001 0.8997845718749999
3 0.6636477921874999 0.8557025859375 0.6622465578125001 0.8766951265625 0.70936231875 0.8811485671874999 0.7108659203125 0.8615535609375 0.6636477921874999 0.8557025859375
1 0.6496625359375 0.8387523296875001 0.65038105625 0.85903299375 0.7138027578125 0.8612002953125 0.7144126015625 0.8384435874999999 0.6496625359375 0.8387523296875001
3 0.122405871875 0.8456839531250001 0.12141844531249998 0.8615535609375 0.1700378421875 0.8624441828125 0.1705390546875 0.8446304781249999 0.122405871875 0.8456839531250001
3 0.1832955875 0.8456839531250001 0.18256861875 0.867788275 0.2321905078125 0.8704603828125 0.23269168437499999 0.8473025249999999 0.1832955875 0.8456839531250001
3 0.25320600312499997 0.8446820890625 0.254244615625 0.8668975921875001 0.3013603078125 0.866006971875 0.3018615546875 0.8473025249999999 0.25320600312499997 0.8446820890625
3 0.31071295625 0.8476876796875 0.3113849546875 0.8686789562499999 0.3579994015625 0.8668975921875001 0.3585006484375 0.851755965625 0.31071295625 0.8476876796875
0 0.35412506875 0.8887640749999999 0.35298711250000003 0.9675450375000001 0.43318401875 0.964873021875 0.4341865109375 0.8891647375 0.35412506875 0.8887640749999999
3 0.3710388796875 0.8506932687500001 0.3705301765625 0.867788275 0.41814711562499995 0.872241715625 0.41814711562499995 0.84819326875 0.3710388796875 0.8506932687500001
3 0.4341837703125 0.8516951328125 0.4341865109375 0.8704603828125 0.4787960421875 0.8731323984375001 0.4792972875 0.852646709375 0.4341837703125 0.8516951328125
3 0.4933821046875 0.8516951328125 0.4928305203125 0.872241715625 0.54094870625 0.8775858078125 0.54094870625 0.8562094078125 0.4933821046875 0.8516951328125
3 0.550325265625 0.8567044484374999 0.550973284375 0.8749138234375 0.5990915390625 0.878476490625 0.5995927156249999 0.8562094078125 0.550325265625 0.8567044484374999
3 0.611778775 0.8597100390625 0.6116222796875 0.879367234375 0.6642515421875 0.8811485671874999 0.663750228125 0.8624441828125 0.611778775 0.8597100390625
1 0.0833248921875 0.9559661390624999 0.0823224328125 0.9746705562500001 0.137959053125 0.978233284375 0.13946275625 0.9586382171875 0.0833248921875 0.9559661390624999
1 0.14044726875 0.9558889171875 0.13846029843750002 0.9746705562500001 0.6416961546875 0.9933749109375001 0.6431997546875 0.9693264015624999 0.14044726875 0.9558889171875
1 0.6427874265625 0.9689131390625001 0.6426985078125 0.9889215312499999 0.6973326875 0.9933749109375001 0.698836425 0.978233284375 0.6427874265625 0.9689131390625001