3 0.06085104375 0.14101783125 0.060418324999999995 0.1673795890625 0.695299690625 0.1956658078125 0.6959364734375 0.17077398125 0.06085104375 0.14101783125
0 0.0620449828125 0.1993627234375 0.0667862171875 0.2941018765625 0.11836636250000002 0.2974962375 0.11581919843749999 0.1956658078125 0.0620449828125 0.1993627234375
2 0.06264195156249999 0.1717815015625 0.0629654890625 0.1956658078125 0.11581919843749999 0.19453434375 0.11390881562499999 0.174168278125 0.06264195156249999 0.1717815015625
0 0.36411135781250004 0.2110317015625 0.3641680125 0.3076792875 0.42020563125 0.311073615625 0.41956885 0.2092431859375 0.36411135781250004 0.2110317015625
2 0.36052954375 0.18238966406249998 0.360347246875 0.213768978125 0.4189320671875 0.2171633390625 0.4182952859375 0.186614190625 0.36052954375 0.18238966406249998
0 0.6416352765625 0.2241368125 0.636262646875 0.3168244328125 0.6873650984374999 0.319382178125 0.6938428625 0.22474687499999998 0.6416352765625 0.2241368125
2 0.6424459828125 0.1922714484375 0.6405356359375001 0.2205577 0.6946629093750001 0.2216891640625 0.6940261999999999 0.1956658078125 0.6424459828125 0.1922714484375
3 0.0655976765625 0.32157756875 0.0652566890625 0.3432359 0.67784458125 0.3655878640625 0.6805793062500001 0.3422641171875 0.0655976765625 0.32157756875
1 0.068778759375 0.2972770359375 0.06765739062500001 0.3219398859375 0.6873650984374999 0.3385650046875 0.6873650984374999 0.315545596875 0.068778759375 0.2972770359375
0 0.07072516718750001 0.37260234375 0.0740079671875 0.46509730625 0.124327665625 0.4680127921875 0.12323377499999999 0.3708303328125 0.07072516718750001 0.37260234375
2 0.0655976765625 0.3480011125 0.065803665625 0.3708303328125 0.12049900312499999 0.3708303328125 0.12049900312499999 0.3455628421875 0.0655976765625 0.3480011125
0 0.35530084375 0.38171391093749996 0.3545950640625 0.47413800781250004 0.40929041718750003 0.47705346562499995 0.40983736249999997 0.38278645 0.35530084375 0.38171391093749996
2 0.3535012046875 0.35430928437500003 0.35295419687499996 0.37860489531249997 0.40655562968750003 0.38249220625 0.40710257343749995 0.3581965796875 0.3535012046875 0.35430928437500003
0 0.625337103125 0.38958923125 0.6236961421875 0.4751098171875 0.6745629109375 0.47802533125 0.678938471875 0.3925047171875 0.625337103125 0.38958923125
2 0.62193030625 0.3616684640625 0.6242431500000001 0.39123860625 0.6805793062500001 0.389294959375 0.6805793062500001 0.36694298125 0.62193030625 0.3616684640625
3 0.08303114218749999 0.49105271406249995 0.083306159375 0.5146603671875 0.67510979375 0.5204913109375 0.676750628125 0.49716756562500003 0.08303114218749999 0.49105271406249995
1 0.08251839375 0.46462917031249995 0.084947040625 0.48482805625000003 0.6718281234375 0.5071800765625001 0.6718281234375 0.4789971125 0.08251839375 0.46462917031249995
0 0.0845693890625 0.5347882359375 0.0909635 0.6293357 0.1412832296875 0.6283639171875001 0.13964239375 0.5389559796875 0.0845693890625 0.5347882359375
2 0.08303114218749999 0.512920475 0.083306159375 0.53798416875 0.13909541718750001 0.5408996828125 0.138548471875 0.517575853125 0.08303114218749999 0.512920475
0 0.364530325 0.53752170625 0.36662804375 0.6264202421875 0.415306875 0.6283639171875001 0.41694777343749995 0.5408996828125 0.364530325 0.53752170625
2 0.362479328125 0.5192985734375 0.3633463109375 0.5399278171875 0.41858860781249996 0.5438151125 0.41858860781249996 0.523406796875 0.362479328125 0.5192985734375
0 0.623468553125 0.542988646875 0.623149196875 0.6225329187499999 0.671281115625 0.6225329187499999 0.6762036828125 0.5408996828125 0.623468553125 0.542988646875
2 0.6250068 0.516565103125 0.6226023140625 0.5418714640625 0.67510979375 0.54478695 0.6745629109375 0.517575853125 0.6250068 0.516565103125
3 0.0907223765625 0.6505051374999999 0.09151045937499999 0.6662650625000001 0.6679993828125 0.6614059015625 0.6669054921875001 0.6380821562500001 0.0907223765625 0.6505051374999999
1 0.093286121875 0.632282003125 0.0953391375 0.6497440703125 0.6690933968749999 0.6429412890624999 0.6696402796875 0.6215611078125 0.093286121875 0.632282003125
0 0.092773371875 0.6933295015625001 0.10135564374999999 0.7673348609375 0.14729971875 0.77122215625 0.14237715 0.687645271875 0.092773371875 0.6933295015625001
2 0.091235125 0.6678171140625 0.09260436562499999 0.692504378125 0.14456493125 0.6915325125 0.1429240953125 0.6672369296875 0.091235125 0.6678171140625
0 0.362992078125 0.682395621875 0.3633463109375 0.7615038890625 0.41257215 0.760532134375 0.4120252046875 0.6808424359374999 0.362992078125 0.682395621875
2 0.3619665796875 0.6669059578125001 0.3611584984375 0.6808424359374999 0.41257215 0.6818142453125 0.41257215 0.6701523593750001 0.3619665796875 0.6669059578125001
0 0.617315565625 0.6878625625 0.617679684375 0.7615038890625 0.66252986875 0.763447565625 0.666358609375 0.6818142453125 0.617315565625 0.6878625625
2 0.6168028156250001 0.6614390171875 0.6171328015624999 0.685701540625 0.666358609375 0.6827861109375 0.6685463265625 0.6594622828125 0.6168028156250001 0.6614390171875
3 0.1081558421875 0.785356328125 0.10791906250000001 0.8065911109374999 0.6576073 0.7959010328125 0.6570603546875 0.7735490984375 0.1081558421875 0.785356328125
1 0.10251560312500001 0.7680443515625 0.106825171875 0.7896868796875001 0.658701190625 0.7751095078125 0.6581543078125 0.7624757 0.10251560312500001 0.7680443515625
0 0.10251560312500001 0.8309141640625001 0.10901296875 0.9096046109374999 0.15769183125 0.91154823125 0.153863153125 0.8279712640625 0.10251560312500001 0.8309141640625001
2 0.10405385 0.8090464031250001 0.1040904 0.826027615625 0.1544100984375 0.8299149124999999 0.154957075 0.8085347578125001 0.10405385 0.8090464031250001
0 0.362992078125 0.8245360671874999 0.3644402625 0.9018299640624999 0.4120252046875 0.9018299640624999 0.4120252046875 0.8192248359375001 0.362992078125 0.8245360671874999
2 0.362992078125 0.8044906203125001 0.3638932875 0.82505580625 0.413666103125 0.8221403484375 0.41421298437500004 0.7997883578125 0.362992078125 0.8044906203125001
0 0.612700825 0.81633565625 0.610569271875 0.8901680781250001 0.6532316765624999 0.8901680781250001 0.658701190625 0.817281215625 0.612700825 0.81633565625
2 0.6132135734374999 0.7962902093750001 0.6116632875 0.8163093765625 0.6581543078125 0.817281215625 0.65979508125 0.7939573859375 0.6132135734374999 0.7962902093750001
1 0.1102068375 0.9101847968750001 0.111747740625 0.9261256031249999 0.6504968890625 0.9037735843749999 0.652137725 0.8891962390625 0.1102068375 0.9101847968750001