2 1 0.8106535875 0.317524159375 0.7132622203125 0.3179088203125 0.7297384921875001 1 0.8334853343749999 1 0.8106535875
0 1 0.712714934375 0.8965127484375 0.6999296187499999 0.8999822406250001 0.8017648890625001 1 0.8129186734375 1 0.712714934375
3 1 0.8337193390625 0.9802466921875 0.8306018749999999 0.9808349968750001 0.8558009312499999 1 0.8595996609375 1 0.8337193390625
3 0.9315579875 0.826523525 0.9320784109375 0.8488149500000001 0.9803065375 0.8577612203125 0.9797451453124999 0.8325053015625 0.9315579875 0.826523525
3 0.881160996875 0.8194327609375 0.8806556562500001 0.8445619437499999 0.9302887625 0.8497284859375 0.9310111859375001 0.8264885906250001 0.881160996875 0.8194327609375
3 0.8268910578125 0.8101590921874999 0.8269778156250001 0.8372615546875 0.87622578125 0.843855915625 0.8746218796875 0.8199827421875 0.8268910578125 0.8101590921874999
3 0.7683145484375 0.8035135078125 0.7688802265625 0.8277433640625 0.8159253468750001 0.8339569453125 0.8165695453125 0.8124028750000001 0.7683145484375 0.8035135078125
3 0.710763759375 0.794030215625 0.7117857296875 0.8144182328125 0.7576757859375001 0.824189 0.7568541343749999 0.8037490421875001 0.710763759375 0.794030215625
0 0.605726853125 0.6629646921875 0.6056439296875 0.752960015625 0.6963291796875 0.7694790453125 0.6945136640625 0.67734684375 0.605726853125 0.6629646921875
3 0.6510257234375 0.7844072015625 0.6515461453125 0.8066986281249999 0.69808725 0.8155448109375 0.6987565453125 0.7942308515625001 0.6510257234375 0.7844072015625
3 0.6076919375000001 0.7758322046874999 0.608189734375 0.7971544671874999 0.650775703125 0.8064756703124999 0.6520966984375 0.7835078734375001 0.6076919375000001 0.7758322046874999
3 0.5552503265625 0.7705463171875 0.5562496703125 0.7899651375000001 0.5980234234374999 0.7982682343749999 0.5975130515625 0.780020640625 0.5552503265625 0.7705463171875
3 0.4998414890625 0.7592643828125001 0.5003619140625 0.7815558453125 0.5425083671875 0.7886749921875 0.54483830625 0.76891338125 0.4998414890625 0.7592643828125001
3 0.45058335625 0.7541818828125 0.451058525 0.7745349296875 0.49180696562500004 0.7805985828125 0.49120567812499993 0.7635514031249999 0.45058335625 0.7541818828125
3 0.398545959375 0.7469863140624999 0.3974259375 0.769172990625 0.4411621140625 0.7749443890625 0.44178915312499994 0.7516845359375 0.398545959375 0.7469863140624999
0 0.3203411734375 0.6234415328125 0.3180936296875 0.714266334375 0.425905646875 0.725025221875 0.42660325468750004 0.637972409375 0.3203411734375 0.6234415328125
3 0.3557363921875 0.73747709375 0.35580048125 0.763610353125 0.3973817953125 0.7709380593749999 0.3968828859375 0.7459123296875 0.3557363921875 0.73747709375
3 0.31468040468749997 0.7329186078125 0.3141298515625 0.75610938125 0.3552989765625 0.7655138546875 0.3569657578125 0.7433621109375 0.31468040468749997 0.7329186078125
2 1 0.63989035625 0.317948584375 0.5588576625 0.31854447812500003 0.5843816734375 1 0.6644686140625 1 0.63989035625
1 1 0.694824384375 0.9475282140625 0.6867371531249999 0.9469097812499999 0.70702035 1 0.7128352484375 1 0.694824384375
1 0.382315421875 0.611916971875 0.3838615671875 0.631370725 0.9426474390624999 0.7066112125 0.9431537203125 0.686457675 0.382315421875 0.611916971875
1 0.32704242968749997 0.6064501921875001 0.3263334046875 0.62285663125 0.3811695671875 0.6320419562499999 0.38072022968749997 0.6137505625 0.32704242968749997 0.6064501921875001
3 1 0.665573684375 0.9698380421874999 0.660097753125 0.971018403125 0.6872701546875 1 0.693678521875 1 0.665573684375
0 1 0.5425695 0.8890048531250001 0.5311169328124999 0.8923974109374999 0.6271604984375 1 0.6370858187499999 1 0.5425695
3 0.927186884375 0.6573728609375 0.9271378796875 0.678660209375 0.966720740625 0.68517248125 0.9661461328125001 0.6656684 0.927186884375 0.6573728609375
3 0.8784755546874999 0.6523253328124999 0.8790864859375 0.6784935484375 0.9250195734375 0.6825082828125 0.923404446875 0.6590667140625001 0.8784755546874999 0.6523253328124999
3 0.8204458421874999 0.6457146640625 0.8182322187500001 0.6678314875 0.8654593125 0.6750752015625 0.8658989125 0.6515218375 0.8204458421874999 0.6457146640625
3 0.75963683125 0.6369909609375 0.7606814296875 0.658348178125 0.807209753125 0.66530725625 0.8067982265625 0.6458105171875 0.75963683125 0.6369909609375
3 0.6999440484375 0.6293063437499999 0.6999403 0.6525320515625 0.74764949375 0.6578741765625 0.7476069921875 0.6362224015625 0.6999440484375 0.6293063437499999
0 0.604263253125 0.50476993125 0.6040090921875 0.5924250515625 0.692294271875 0.601504671875 0.6907606921875 0.5143737828125 0.604263253125 0.50476993125
3 0.64681296875 0.6220409046875 0.6456929890625001 0.6442275640624999 0.6915639109375 0.6530816875000001 0.691787159375 0.6307207234375001 0.64681296875 0.6220409046875
3 0.60295505 0.6144001718750001 0.6024723796875 0.640498559375 0.6449359875 0.644056221875 0.6457419921875001 0.622940215625 0.60295505 0.6144001718750001
3 0.5488501171875 0.6098139359375 0.5493659609375 0.6319091765625 0.59305199375 0.63919573125 0.5929995109374999 0.6170470203125 0.5488501171875 0.6098139359375
3 0.4989004875 0.6029457140625001 0.499416328125 0.6250409546875 0.5415356124999999 0.6322285828124999 0.5417688843749999 0.60862613125 0.4989004875 0.6029457140625001
3 0.449816290625 0.5976036078125 0.4494838921875 0.61890925625 0.4910582296875 0.6253278124999999 0.4923035578125 0.6047305015625 0.449816290625 0.5976036078125
3 0.396525209375 0.5897865078125 0.396659946875 0.613328225 0.44166281874999996 0.62033410625 0.441107321875 0.5977826359375 0.396525209375 0.5897865078125
0 0.3205783640625 0.4744126890625 0.3173725375 0.5588208609375 0.4233257390625 0.5690341937500001 0.4239231859375 0.49120951562500004 0.3205783640625 0.4744126890625
3 0.35786366406250003 0.586581078125 0.35716735625 0.6100697015625001 0.3974624 0.6156722968749999 0.39739064687500003 0.591312625 0.35786366406250003 0.586581078125
3 0.31999884375 0.581955753125 0.3180730625 0.6061012265625 0.35689847812500003 0.611242815625 0.3579324453125 0.5895271234374999 0.31999884375 0.581955753125
2 1 0.46961447500000003 0.6867890812499999 0.4428001453125 0.533640878125 0.43607413125 0.3196774625 0.411190625 0.3195782140625 0.4315729765625 1 0.4983582734375 1 0.46961447500000003
1 1 0.5215798765625 0.9409215703125 0.51302563125 0.940822278125 0.533407978125 1 0.5419857343750001 1 0.5215798765625
1 0.38243035625 0.46307276249999996 0.38343535625 0.4814867078125 0.9402755781250001 0.5358188359375 0.9391935546875001 0.5129152328125001 0.38243035625 0.46307276249999996
0 0.32014623124999997 0.3327241828125 0.3191015015625 0.41115382812499995 0.4257117609375 0.42000388437499997 0.42558064375000004 0.34047961875 0.32014623124999997 0.3327241828125
3 0.32070638906250004 0.4306256734375 0.3200787625 0.4530131421875 0.3682537921875 0.458509171875 0.36803486093750004 0.437727140625 0.32070638906250004 0.4306256734375
1 0.318973475 0.454940884375 0.3178651421875 0.4813754 0.3846329375 0.4824855859375 0.38351086093750003 0.4600834984375 0.318973475 0.454940884375
0 1 0.37837257343749997 0.8847352781250001 0.3728723203125 0.8886323328125 0.4658898234375 1 0.47334232187499997 1 0.37837257343749997
3 1 0.496343159375 0.95938183125 0.49075802968750004 0.960025390625 0.5183238078125 1 0.5206241375 1 0.496343159375
3 0.9011567546875 0.4849992765625 0.9017526453125001 0.5105232109375 0.9570525218749999 0.51523458125 0.9571254343750001 0.492652671875 0.9011567546875 0.4849992765625
3 0.8331632499999999 0.4796358203125 0.832007246875 0.5040284875000001 0.8878002265625 0.5057146484375 0.8873800812500001 0.4861579921875 0.8331632499999999 0.4796358203125
3 0.7651220796875 0.4722305984375 0.765741803125 0.49877547499999997 0.815786525 0.5011138484375001 0.8153068250000001 0.4784950109375 0.7651220796875 0.4722305984375
3 0.691392315625 0.46752016249999995 0.6919882046875 0.49304409531250004 0.7465937984375 0.494145496875 0.7478416578125 0.47112658906249993 0.691392315625 0.46752016249999995
0 0.6013125796875001 0.35374559375 0.60278639375 0.4415111484375 0.688600928125 0.4433066015625 0.686586459375 0.3602130171875 0.6013125796875001 0.35374559375
3 0.6193905656250001 0.462920125 0.6193866156250001 0.48738627812499996 0.6716399765625 0.4868090828125 0.670703490625 0.4682372734375 0.6193905656250001 0.462920125
3 0.5525252359375 0.4566092859375 0.55307345625 0.4800913765625 0.6033163140625 0.48626569374999995 0.6027337796875 0.463894834375 0.5525252359375 0.4566092859375
3 0.49259598281250006 0.45176119375 0.49309652968749995 0.4732012046875 0.543485371875 0.47989544687499996 0.5433805734375 0.459083428125 0.49259598281250006 0.45176119375
3 0.42914005 0.443669896875 0.42913605468749993 0.4681360859375 0.4792740359375 0.4706975703125 0.47874870625000004 0.44989758281250003 0.42914005 0.443669896875
3 0.369739084375 0.43681660000000005 0.3684877375 0.4571253484375 0.41659232968750004 0.46541908281250005 0.41704372031250003 0.4428970875 0.369739084375 0.43681660000000005
2 1 0.31392789374999996 0.3214769875 0.2665459578125 0.32084935937500003 0.28893334843749996 1 0.3370339109375 1 0.31392789374999996
1 1 0.3588281875 0.93665199375 0.35478102031250003 0.9371287078125 0.3752001671875 1 0.380226284375 1 0.3588281875
1 0.3836070203125 0.31638986562500004 0.3840360609375 0.334767090625 0.93655245 0.376344971875 0.934947771875 0.3556915984375 0.3836070203125 0.31638986562500004
1 0.3213499078125 0.310373515625 0.32192196093750003 0.33487642968750003 0.3829078859375 0.335714471875 0.382455009375 0.3163162671875 0.3213499078125 0.310373515625
0 1 0.22025458125 0.8793127015625 0.2145135265625 0.882033909375 0.306436490625 1 0.31174024375 1 0.22025458125
3 1 0.3361531921875 0.9620005703125001 0.3319340796875 0.9625487859374999 0.3554160125 1 0.3564787296875 1 0.3361531921875
3 0.9159432859375001 0.33001099843750004 0.9159631718749999 0.35549813124999996 0.962691175 0.3563588234375 0.9621197468749999 0.3370388671875 0.9159432859375001 0.33001099843750004
3 0.8681102734374999 0.32593563125 0.866882803125 0.3472653203125 0.9144122078124999 0.3520004953125 0.91303938125 0.3288060546875 0.8681102734374999 0.32593563125
3 0.8058769531250001 0.32094021875 0.8058968375 0.346427353125 0.8503795828125 0.35045736562499996 0.8485496687499999 0.3257053640625 0.8058769531250001 0.32094021875
3 0.749427565625 0.3173337875 0.7493759421874999 0.3397580578125 0.7927686203125 0.3467767234375 0.792700121875 0.3231567140625 0.749427565625 0.3173337875
3 0.6911786546875 0.3105540953125 0.6918460515625 0.33914089375 0.73431838125 0.3379469109375 0.7350033796875 0.3153927609375 0.6911786546875 0.3105540953125
0 0.5989130874999999 0.20169656875 0.5986111671875001 0.2873097609375 0.6835566656250001 0.2888438859375 0.681859109375 0.2069958125 0.5989130874999999 0.20169656875
3 0.639961071875 0.30932071250000004 0.6411568046875 0.335902465625 0.6839981453124999 0.3385537234375 0.6825384453125001 0.31000208906250004 0.639961071875 0.30932071250000004
3 0.5956318484375 0.307508109375 0.596756028125 0.33102695625 0.6393496484375001 0.3357012265625 0.63888056875 0.3123100546875 0.5956318484375 0.307508109375
3 0.5454948125 0.3032854640625 0.5454669828125 0.32673075156250003 0.588850703125 0.32865329375 0.589319496875 0.308124284375 0.5454948125 0.3032854640625
3 0.49768563437499996 0.3002310390625 0.49938586406249996 0.323786728125 0.539161246875 0.32547874062500004 0.5386540828124999 0.3059067984375 0.49768563437499996 0.3002310390625
3 0.448148396875 0.2970662109375 0.45056769062499996 0.3267844703125 0.49232255468749997 0.321212428125 0.49190166093750004 0.2988421734375 0.448148396875 0.2970662109375
3 0.40086759843750003 0.29200674375 0.40146348906249996 0.317530678125 0.44063245625 0.3200330984375 0.4412839203125 0.298666609375 0.40086759843750003 0.29200674375
0 0.321826490625 0.18297468125 0.322005278125 0.2645408703125 0.4235871984375 0.27223499375000004 0.422652771875 0.1904356765625 0.321826490625 0.18297468125
3 0.36057045468750004 0.290451703125 0.361142509375 0.31495465624999996 0.40161507500000004 0.3166912109375 0.4009391046875 0.2950696078125 0.36057045468750004 0.290451703125
3 0.320825525 0.2879124859375 0.3213975796875 0.3124154375 0.3605672640625 0.31406875312500004 0.360042075 0.292456784375 0.320825525 0.2879124859375
1 0.9295729078124999 0.199374690625 0.930601790625 0.21880969687500001 0.9996519609375 0.22016282812500002 0.9992229203124999 0.2017856421875 0.9295729078124999 0.199374690625
1 0.38310243437499997 0.17159795312499998 0.384131359375 0.1910328828125 0.9285978546875 0.220422434375 0.9284685265625001 0.20134305000000002 0.38310243437499997 0.17159795312499998
1 0.3277813078125 0.1670441078125 0.32530644531249997 0.18421642656249998 0.38423383125 0.18819196093749999 0.3848543296875 0.172729296875 0.3277813078125 0.1670441078125