2 0.24755750468749999 0.1822887984375 0.24609099687499997 0.20553588750000001 0.98695029375 0.2095037546875 0.9887781499999999 0.18305149375000002 0.24755750468749999 0.1822887984375
0 0.8588242453125 0.20452322500000003 0.8495246125 0.302124440625 0.9771181468749999 0.3036091265625 0.9872200609374999 0.20658459687500003 0.8588242453125 0.20452322500000003
3 0.9349781984375 0.1601363921875 0.9328161828124999 0.181499296875 0.9908052015625 0.1834321796875 0.9925780265625 0.153223675 0.9349781984375 0.1601363921875
3 0.8741143734374999 0.1594281765625 0.873323871875 0.1820651609375 0.9329479328125 0.1777264703125 0.9352126640625 0.153971334375 0.8741143734374999 0.1594281765625
3 0.8019709625000001 0.15733052812499998 0.8010047921875 0.184998034375 0.8576662359375 0.1843992734375 0.8578471265625 0.1573166078125 0.8019709625000001 0.15733052812499998
3 0.719919521875 0.155117675 0.71537083125 0.1840015921875 0.7754390812499999 0.1872168125 0.7750080015624999 0.15776785468750001 0.719919521875 0.155117675
3 0.6506069734375 0.1530530296875 0.6496408031249999 0.180720515625 0.7062582828124999 0.18137931875 0.7072939218750001 0.158395096875 0.6506069734375 0.1530530296875
0 0.5615167296875 0.2080429734375 0.5569191921875001 0.30220925625 0.6472973265624999 0.3009344953125 0.6535390921875 0.210552278125 0.5615167296875 0.2080429734375
3 0.5776680328125 0.153462428125 0.5774535203125 0.179880540625 0.633363309375 0.180531109375 0.6342050515625 0.15329912968749998 0.5776680328125 0.153462428125
3 0.50899425 0.156250721875 0.5067111171875001 0.18414111875 0.5597521109375 0.18359509375 0.5604679390625 0.155824821875 0.50899425 0.156250721875
3 0.4376321609375 0.156583571875 0.4359627265625 0.18564431406249998 0.49170221875 0.1828032625 0.492527796875 0.161576275 0.4376321609375 0.156583571875
3 0.3720776625 0.159310375 0.36922143749999997 0.1848677078125 0.42553406718750003 0.1843597421875 0.4262423359375 0.1621133765625 0.3720776625 0.159310375
0 0.2461316015625 0.2043731359375 0.2493047796875 0.3009562828125 0.3690464578125 0.30234960312500003 0.369261309375 0.2124780125 0.2461316015625 0.2043731359375
3 0.299979975 0.1619610703125 0.29732685625 0.1817047125 0.3567893171875 0.18472304687500002 0.35724124375 0.15607686875 0.299979975 0.1619610703125
3 0.25049493749999996 0.1544060328125 0.2494392453125 0.184637109375 0.2980218078125 0.18054958593749998 0.29813307187500004 0.1619310921875 0.25049493749999996 0.1544060328125
1 0.9006432390624999 0.3003928125 0.9011398125 0.3236627453125 0.967962265625 0.3221138703125 0.9685670796875 0.2979556765625 0.9006432390624999 0.3003928125
2 0.252452559375 0.34439946718750003 0.2509360796875 0.3719569859375 0.9739542125 0.3784004140625 0.974269153125 0.353756640625 0.252452559375 0.34439946718750003
1 0.3193177078125 0.30177095781249996 0.318627446875 0.32153747187500004 0.9010992078125 0.3248254953125 0.90209893125 0.3037242609375 0.3193177078125 0.30177095781249996
1 0.25249520937500003 0.3033198515625 0.251764346875 0.3242490359375 0.3151933953125 0.32615028437500004 0.3191431171875 0.2982493578125 0.25249520937500003 0.3033198515625
3 0.9290728078124999 0.329803809375 0.9282607374999999 0.35305849375 0.97410415 0.3524287671875 0.976394271875 0.326831596875 0.9290728078124999 0.329803809375
3 0.88134763125 0.3280853140625 0.8791051031249999 0.354812940625 0.9281795296875 0.3553839734375 0.929199078125 0.328899234375 0.88134763125 0.3280853140625
3 0.83039144375 0.3251659375 0.8294169578125 0.35307154375 0.8804949578124999 0.3525026890625 0.8814049031250001 0.32703469687500003 0.83039144375 0.3251659375
3 0.7753468546875 0.3268518828125 0.7730637234375 0.354742240625 0.8227924734375 0.3553208875 0.8239970859374999 0.326366696875 0.7753468546875 0.3268518828125
3 0.7235739062500001 0.3285758359375 0.722761834375 0.3518305 0.762716271875 0.351132209375 0.76290928125 0.325655875 0.7235739062500001 0.3285758359375
3 0.681123940625 0.3257555 0.6788814140625 0.3524831265625 0.7156860671875 0.34825855781250004 0.7150694328125 0.3250992078125 0.681123940625 0.3257555
3 0.6122176609375 0.3260840046875 0.610357221875 0.353809690625 0.6717650421875 0.350073896875 0.6731632390625 0.323303184375 0.6122176609375 0.3260840046875
3 0.5648635359374999 0.32791135 0.5631414343750001 0.351674728125 0.6117227671875 0.3530328015625 0.613148028125 0.3246924109375 0.5648635359374999 0.32791135
3 0.5090368375 0.32481268281250003 0.5076391796874999 0.35020970625 0.552567746875 0.35073249687499997 0.554156415625 0.32304336718750004 0.5090368375 0.32481268281250003
3 0.450228325 0.3268512265625 0.448767303125 0.35406275625 0.49832251875000005 0.35373177031249997 0.4989544453125 0.324442853125 0.450228325 0.3268512265625
3 0.39716260625 0.3253261515625 0.3967544 0.351642303125 0.4433096109375 0.3494611640625 0.4443267546875 0.32584901875 0.39716260625 0.3253261515625
3 0.3410969171875 0.32195094062499996 0.341135846875 0.3500874921875 0.38810664687499996 0.350634046875 0.38969906249999997 0.3272551875 0.3410969171875 0.32195094062499996
3 0.296168315625 0.3214281484375 0.2952178609375 0.3486456046875 0.34276259375 0.3473835796875 0.34217652656249997 0.3226185765625 0.296168315625 0.3214281484375
0 0.2509360796875 0.3719569859375 0.2536913265625 0.45176011875000005 0.36708624843750004 0.45800374218749995 0.36890345625 0.373298740625 0.2509360796875 0.3719569859375
3 0.2551340921875 0.3263963421875 0.25482093125 0.3499907578125 0.2967812453125 0.3477561515625 0.2949571609375 0.326859725 0.2551340921875 0.3263963421875
0 0.8487537828124999 0.376943575 0.8388401468750001 0.470386865625 0.9606135515625001 0.474758334375 0.9707325906250001 0.38362492812500004 0.8487537828124999 0.376943575
0 0.5577745890625 0.377497040625 0.5541954125 0.46412025156250003 0.6415530031250001 0.4700609046875 0.6510274046875 0.381012578125 0.5577745890625 0.377497040625
2 0.25591105625 0.502943203125 0.25465984375 0.524005359375 0.9496914984375 0.5421729531249999 0.9507029015624999 0.524497771875 0.25591105625 0.502943203125
0 0.82906899375 0.540769384375 0.81987640625 0.6268020921875 0.9357955734375001 0.62998375 0.9471561421875 0.543010265625 0.82906899375 0.540769384375
3 0.8977422625000001 0.4976626109375 0.895740496875 0.5232448515625 0.9516929171875 0.5238959171875 0.953002221875 0.49862534375 0.8977422625000001 0.4976626109375
1 0.885860040625 0.47290367499999997 0.88565775 0.4945675234375 0.955979365625 0.4963706125 0.957746378125 0.46987886406249996 0.885860040625 0.47290367499999997
1 0.31996322187500004 0.458440240625 0.3190694203125 0.4840353734375 0.8856233734375 0.49555194687500004 0.885931571875 0.473474253125 0.31996322187500004 0.458440240625
0 0.25472381875 0.5221733515625 0.257419284375 0.6074280140625 0.3702455578125 0.6105737125 0.37062887031249997 0.5249633515625 0.25472381875 0.5221733515625
3 0.25953859375 0.4799058734375 0.25561029375 0.5009397453125 0.308969821875 0.5015606390625 0.31005740312499996 0.48613316875 0.25953859375 0.4799058734375
1 0.2535881953125 0.454713425 0.2499589171875 0.47929190312500003 0.3185154203125 0.484028928125 0.319891615625 0.45581021093749996 0.2535881953125 0.454713425
3 0.8424469562500001 0.4940647203125 0.83923409375 0.522587340625 0.8952896656249999 0.520285134375 0.8957901171874999 0.49463635000000006 0.8424469562500001 0.4940647203125
3 0.7780816734375 0.496270234375 0.777187871875 0.5218653671875 0.8326206859375 0.5215255625 0.8347618875 0.492818465625 0.7780816734375 0.496270234375
3 0.7139570281250001 0.49158477968750003 0.71133246875 0.5191294562500001 0.7683928718749999 0.5197934140625 0.7705019953125001 0.4942862484375 0.7139570281250001 0.49158477968750003
3 0.6429095453125 0.4946973640625 0.6420501203125 0.5193080734375 0.6969633125 0.5179773984375 0.6975955968750001 0.4934379046875 0.6429095453125 0.4946973640625
0 0.5498064015625 0.5338543640625 0.5464440015625 0.6153730015625001 0.6318219015625 0.6218647828125 0.637131184375 0.534248975 0.5498064015625 0.5338543640625
3 0.5742498375 0.49291364687500006 0.5740475453125 0.5145774953125 0.6294459828125001 0.5152221140625 0.6290897859375 0.491533009375 0.5742498375 0.49291364687500006
3 0.5068012640624999 0.4881894796875 0.505976215625 0.5118157640625001 0.5580851765625 0.51143725 0.5571794671875 0.4897605078125 0.5068012640624999 0.4881894796875
3 0.439143015625 0.4844280125 0.438293996875 0.508740746875 0.4929933953125 0.510187984375 0.49370766093749996 0.4882701328125 0.439143015625 0.4844280125
3 0.3734131484375 0.48528470781250005 0.3736177875 0.505555946875 0.42552411875 0.50859215625 0.42750017500000004 0.48841169375 0.3734131484375 0.48528470781250005
3 0.31061779375 0.4805002328125 0.308941521875 0.5023710609375 0.3663772640625 0.5038501375 0.365619440625 0.48221991875 0.31061779375 0.4805002328125
2 0.2574715359375 0.6502333109375 0.25828223906250003 0.6713194765625 0.9299893109375 0.6928812 0.930990178125 0.673729271875 0.2574715359375 0.6502333109375
1 0.8673965906250001 0.62460594375 0.8654060046875 0.652074128125 0.9355433484375 0.651973875 0.9365960937500001 0.6294716218749999 0.8673965906250001 0.62460594375
1 0.324367790625 0.6100398765625 0.32308459218749996 0.6320179734375 0.8649224953125 0.6511521265625 0.8659657296875001 0.6255574703125 0.324367790625 0.6100398765625
1 0.256356303125 0.6083320515625 0.25565257343750003 0.6284842015625001 0.32563001406250003 0.63296403125 0.32473565 0.6099828046875 0.256356303125 0.6083320515625
0 0.8120081921875 0.6896755828125001 0.80571289375 0.7665782421875 0.9190226625 0.77064585 0.9274074375 0.6932721125 0.8120081921875 0.6896755828125001
3 0.89073778125 0.6502709890625 0.8895505609375001 0.6695011531249999 0.9322714812499999 0.6718310093750001 0.93294139375 0.6510751546875 0.89073778125 0.6502709890625
3 0.848468346875 0.649779140625 0.8463141625 0.6671653 0.8894865859375001 0.6713331609375001 0.890034553125 0.6505758890625 0.848468346875 0.649779140625
3 0.8032659796875 0.6446712671875 0.80291780625 0.6694094984375 0.8447356859375 0.6680633109375 0.84546020625 0.6479956890625 0.8032659796875 0.6446712671875
3 0.745436184375 0.646747484375 0.743122025 0.6687137109375 0.7884843312500001 0.66924155 0.7915367453125 0.6473682328125 0.745436184375 0.646747484375
3 0.6939521078124999 0.6443156609375 0.6926048953125 0.6681258921875 0.7374197546875 0.669563703125 0.7388089078125 0.6457239234375 0.6939521078124999 0.6443156609375
3 0.6404700562500001 0.6400278515625 0.6386074203125001 0.66383200625 0.6840017125 0.663443871875 0.684413565625 0.6419986828125 0.6404700562500001 0.6400278515625
0 0.5436666359375 0.6801385125 0.5403682812499999 0.7598251421875 0.6242956546875 0.7635508843750001 0.6289429421875 0.6856761046875001 0.5436666359375 0.6801385125
3 0.588438496875 0.6385060015625 0.586092315625 0.661388184375 0.630487675 0.66007201875 0.6323375125 0.6383004296875 0.588438496875 0.6385060015625
3 0.5456215765625 0.6389241906249999 0.5443063890625 0.6618183703125 0.5866398 0.6604781796875 0.5871473625 0.6367438296875 0.5456215765625 0.6389241906249999
3 0.4972623625 0.635612303125 0.4970101546875 0.6576024921875 0.534124765625 0.658034359375 0.5348554265625001 0.6392276515625 0.4972623625 0.635612303125
3 0.44490726562500005 0.6285884796875 0.4450425328125 0.65424865 0.48734395468749997 0.65382449375 0.48854161406249996 0.6366272125 0.44490726562500005 0.6285884796875
3 0.3927477203125 0.6307306453125 0.39140054375 0.6545408453125 0.43428136562499997 0.6522906796875 0.43465413281250004 0.634969409375 0.3927477203125 0.6307306453125
3 0.34158717968749996 0.633800859375 0.340335965625 0.6548630625 0.3842158640625 0.6535408671875 0.38489736875 0.63129814375 0.34158717968749996 0.633800859375
0 0.2565294 0.6667274859375001 0.257979575 0.74807984375 0.367059734375 0.7510435875 0.369107640625 0.6762657703125 0.2565294 0.6667274859375001
3 0.2987063546875 0.636051071875 0.2981305765625 0.652539175 0.340947425 0.6521210171875 0.340758921875 0.6328460765624999 0.2987063546875 0.636051071875
3 0.256209315625 0.627309125 0.25489412499999997 0.6502033203125 0.298709978125 0.6507131640625 0.2995915484375 0.63236705 0.256209315625 0.627309125
2 0.26126677656249997 0.7904803312500001 0.2615989265625 0.8082762921875 0.9106895296875 0.8302323046875 0.9113832203125 0.8121837015625 0.26126677656249997 0.7904803312500001
1 0.91732200625 0.79048899375 0.9196686125 0.7642517328125 0.8513309937500001 0.7657409375 0.8486929328124999 0.7896904234375001 0.91732200625 0.79048899375
1 0.323719521875 0.7496920375 0.32202701718750004 0.7708534328125001 0.8477989031250001 0.7879855375 0.84968949375 0.7666748359375 0.323719521875 0.7496920375
1 0.2606912703125 0.7523476312499999 0.2605172390625 0.77098494375 0.323992521875 0.769181821875 0.32412945 0.7510293921875 0.2606912703125 0.7523476312499999
0 0.7971721609375 0.8314532218749999 0.7909343484375 0.9008546265625 0.9012372531249999 0.9097633171874999 0.9101152906250001 0.833134946875 0.7971721609375 0.8314532218749999
3 0.8724633374999999 0.7916615 0.8708595203125 0.8102822625 0.9136935515625 0.8124751343750001 0.9140597874999999 0.7969668484375 0.8724633374999999 0.7916615
3 0.83120694375 0.7852507203125 0.828531653125 0.8072479515625 0.8719605703125 0.8060588390625 0.8730146296875001 0.789818246875 0.83120694375 0.7852507203125
3 0.78825458125 0.7864454359375 0.7884092828125 0.8093228671875 0.8303788593749999 0.8089639562500001 0.8303279703124999 0.78360354375 0.78825458125 0.7864454359375
3 0.7349651640625 0.7832836328125 0.733660475 0.806991265625 0.777447684375 0.8091953171874999 0.77715643125 0.7858438343749999 0.7349651640625 0.7832836328125
3 0.6849822484375 0.7810075171874999 0.682783528125 0.8030102937500001 0.72704734375 0.8052198328125 0.728306784375 0.78718141875 0.6849822484375 0.7810075171874999
3 0.6291619625 0.7820525015625 0.6290175062500001 0.7998429453125 0.66994518125 0.8020136656249999 0.67258791875 0.7855800703125 0.6291619625 0.7820525015625
0 0.5397801234374999 0.815749459375 0.5361652125 0.891959459375 0.6161733578125 0.8945848640625 0.6199268375 0.8192752999999999 0.5397801234374999 0.815749459375
3 0.58254479375 0.778968309375 0.581805434375 0.800140825 0.6248169109374999 0.7972523140625001 0.6256126328125 0.7793154640625 0.58254479375 0.778968309375
3 0.5430469015625 0.7768142546875 0.54224839375 0.7996805359375 0.5833239406249999 0.797616740625 0.582726378125 0.7788164375 0.5430469015625 0.7768142546875
3 0.4944050125 0.77709546875 0.4933369859375 0.794027925 0.5294691625 0.796990084375 0.530124184375 0.78011035625 0.4944050125 0.77709546875
3 0.44302198437499996 0.77395585 0.4423121984375 0.7942814390625 0.48469919843750003 0.795621896875 0.48469060312499995 0.7757696890625 0.44302198437499996 0.77395585
3 0.39059695781250003 0.7733458296875 0.3894697125 0.79197210625 0.4314097484375 0.7924601234375 0.43158559687500003 0.7761047546875 0.39059695781250003 0.7733458296875
3 0.34305615 0.7694036468750001 0.3409166125 0.789712628125 0.3820216703125 0.7868019359375 0.3823994671875 0.7717204234375 0.34305615 0.7694036468750001
0 0.26272951718750004 0.8032060281250001 0.2634631421875 0.8777720312499999 0.3653648390625 0.881499575 0.3671640609375 0.8087101390625 0.26272951718750004 0.8032060281250001
3 0.3024867828125 0.7706260609375 0.3007942125 0.7917874874999999 0.34332915 0.7888934609375 0.3426631484375 0.77316405 0.3024867828125 0.7706260609375
3 0.26015893125 0.767591809375 0.26043186406249996 0.787081621875 0.30195444375 0.78587026875 0.3030598953125 0.7707972234375 0.26015893125 0.767591809375
1 0.8351094234374999 0.9056048578125001 0.8326115625 0.9225207046874999 0.8978749546874999 0.924127325 0.8989432921875 0.907338940625 0.8351094234374999 0.9056048578125001
1 0.3234544453125 0.8801646046875 0.322803809375 0.8987963999999999 0.8335943171875 0.9216848703125 0.8342108953125 0.9027737109375 0.3234544453125 0.8801646046875
1 0.26459366875 0.8727017390625 0.26328904531249997 0.8964093999999999 0.3199146671875 0.8996100234375 0.32064416875 0.8815498234374999 0.26459366875 0.8727017390625