2 0.1868628296875 0.034812846875 0.181622015625 0.0525876453125 0.6690876578125 0.23657420624999997 0.6719814765625001 0.2213826015625 0.1868628296875 0.034812846875
0 0.1795172328125 0.05553261875 0.1616696609375 0.1138713109375 0.24824453124999998 0.140925140625 0.267417184375 0.0824657390625 0.1795172328125 0.05553261875
3 0.1917399890625 0.0205038734375 0.186273434375 0.037572498437500004 0.2195296875 0.049850934375 0.224537228125 0.033203809375 0.1917399890625 0.0205038734375
3 0.22408782343750003 0.031688201562500004 0.219761690625 0.0480422578125 0.2522128078125 0.060100010937500004 0.2565167359375 0.0445101359375 0.22408782343750003 0.031688201562500004
3 0.2576939484375 0.043728771875 0.2520256796875 0.06077783437499999 0.28811873125 0.0732068203125 0.2901482828125 0.061334182812500006 0.2576939484375 0.043728771875
3 0.29659135625 0.05921207187500001 0.2921349140625 0.07222241874999999 0.3280408359375 0.085329228125 0.3302575171875 0.07277876875 0.29659135625 0.05921207187500001
3 0.338134403125 0.07641673437499999 0.3328535890625 0.0889945625 0.3668401703125 0.10151858750000001 0.3707794578125 0.088756528125 0.338134403125 0.07641673437499999
3 0.3754050765625 0.0930996984375 0.3733658875 0.10350013124999999 0.4021847171875 0.11665884062500001 0.4064982453125 0.10254118593749999 0.3754050765625 0.0930996984375
0 0.4028094796875 0.13576704374999998 0.3864514859375 0.1913096859375 0.4510640421875 0.2162861578125 0.46505853437500005 0.159315421875 0.4028094796875 0.13576704374999998
3 0.41471107187499995 0.10425941093749999 0.4125646890625 0.1183426125 0.44099001718749997 0.1299125734375 0.444545434375 0.1170339796875 0.41471107187499995 0.10425941093749999
3 0.446877459375 0.11586280468750002 0.44233836093749995 0.1310566453125 0.47190566250000004 0.141504090625 0.47546108125000003 0.128625496875 0.446877459375 0.11586280468750002
3 0.48314804375 0.13242893125 0.47977974999999995 0.144629715625 0.5055179953125 0.1553837390625 0.5096444328125 0.14194389062499999 0.48314804375 0.13242893125
3 0.517965740625 0.1466289765625 0.5149371640625 0.1604478046875 0.54623666875 0.17215588125 0.54958574375 0.157010725 0.517965740625 0.1466289765625
3 0.555398921875 0.1579956203125 0.5504591921875 0.1734380578125 0.5809910015625 0.18491303750000002 0.586062659375 0.1695562546875 0.555398921875 0.1579956203125
3 0.5897677671875 0.1766938703125 0.5861972203125 0.190167125 0.6155677984375 0.1998201625 0.6191040078125 0.1839971546875 0.5897677671875 0.1766938703125
0 0.5918643390625 0.20656149531249998 0.576875359375 0.26290671875 0.656867521875 0.29025748125 0.6708520171875 0.23175316875 0.5918643390625 0.20656149531249998
3 0.6216635921875 0.1836250515625 0.6178518078125 0.1975751375 0.6445448953125 0.20788448437499998 0.6479036109375 0.19421151406249998 0.6216635921875 0.1836250515625
3 0.6774613078125 0.2031867546875 0.6515358828125 0.19311050937500002 0.6458740046875 0.20608412031249998 0.674870371875 0.21709286093750002 0.6774613078125 0.2031867546875
2 0.153120828125 0.14711062187499999 0.1465112796875 0.1627061671875 0.6440692046875001 0.34110304375 0.6483745562500001 0.32247950625 0.153120828125 0.14711062187499999
0 0.1455405734375 0.1651023609375 0.1261462625 0.22738759687500001 0.21371318125 0.2554537859375 0.23411683593750002 0.1966895265625 0.1455405734375 0.1651023609375
3 0.1613254109375 0.133203390625 0.1551023046875 0.1470787265625 0.190310075 0.1608306390625 0.19577795781250001 0.14259441875 0.1613254109375 0.133203390625
1 0.160710721875 0.1158040328125 0.1583459265625 0.1243408421875 0.20736390624999998 0.144581996875 0.21045267812500001 0.12868434687500002 0.160710721875 0.1158040328125
1 0.214213734375 0.133962828125 0.21096265937499997 0.1456747640625 0.6071799765625 0.2897095625 0.6122780578125 0.275952553125 0.214213734375 0.133962828125
1 0.61402485625 0.2754475640625 0.60939421875 0.292677671875 0.6553982171875 0.309707878125 0.6592566765625001 0.289452440625 0.61402485625 0.2754475640625
3 0.1973188546875 0.144132853125 0.19249429375 0.1591981296875 0.22311867031250002 0.17385403906250002 0.2266173015625 0.15961135625 0.1973188546875 0.144132853125
3 0.22864259062499998 0.1604499234375 0.22433895625 0.1721371546875 0.2551008890625 0.1835189765625 0.2601529234375 0.169405984375 0.22864259062499998 0.1604499234375
3 0.2615181296875 0.16873240625000002 0.25758030625 0.1829112359375 0.292607925 0.1955883390625 0.2962469484375 0.18240690625 0.2615181296875 0.16873240625000002
3 0.306860025 0.184200765625 0.30096603437499997 0.1988066140625 0.334762853125 0.21315089999999998 0.3389306390625 0.1994497015625 0.306860025 0.184200765625
3 0.343769334375 0.198808784375 0.339384009375 0.2145541203125 0.3712123484375 0.2262597578125 0.3773218984375 0.211107265625 0.343769334375 0.198808784375
0 0.37370613750000004 0.24545435468750001 0.35571419375 0.3074307453125 0.4191787578125 0.3289164171875 0.43648703125 0.2677358734375 0.37370613750000004 0.24545435468750001
3 0.383789559375 0.21436143749999997 0.3790589390625 0.23068008281250002 0.411589325 0.24123828125000002 0.41557492500000004 0.2268014640625 0.383789559375 0.21436143749999997
3 0.41624335625000003 0.22591630624999998 0.41246465312499997 0.23946315937499998 0.44288890312499996 0.2534636796875 0.44811422968750003 0.2387229875 0.41624335625000003 0.22591630624999998
3 0.4535857421875 0.23895560625 0.44855870624999994 0.2524640875 0.48182673906250006 0.2673281265625 0.48439043281250005 0.25245955000000003 0.4535857421875 0.23895560625
3 0.4922727171875 0.254103415625 0.489282809375 0.26823155625 0.518449571875 0.2798093234375 0.5226084625 0.26474480625 0.4922727171875 0.254103415625
3 0.534298490625 0.27111516875 0.5282295390625 0.283459321875 0.5501046015625 0.29214263125 0.5548011390625 0.27792169375000003 0.534298490625 0.27111516875
3 0.563402153125 0.27910242812499997 0.5595202515625 0.29432141093749997 0.5895711890625 0.30548733906250003 0.5935567890625 0.291050525 0.563402153125 0.27910242812499997
0 0.5685736703125001 0.312005625 0.5526747453125 0.37535810937499997 0.6305987562500001 0.4004961890625 0.6448310015625001 0.3398579984375 0.5685736703125001 0.312005625
3 0.5951836546875 0.2896030390625 0.5911486171875 0.3025647953125 0.6201420421875 0.314770225 0.6241187187499999 0.29897008281250004 0.5951836546875 0.2896030390625
3 0.649993034375 0.3224739046875 0.6522969390625 0.30779568749999997 0.623252284375 0.3021085203125 0.6213817609375 0.314466371875 0.649993034375 0.3224739046875
2 0.12348186406249999 0.261128953125 0.11950819374999999 0.276469428125 0.6216380218750001 0.44962268125 0.626918059375 0.432425271875 0.12348186406249999 0.261128953125
0 0.11590760156249999 0.2740997265625 0.091977821875 0.3395524703125 0.1811469578125 0.3694489078125 0.20353832187499998 0.307625534375 0.11590760156249999 0.2740997265625
3 0.1271137640625 0.2433044171875 0.121756309375 0.25855295625 0.1624455125 0.2719001453125 0.16880035468750001 0.25498506249999997 0.1271137640625 0.2433044171875
1 0.127176725 0.22594122187500001 0.1229594375 0.24044531406249997 0.16174791875 0.25591439375 0.16626059531249998 0.23956837343749998 0.127176725 0.22594122187500001
1 0.1751887265625 0.245132296875 0.170817046875 0.25940644687500003 0.5778668265625 0.3992476578125 0.5823988124999999 0.38586020312499997 0.1751887265625 0.245132296875
0 0.542193915625 0.4199875875 0.5257832828125 0.48443861562499996 0.6060863671875001 0.5078827484375 0.623565828125 0.4445678671875 0.542193915625 0.4199875875
3 0.5946782359375 0.4060877328125 0.5906997140625 0.418895634375 0.6250591171875 0.43018838125 0.6272145046875 0.417091990625 0.5946782359375 0.4060877328125
1 0.5889950015625 0.386103415625 0.5837651187499999 0.4012550453125 0.62613189375 0.4163404359375 0.63123721875 0.40012552343749996 0.5889950015625 0.386103415625
3 0.1679493453125 0.258182984375 0.16090371718750002 0.2734156109375 0.2036659375 0.28739225468749996 0.20794780156249998 0.269847728125 0.1679493453125 0.258182984375
3 0.21850375 0.2760126859375 0.2142835984375 0.2896244921875 0.254985771875 0.304959271875 0.2592806109375 0.28940231875 0.21850375 0.2760126859375
3 0.26874245625 0.294985915625 0.26535079375000004 0.308106625 0.3057873734375 0.32236888750000003 0.31085308437500003 0.306054209375 0.26874245625 0.294985915625
3 0.32155632343749996 0.312262315625 0.31694920781249997 0.3287336984375 0.358927540625 0.3414804828125 0.3624515015625 0.3266812765625 0.32155632343749996 0.312262315625
3 0.3750346390625 0.33221925625000004 0.37060766875 0.3480026390625 0.40404135625000004 0.35914665 0.409877984375 0.342074246875 0.3750346390625 0.33221925625000004
3 0.4231256046875 0.34862580625 0.419570559375 0.361775440625 0.45237510625 0.3751743125 0.45765148125 0.3595879390625 0.4231256046875 0.34862580625
3 0.46803999531249996 0.3622641265625 0.4626924359375 0.3765883578125 0.497742340625 0.3906689890625 0.5010035453125 0.3753301671875 0.46803999531249996 0.3622641265625
3 0.5129687078125 0.3780546828125 0.508508771875 0.3922193859375 0.545804015625 0.40698185000000003 0.549065228125 0.391643 0.5129687078125 0.3780546828125
3 0.5573216671875 0.391522528125 0.553645859375 0.40678474375 0.590042975 0.42127450624999996 0.5944212249999999 0.405415415625 0.5573216671875 0.391522528125
0 0.34795275000000003 0.3786260171875 0.3249241046875 0.4290876578125 0.3893862328125 0.4289209234375 0.4018988546875 0.393238925 0.34795275000000003 0.3786260171875
2 0.081011165625 0.37157301875000004 0.07613201562500001 0.38730808125 0.5978355765625001 0.5551245 0.6021578265625 0.5413964296875 0.081011165625 0.37157301875000004
0 0.07529483125 0.38745729687499997 0.050099795312499994 0.45460615625 0.1422160703125 0.48539750000000004 0.16678702031249998 0.419535784375 0.07529483125 0.38745729687499997
3 0.0833421875 0.3534861171875 0.0777343234375 0.3699339625 0.1226965140625 0.3864069328125 0.1270065265625 0.37079501875 0.0833421875 0.3534861171875
1 0.090900784375 0.33816124375 0.085703059375 0.35456775 0.13900315624999998 0.371692425 0.14283426875 0.3578152046875 0.090900784375 0.33816124375
1 0.148640665625 0.35804338593749996 0.1427178171875 0.37752056093749997 0.2417107359375 0.410400009375 0.2443200015625 0.39709182656249997 0.148640665625 0.35804338593749996
1 0.4010932515625 0.4440983515625 0.39447031093749996 0.45678568437499995 0.5480097484375 0.5099884171875 0.5510856140625 0.4930617625 0.4010932515625 0.4440983515625
0 0.5099866390625001 0.539729446875 0.4929737375 0.5994258640625 0.5808226671875001 0.6148209328124999 0.5938937265625001 0.5520474734375 0.5099866390625001 0.539729446875
3 0.568565228125 0.5149208625 0.5645757921875 0.529044515625 0.6009360265625 0.5419654328125 0.60473023125 0.522436771875 0.568565228125 0.5149208625
1 0.560488096875 0.49837218749999995 0.5549109359375 0.5158441265625 0.603249928125 0.5239421515625 0.6036304265625 0.5071369984375 0.560488096875 0.49837218749999995
3 0.1285167765625 0.373076796875 0.1261102421875 0.38368334531250003 0.166928059375 0.403598009375 0.17171695468749998 0.386251465625 0.1285167765625 0.373076796875
3 0.1779429796875 0.3869104671875 0.17133646875 0.403056571875 0.21432159999999997 0.41704909062500006 0.219122775 0.4015863890625 0.1779429796875 0.3869104671875
3 0.2255582515625 0.40489292656250003 0.22144997968750002 0.42015367187499997 0.26639983906250003 0.43474284062499996 0.270194090625 0.41521415624999997 0.2255582515625 0.40489292656250003
3 0.2790477765625 0.4197827046875 0.27205468593750004 0.43739994375 0.31578275312500004 0.452558096875 0.320068134375 0.4331786015625 0.2790477765625 0.4197827046875
0 0.311135721875 0.46376941718750003 0.29153734062500003 0.530739128125 0.3576206171875 0.5536255109375 0.376776190625 0.48423935 0.311135721875 0.46376941718750003
3 0.331496159375 0.438235803125 0.3292842640625 0.45571783125 0.36588395 0.4677714 0.371403465625 0.44970669062499996 0.331496159375 0.438235803125
3 0.3849217640625 0.4544585671875 0.3810984859375 0.47051125781250003 0.4177104625 0.4844486375 0.42055921874999996 0.470273103125 0.3849217640625 0.4544585671875
3 0.4331667890625 0.4749815921875 0.42878065468750004 0.49063023437500003 0.46980104375 0.5040261578125 0.47457764375 0.484795821875 0.4331667890625 0.4749815921875
3 0.48596263906250003 0.488663790625 0.480103696875 0.5052745140625 0.5152175015625 0.5149968703125001 0.5175873734375 0.5025559640624999 0.48596263906250003 0.488663790625
3 0.5301925984375 0.5044436250000001 0.525280721875 0.5171125078125 0.5650792609375 0.5310774734375 0.5693770125000001 0.513581790625 0.5301925984375 0.5044436250000001
2 0.039532096875 0.49289022656250003 0.0335412171875 0.5088003171875 0.5691882828125 0.6723904078125 0.573940271875 0.6493924234375 0.039532096875 0.49289022656250003
0 0.0320048296875 0.5129232906250001 0.009636707812500001 0.5861448218749999 0.10393256718749999 0.6128978265625 0.126778215625 0.5455722 0.0320048296875 0.5129232906250001
3 0.047972659375 0.4719598140625 0.0412649453125 0.4904648625 0.08622711875 0.5069378265625 0.0912554640625 0.488723934375 0.047972659375 0.4719598140625
1 0.050603284375 0.4566391203125 0.0462932796875 0.47225100312499996 0.1013309796875 0.4927234375 0.10710223593749998 0.4756751875 0.050603284375 0.4566391203125
1 0.1080435625 0.47375505156250003 0.1006003375 0.493441596875 0.52720363125 0.6239203468750001 0.5309978265625 0.6043917203125 0.1080435625 0.47375505156250003
0 0.48799479999999995 0.6466866484375 0.4705370453125 0.7138775265625 0.551570815625 0.7366034046875 0.57023525 0.6670680890625 0.48799479999999995 0.6466866484375
3 0.5389921203125 0.6274999390625 0.53611878125 0.637907871875 0.5734613796875 0.6511270875 0.5777837109374999 0.6373990234375 0.5389921203125 0.6274999390625
1 0.533322584375 0.606415675 0.5281859921875001 0.6242186421875 0.580970246875 0.6374265625 0.58501621875 0.6189144078125 0.533322584375 0.606415675
3 0.09558793125000001 0.48994227031250004 0.0857359375 0.5067886781250001 0.1299551890625 0.5220959609375 0.1322758421875 0.5021198906250001 0.09558793125000001 0.48994227031250004
3 0.14318753906249998 0.5055706343749999 0.136340634375 0.5240349125 0.18005642500000002 0.537309278125 0.1853365 0.5201118796875 0.14318753906249998 0.5055706343749999
3 0.201210965625 0.5220148640625 0.192121271875 0.5456729609375001 0.23657995625 0.5601129640625 0.24108020312499998 0.53609851875 0.201210965625 0.5220148640625
3 0.24973953437500002 0.539099978125 0.2444143828125 0.55873174375 0.28738719687500003 0.5708404828125 0.2911814390625 0.5513118343750001 0.24973953437500002 0.539099978125
0 0.28076380156249997 0.5872846546875 0.2618065875 0.6542562921874999 0.329830046875 0.6739716609374999 0.3477638125 0.605154534375 0.28076380156249997 0.5872846546875
3 0.3049917359375 0.5535280499999999 0.300637015625 0.5729837328125 0.341166184375 0.5862304984375 0.3461945203125 0.5680166390625 0.3049917359375 0.5535280499999999
3 0.363345703125 0.5735966609375 0.35762714687499997 0.59216895 0.39936586875 0.602962896875 0.4031969796875 0.5890856765625 0.363345703125 0.5735966609375
3 0.4088038375 0.5897494328125 0.40451719375 0.603587084375 0.44504636406250003 0.6168338484375 0.451271921875 0.5942833546874999 0.4088038375 0.5897494328125
3 0.45638777812500003 0.603023696875 0.45143182812499993 0.6187728031249999 0.4914698546875 0.6318704328125 0.49700165937499996 0.6156895296875 0.45638777812500003 0.603023696875
3 0.4978465109375 0.6167873734375 0.49439235156250005 0.6289977328125 0.5162687125 0.638460621875 0.5242441343750001 0.62114165 0.4978465109375 0.6167873734375
2 0 0.6366611296875 0.5455638390625001 0.791144109375 0.548111653125 0.7684168828125 0.0009091609375 0.61977338125 0 0.622160778125 0 0.6366611296875
0 0 0.7213245703125 0.0714267859375 0.738355153125 0.0915647421875 0.66926720625 0 0.6418007140624999 0 0.7213245703125
3 0.01179040625 0.597234746875 0.0051828546875 0.6157761859375 0.045245460937499996 0.6326414312499999 0.050273796875 0.6144275734375 0.01179040625 0.597234746875
1 0.008027553125 0.5843454484375 0.00457145625 0.598707275 0.058614484375 0.616997671875 0.06390686718750001 0.60168401875 0.008027553125 0.5843454484375
1 0.0636102953125 0.6023979015625 0.05788384375 0.6177157609374999 0.497927115625 0.7419352109374999 0.5009783999999999 0.7212409421875 0.0636102953125 0.6023979015625
0 0.4550972875 0.76826031875 0.4367971328125 0.8380199078125001 0.5266723640625 0.8634305812499999 0.54504810625 0.7872273890625 0.4550972875 0.76826031875
3 0.5517033234375 0.755406975 0.51194109375 0.7455822421875 0.504420496875 0.7589101515625 0.54862745 0.772333659375 0.5517033234375 0.755406975
1 0.5038326296875 0.724325375 0.49986732500000003 0.738764240625 0.546039 0.7527843390625 0.5496060921875 0.7360068125 0.5038326296875 0.724325375
3 0.057264206250000005 0.6157416140625 0.052865017187499995 0.635895178125 0.09093828281250001 0.648396203125 0.0964332203125 0.626563875 0.057264206250000005 0.6157416140625
3 0.108532671875 0.630134690625 0.1034328546875 0.6474900234375001 0.1469214734375 0.6635155046875 0.1517103671875 0.6461689609375 0.108532671875 0.630134690625
3 0.16318644843750002 0.6467303921875 0.158937115625 0.664343975 0.203647578125 0.6798004515625 0.20915480468749997 0.65985193125 0.16318644843750002 0.6467303921875
3 0.223367015625 0.6650043109375 0.21859805156249998 0.679640009375 0.259618440625 0.6930359328125 0.2639161546875 0.675540240625 0.223367015625 0.6650043109375
0 0.24481151875 0.7102800796875 0.2239469375 0.7856080750000001 0.297109384375 0.8040638421875 0.317210490625 0.729324546875 0.24481151875 0.7102800796875
3 0.27772158281250003 0.6826838265624999 0.2736234609375 0.6982286359375001 0.2989257984375 0.7068517484375 0.3017253828125 0.685141028125 0.27772158281250003 0.6826838265624999
3 0.329572803125 0.692555178125 0.3234852171875 0.7143092531249999 0.36397751093749997 0.721904625 0.3670657109375 0.7068617578125 0.329572803125 0.692555178125
3 0.38054205625000004 0.70803206875 0.3757660765625 0.7254842406249999 0.4135752375 0.735084971875 0.41665110156249996 0.7181583203125 0.38054205625000004 0.70803206875
3 0.4235125078125 0.7187307703125 0.4187265625 0.7357091578125 0.46341240624999996 0.74739800625 0.46379288750000003 0.7305929156250001 0.4235125078125 0.7187307703125
3 0.475694271875 0.7322265015625 0.4700619 0.7522372328125 0.5066493234375 0.7624070374999999 0.5114504703125 0.746944290625 0.475694271875 0.7322265015625
2 0 0.7808432265625 0.51274631875 0.91760845625 0.5178158453124999 0.8973851453125 0 0.76100056875 0 0.7808432265625
1 0 0.7433500765625001 0.021018854687499998 0.7512497578125 0.026765548437499998 0.7304338265625 0 0.7225879625 0 0.7433500765625001
1 0.029201062500000003 0.7270365453125 0.022719603125 0.7489460234374999 0.47422587812500006 0.8644257859375 0.47756578125000004 0.8503993703124999 0.029201062500000003 0.7270365453125
1 0.4816738140625 0.8479851937499999 0.4744899078125 0.8673260546874999 0.523835859375 0.8794899296875001 0.527151246875 0.8616959546875 0.4816738140625 0.8479851937499999
0 0 0.8678253609375 0.027777621875000002 0.875533384375 0.0513606703125 0.7938300296875 0 0.7827457718749999 0 0.8678253609375
3 0 0.7625334203125 0.0280157328125 0.7702575578124999 0.0325528890625 0.75189455 0.00018073906249999999 0.7405432125 0 0.7411795671875 0 0.7625334203125
3 0.0397815453125 0.7513933859375 0.0304593859375 0.7691194984374999 0.06974215781250001 0.77916773125 0.07625633125 0.7632850906249999 0.0397815453125 0.7513933859375
3 0.0896234765625 0.7671291203124999 0.0800874390625 0.7835473703125 0.1178534578125 0.7941794046874999 0.1260188703125 0.776602328125 0.0896234765625 0.7671291203124999
3 0.1300077375 0.77730330625 0.1257024765625 0.7948913890625 0.1591237375 0.8075468609374999 0.16576630625 0.790343078125 0.1300077375 0.77730330625
3 0.17475936875 0.78880365 0.1691451453125 0.8072471468750001 0.20386545625000002 0.8186256953125 0.2087613609375 0.8008915328124999 0.17475936875 0.78880365
0 0.2077250390625 0.8396163265625001 0.18644515 0.9146452265624999 0.2598503296875 0.9314941250000001 0.2813427859375 0.8555034499999999 0.2077250390625 0.8396163265625001
3 0.21895115468749998 0.7980454421875 0.211725434375 0.8210123890625001 0.24903290781249998 0.8281624203125 0.25349215625 0.81029566875 0.21895115468749998 0.7980454421875
3 0.2593354140625 0.8082196312500001 0.2538252890625 0.8279462531249999 0.287448453125 0.8381559781249999 0.29103441874999997 0.82002405 0.2593354140625 0.8082196312500001
3 0.3010914453125 0.819854634375 0.2963837171875 0.8383621281250001 0.32979401249999996 0.8493429203125 0.334231375 0.828126759375 0.3010914453125 0.819854634375
3 0.3384940265625 0.8322562609374999 0.33418344843750003 0.851518096875 0.36954235468749996 0.8605835000000001 0.3733411484375 0.8416805249999999 0.3384940265625 0.8322562609374999
3 0.385401490625 0.8402341171875 0.37759334375 0.8588497578125001 0.4108017046875 0.8722762890625001 0.4123952875 0.8493609359375001 0.385401490625 0.8402341171875
3 0.422538078125 0.8535992546875001 0.41776651249999996 0.8710484015625 0.45268872812499994 0.8799812015624999 0.45474085625000005 0.8605478484375 0.422538078125 0.8535992546875001
0 0.4262464265625 0.8969057671874999 0.4083487453125 0.9702384296875 0.49713502031249995 0.9890375234375 0.51437495625 0.913569096875 0.4262464265625 0.8969057671874999
3 0.459646809375 0.8627788203125 0.4548501921875 0.877294803125 0.48565143906249997 0.8891547031249999 0.489024475 0.871793796875 0.459646809375 0.8627788203125
3 0.49103033125 0.8712641968750001 0.4865138640625 0.8877451984375 0.5199350593750001 0.9004006499999999 0.52415961875 0.8799555796874999 0.49103033125 0.8712641968750001
1 0 0.8875869015625 0.44068657812499995 0.99819344375 0.44387270624999997 0.979211803125 0 0.8694606578125 0 0.8875869015625
1 0.4968916375 1 0.5006826578125 0.989208003125 0.4457007203125 0.9775985859375 0.44045560000000006 0.99903010625 0.4452795640625 1 0.4968916375 1