2 0 0.1465467140625 0.6951613765625 0.128707371875 0.693913190625 0.10610861875 0 0.12040468281250001 0 0.1465467140625
0 0 0.24188315 0.001602521875 0.24981804218749998 0.12627763281249998 0.2402856421875 0.113455075 0.1436809671875 0 0.1479621828125 0 0.24188315
3 0 0.1179770859375 0.0225809125 0.1162505953125 0.0211510609375 0.09408778437500001 0 0.0949276046875 0 0.1179770859375
3 0.0195549734375 0.092456503125 0.022990187500000002 0.119188959375 0.0752519703125 0.11964751250000001 0.0715651390625 0.0931780828125 0.0195549734375 0.092456503125
3 0.0718942125 0.09350158593749999 0.07647889218750001 0.116559275 0.12443699374999999 0.1158621 0.1217767578125 0.09676306875 0.0718942125 0.09350158593749999
3 0.1325287234375 0.0938790078125 0.1352991171875 0.11651640781249999 0.1867411328125 0.11703771562500001 0.182032009375 0.0951256296875 0.1325287234375 0.0938790078125
3 0.1931632328125 0.094256428125 0.1973986234375 0.11622286562499999 0.24412768125 0.11265005937499999 0.24105816562500001 0.0906126125 0.1931632328125 0.094256428125
3 0.25274012031250004 0.0912042375 0.2545792453125 0.1163054125 0.3049967828125 0.1154201453125 0.30028895625 0.087568753125 0.25274012031250004 0.0912042375
3 0.30959185 0.087025675 0.31217041874999996 0.11338686093749999 0.360128521875 0.11268968906250001 0.35746957031250004 0.087651246875 0.30959185 0.087025675
0 0.33232164062499997 0.138426971875 0.34570883281250003 0.238259596875 0.4320095609375 0.2350653390625 0.4202836328125 0.13724215312500002 0.33232164062499997 0.138426971875
3 0.3586335734375 0.090153696875 0.360342209375 0.1114614 0.40535176093749997 0.11366174062500001 0.4013076328125 0.08914758125 0.3586335734375 0.090153696875
3 0.40911149687500004 0.0900946859375 0.413295065625 0.11192604531250001 0.458928609375 0.10956536562500001 0.45644150625 0.087188853125 0.40911149687500004 0.0900946859375
3 0.46692809375 0.0831342953125 0.4706098609375 0.1075438734375 0.5129719671874999 0.10881826718750001 0.5095508546875 0.0842565515625 0.46692809375 0.0831342953125
3 0.5226401109375 0.091573934375 0.5244967375 0.1101938015625 0.5681057546875 0.1068595453125 0.5642163203125 0.0879752375 0.5226401109375 0.091573934375
0 0.59431569375 0.13244360156249999 0.6036727140625 0.2219403296875 0.7048532390625 0.216473728125 0.6976674859374999 0.12851575937499998 0.59431569375 0.13244360156249999
3 0.5731935125 0.0844293953125 0.5758787984375 0.107679028125 0.6167779999999999 0.1082886078125 0.613826321875 0.08500439062500001 0.5731935125 0.0844293953125
3 0.6139793250000001 0.08551078281249999 0.6161295625000001 0.10572596875 0.6530510265625 0.10708255 0.6496673765625001 0.08069671875 0.6139793250000001 0.08551078281249999
3 0.6502411593749999 0.0797982625 0.6529794812499999 0.1044758203125 0.686872871875 0.1029293 0.6850745953125 0.0816466375 0.6502411593749999 0.0797982625
2 0.017096403125 0.2991786421875 0.0188044203125 0.3233135484375 0.7106226421875 0.2851697734375 0.7071821968750001 0.2604692625 0.017096403125 0.2991786421875
0 0.0199118171875 0.3245054765625 0.0427477125 0.417933209375 0.16131409218749998 0.41000261250000003 0.146298321875 0.3158350390625 0.0199118171875 0.3245054765625
3 0.01075716875 0.2741212328125 0.014904889062500001 0.2998629109375 0.0736402328125 0.294237384375 0.07082631406249999 0.26948897031249996 0.01075716875 0.2741212328125
1 0.004769953125 0.2515911171875 0.0077063703124999995 0.2709108359375 0.0860189109375 0.2694620421875 0.0832039953125 0.249252490625 0.004769953125 0.2515911171875
1 0.08458430624999999 0.24676578437500002 0.08789840625 0.26931834062500004 0.6497157171875 0.24338361718749998 0.646588034375 0.2209285640625 0.08458430624999999 0.24676578437500002
0 0.6052165875 0.292525334375 0.6153750796875 0.37869017031249996 0.71342395625 0.3689241453125 0.7076464812500001 0.28653206875000004 0.6052165875 0.292525334375
3 0.657728434375 0.23998041093750003 0.6619172390625 0.262795384375 0.706869425 0.258223728125 0.7054638609375 0.2390411234375 0.657728434375 0.23998041093750003
1 0.6464551234375 0.22040866874999998 0.6500295625 0.24109020937499998 0.6920054953125 0.237880815625 0.6909137765625 0.21640480625 0.6464551234375 0.22040866874999998
3 0.0708381265625 0.2708046734375 0.07489328437500001 0.29414157812499997 0.130495146875 0.2932945703125 0.12674093125000002 0.2708873828125 0.0708381265625 0.2708046734375
3 0.143252821875 0.26399089062500003 0.1478809546875 0.29083054218750004 0.20520596093750001 0.28871700312500004 0.2012963546875 0.26064816875 0.143252821875 0.26399089062500003
3 0.21672356874999998 0.2647589921875 0.2205558515625 0.2852739703125 0.273495296875 0.2834957421875 0.26942737031249997 0.263381990625 0.21672356874999998 0.2647589921875
3 0.289137534375 0.2630536859375 0.2916640203125 0.2821065984375 0.3472658703125 0.28125951250000003 0.3431989375 0.2566068640625 0.289137534375 0.2630536859375
0 0.346744896875 0.3084562296875 0.360542625 0.3993088375 0.44386822343750004 0.392937934375 0.43245407187499996 0.3018991421875 0.346744896875 0.3084562296875
3 0.35541533125 0.257942234375 0.35791652812499997 0.2804451859375 0.4106995953125 0.27754424843750003 0.407259140625 0.252843659375 0.35541533125 0.257942234375
3 0.424099496875 0.255288984375 0.42777168750000005 0.277373615625 0.4780486875 0.27466428593750003 0.47351156406249995 0.2511822546875 0.424099496875 0.255288984375
3 0.48629474687499996 0.25181076875 0.4897960546875 0.2726313625 0.5366266625 0.2724549453125 0.5350648 0.25214958906249996 0.48629474687499996 0.25181076875
3 0.5491947625 0.2482786703125 0.5538561343749999 0.26886820624999996 0.6036629875 0.26732948749999996 0.5994387265625 0.24609302500000002 0.5491947625 0.2482786703125
3 0.6090989828125 0.24880693593749997 0.6108683734375 0.26450916874999997 0.66114536875 0.2617998 0.6586442078125 0.2392968078125 0.6090989828125 0.24880693593749997
2 0.04154210625 0.4681668734375 0.0445792890625 0.48752315 0.718711496875 0.427208771875 0.7168327031249999 0.4059107109375 0.04154210625 0.4681668734375
1 0.0412169046875 0.42121359687500004 0.043369378125000003 0.440579903125 0.11776647968750001 0.438295771875 0.11432602968750001 0.4135952234375 0.0412169046875 0.42121359687500004
1 0.1148651203125 0.413028396875 0.11792381249999999 0.4348796265625 0.6562514562499999 0.3903160578125 0.6543758390625001 0.3723041359375 0.1148651203125 0.413028396875
1 0.6555951984374999 0.372962403125 0.6595403890625 0.3911992984375 0.71326369375 0.3859570203125 0.710448778125 0.3657474671875 0.6555951984374999 0.372962403125
0 0.0466846484375 0.4875184484375 0.063527821875 0.58061305625 0.18352864375 0.5714380421875 0.16915456874999998 0.4760491390625 0.0466846484375 0.4875184484375
3 0.0376894421875 0.4470253921875 0.041327640625 0.4668343140625 0.0884721296875 0.46436445 0.08330951875 0.43639145937499996 0.0376894421875 0.4470253921875
3 0.0845566203125 0.440887815625 0.086593584375 0.45996925624999996 0.133111553125 0.45754733437499995 0.13029663281249998 0.43733774218750004 0.0845566203125 0.440887815625
3 0.130190278125 0.43612165625 0.1334252640625 0.4552538984375 0.1826056828125 0.453763115625 0.1777548390625 0.43257448125 0.130190278125 0.43612165625
3 0.1893456984375 0.42941885781250005 0.1915341296875 0.449676309375 0.23679908125 0.4473501515625 0.2349234609375 0.42933819218749997 0.1893456984375 0.42941885781250005
3 0.24770987500000002 0.425859246875 0.2516788734375 0.44507776874999994 0.2947505765625 0.44518874999999997 0.2919356546875 0.424979159375 0.24770987500000002 0.425859246875
3 0.3042670125 0.42281211093750004 0.3075944828125 0.44193728125 0.35066713125 0.43750933124999997 0.3476948390625 0.420715928125 0.3042670125 0.42281211093750004
0 0.3667563625 0.4619494984375 0.3786002375 0.5428785046875 0.461201309375 0.538512275 0.4495161828125 0.45071478593750003 0.3667563625 0.4619494984375
3 0.358357840625 0.41739933437500004 0.361004028125 0.4389884046875 0.4043894484375 0.4368059890625 0.400791659375 0.41552154999999996 0.358357840625 0.41739933437500004
3 0.40222922343749995 0.415322125 0.4023535640625 0.43582690468749996 0.4463655109375 0.4335965875 0.441984775 0.41123734375 0.40222922343749995 0.415322125
3 0.45103395625 0.41286771875 0.45325803750000004 0.42853073906250005 0.49617335156250003 0.42751893281250003 0.493671203125 0.4095548765625 0.45103395625 0.41286771875
3 0.500015425 0.4065684890625 0.5022820640625001 0.42591716875 0.54582390625 0.4248574609375 0.543479053125 0.40347730156250006 0.500015425 0.4065684890625
3 0.5512871968749999 0.40137125156250003 0.5534993484374999 0.4208664953125 0.592655671875 0.4201420953125 0.590467203125 0.3998846859375 0.5512871968749999 0.40137125156250003
3 0.600334771875 0.399027509375 0.603386203125 0.41719341249999997 0.64242596875 0.4142085125 0.6402876171874999 0.3954017234375 0.600334771875 0.399027509375
3 0.64143935625 0.39491424375 0.6434977125 0.411539721875 0.6809903125 0.40781083125000006 0.6784954421875 0.3864444234375 0.64143935625 0.39491424375
3 0.6790630578125 0.38912612812499997 0.681347578125 0.406921203125 0.7165786 0.4042275125 0.715153971875 0.38709071875 0.6790630578125 0.38912612812499997
0 0.616830796875 0.43818565468750004 0.6269923203125 0.5190530359375 0.7254206390625 0.5056016125 0.7183494921875 0.423181084375 0.616830796875 0.43818565468750004
2 0.0759686671875 0.6214444953125 0.0765984078125 0.6397554484375 0.72725900625 0.569090921875 0.7249012953125 0.5483548515625001 0.0759686671875 0.6214444953125
0 0.0768516734375 0.640637921875 0.09377149375 0.7249600593750001 0.21214380625 0.7178111015625 0.19733248125 0.63432733125 0.0768516734375 0.640637921875
3 0.069918603125 0.603716184375 0.07253403750000001 0.622002084375 0.13027681093750001 0.6175871921875 0.1281811359375 0.59873253125 0.069918603125 0.603716184375
1 0.0641640984375 0.5838251703124999 0.0668956625 0.6005660734375 0.14288013125000001 0.5938057515625 0.1394725140625 0.573149921875 0.0641640984375 0.5838251703124999
1 0.1400446671875 0.5716031874999999 0.14432389375000002 0.59274459375 0.6712302328125 0.5362957890625 0.6690027234375 0.5203034953125 0.1400446671875 0.5716031874999999
0 0.6309289671875 0.582223540625 0.6367356578125001 0.6520717078125 0.73269559375 0.6418824937500001 0.7273307499999999 0.5690854359374999 0.6309289671875 0.582223540625
3 0.6812404937500001 0.532364584375 0.684350384375 0.55050455 0.7138776265625 0.5491976968750001 0.7120448609375 0.5284214578124999 0.6812404937500001 0.532364584375
1 0.6676619734375 0.512001725 0.6705750796875 0.5315921515625 0.7275308109374999 0.5253359875 0.7251722640625 0.50840290625 0.6676619734375 0.512001725
3 0.12734488125 0.6003955421875 0.13027681093750001 0.6175871921875 0.187363621875 0.6122717125 0.183825015625 0.5906751906250001 0.12734488125 0.6003955421875
3 0.19746789375 0.589683821875 0.20048784843749998 0.607465271875 0.2571807203125 0.6031306515625 0.2527240703125 0.5787520703125 0.19746789375 0.589683821875
3 0.277186428125 0.5793085 0.27909775312499996 0.5967012234375 0.3329039171875 0.5906858046875 0.3296265453125 0.574773778125 0.277186428125 0.5793085
3 0.3387468375 0.5713915625 0.34130290625000004 0.590043634375 0.390646690625 0.5862709125000001 0.3884199734375 0.5664755640625 0.3387468375 0.5713915625
0 0.3886739859375 0.60823621875 0.399987 0.685384853125 0.477022121875 0.6747411765625 0.469296315625 0.5964201625000001 0.3886739859375 0.60823621875
3 0.4022262328125 0.56439795625 0.40416477031250003 0.5804836484375 0.449046240625 0.578953584375 0.4481314875 0.5609594390625 0.4022262328125 0.56439795625
3 0.465115121875 0.5574494984375 0.46689404687499997 0.577588978125 0.5126951484375 0.5712349031249999 0.509418565625 0.551519825 0.465115121875 0.5574494984375
3 0.5218040328125 0.5488349718750001 0.523325653125 0.5675698640625 0.5724058249999999 0.569521765625 0.5692611046875 0.5469443890625 0.5218040328125 0.5488349718750001
3 0.579377784375 0.5465731078125 0.5811994921875 0.564095690625 0.6249001078124999 0.5617052046875 0.6234611906249999 0.5399481109375001 0.579377784375 0.5465731078125
3 0.6345901328125 0.54021158125 0.6364494109375001 0.5570191765625 0.6847434734375 0.5533267140625 0.68238493125 0.536393665625 0.6345901328125 0.54021158125
2 0.09935289375 0.7753999687500001 0.10305837656250001 0.7985294796875 0.736847846875 0.7006441578125 0.734458440625 0.6800154671875001 0.09935289375 0.7753999687500001
1 0.1012859890625 0.7265140015625 0.10564977499999999 0.744968271875 0.16982278125 0.7410124453125 0.1674650515625 0.7202763765625 0.1012859890625 0.7265140015625
1 0.167422953125 0.717177096875 0.17021668750000002 0.7400316203124999 0.679016390625 0.66785386875 0.67639501875 0.652842328125 0.167422953125 0.717177096875
1 0.6770314390625 0.6482520296875001 0.6791482390625 0.664991471875 0.7259984125 0.6623601765625 0.7241648281249999 0.6453870546875 0.6770314390625 0.6482520296875001
0 0.10473372968750001 0.8001356625 0.11896040156250001 0.8779578125 0.23554336406249998 0.8638412593749999 0.2207191078125 0.7817291390625 0.10473372968750001 0.8001356625
3 0.0968538578125 0.7503940171875 0.097901075 0.7731322015625001 0.14343934375 0.7686997343749999 0.14081952656250002 0.7460821578125 0.0968538578125 0.7503940171875
3 0.1404036171875 0.7459942421875 0.1448831078125 0.767638575 0.1906842484375 0.7612845296875 0.1860957375 0.7397682484375 0.1404036171875 0.7459942421875
3 0.1857254984375 0.7371787656250001 0.19081606874999998 0.7584221999999999 0.236878475 0.7577526156250001 0.23334065937499998 0.732353040625 0.1857254984375 0.7371787656250001
3 0.24152835 0.7307720921875 0.2456721390625 0.7523265375 0.29029155 0.7489150312499999 0.287146828125 0.726337653125 0.24152835 0.7307720921875
3 0.2983647359375 0.72321634375 0.3013159796875 0.744269165625 0.3362245390625 0.7396985875000001 0.33307981875000003 0.7171212109375 0.2983647359375 0.72321634375
3 0.33866703125000003 0.71692475625 0.3417367171875 0.7373756578124999 0.37415165 0.7339466375 0.3703509453125 0.71046864375 0.33866703125000003 0.71692475625
3 0.37861806875 0.71268874375 0.38110763593749997 0.73056248125 0.43504562656249995 0.7216847640624999 0.432425025 0.702870271875 0.37861806875 0.71268874375
0 0.40349474374999994 0.753013053125 0.41496830156250003 0.8319128656249999 0.4925321484375 0.815576775 0.48237538906250005 0.7357091734375001 0.40349474374999994 0.753013053125
3 0.4343297640625 0.701050165625 0.43635839218749994 0.719682978125 0.47585950468749993 0.7176135125 0.4724518921875 0.6969577140625 0.4343297640625 0.701050165625
3 0.48112759531249993 0.6942619453125001 0.48439031562499996 0.7141090125 0.52441635 0.711999478125 0.5219276046875 0.690322653125 0.48112759531249993 0.6942619453125001
3 0.5320589484375 0.68715768125 0.53347290625 0.704651821875 0.5727111015624999 0.7045040015625 0.572584975 0.6807450578124999 0.5320589484375 0.68715768125
3 0.5760517375 0.68165398125 0.5801920468749999 0.7010797734375 0.6168063859374999 0.69732954375 0.6141866140625 0.6747120328125 0.5760517375 0.68165398125
3 0.621667953125 0.6792363109374999 0.6242873390625 0.69390538125 0.663788415625 0.6918359171875 0.6616927640625 0.6729812890625 0.621667953125 0.6792363109374999
0 0.6409269234375 0.7162240453125001 0.6500529734375 0.7861902328125 0.7413817984375 0.7679345921875 0.736369815625 0.697212153125 0.6409269234375 0.7162240453125001
3 0.6953881203125001 0.6642637625 0.660324353125 0.67182365 0.6623988875 0.6905568328125 0.699182496875 0.6864933453125001 0.6953881203125001 0.6642637625
3 0.6966520359375 0.664821828125 0.6990095734375 0.68775765625 0.72318695 0.6834069453125 0.7206873921875 0.6629549796875 0.6966520359375 0.664821828125
2 0.13261990937499998 0.9200252875 0.135704184375 0.9391118171875 0.7483117625 0.824636053125 0.7459215968749999 0.807475971875 0.13261990937499998 0.9200252875
0 0.24420924375 1 0.2641214265625 0.996063284375 0.2497744640625 0.9208516890625 0.135848596875 0.9392976171875 0.1464328625 1 0.24420924375 1
3 0.12804449843750002 0.90280784375 0.13139892343749998 0.9220981593750001 0.1860995765625 0.9153144781250001 0.182633828125 0.8904323 0.12804449843750002 0.90280784375
1 0.1213158859375 0.8779473546875 0.125059784375 0.900904290625 0.1932863875 0.890484965625 0.190058928125 0.8707875171874999 0.1213158859375 0.8779473546875
1 0.1899849265625 0.87074514375 0.192568596875 0.8888055703125 0.6920620171875 0.7994539953124999 0.689193815625 0.7788618828125 0.1899849265625 0.87074514375
0 0.65375105 0.844005965625 0.661636396875 0.9110401296875 0.7529651562499999 0.8927844921875 0.7474736937500001 0.825567296875 0.65375105 0.844005965625
3 0.74412676875 0.8050117859375 0.74136040625 0.7885737828125 0.6980470078125001 0.7972621203125 0.7010362906250001 0.8117749484375001 0.74412676875 0.8050117859375
1 0.690332178125 0.777835903125 0.692661003125 0.79680675625 0.7443701921875 0.7859160421875 0.7418605234375 0.7678979890625001 0.690332178125 0.777835903125
3 0.18230698125 0.8937792515625 0.185262271875 0.912777021875 0.23936463749999998 0.9051719125 0.237094703125 0.885401196875 0.18230698125 0.8937792515625
3 0.2411476609375 0.8824486968749999 0.2446318859375 0.9013006078125001 0.296698909375 0.8964525328124999 0.293472184375 0.8732864156250001 0.2411476609375 0.8824486968749999
3 0.30173858125 0.8719602859375 0.304719359375 0.8915036140625 0.35606853906249997 0.8849761171875 0.354157921875 0.8643108187499999 0.30173858125 0.8719602859375
3 0.364483815625 0.861307159375 0.3679184203125 0.8832029625000001 0.4174727765625 0.8742113078125 0.4155621265625 0.8535460109375 0.364483815625 0.861307159375
1 0.3335819484375 1 0.7014912609375 0.922734290625 0.6986223046875 0.9056108187499999 0.24357202031249997 1 0.3335819484375 1
0 0.424172675 0.8875732921875 0.4339716109375 0.9613983421875 0.5105786609375 0.94166679375 0.49910359375 0.8697042625 0.424172675 0.8875732921875
3 0.42736411093750004 0.8477158265625 0.430759715625 0.8688596953125 0.47792018281250004 0.8600510437500001 0.47481227812500004 0.8412115640625 0.42736411093750004 0.8477158265625
3 0.4888976828125 0.8361793828125 0.4918054578125 0.8555208500000001 0.5365721406249999 0.8468952218749999 0.5344216171875 0.8279825437499999 0.4888976828125 0.8361793828125
3 0.54625713125 0.8259380406249999 0.549020978125 0.8424748578125 0.5971382390625 0.8370616343749999 0.592594784375 0.81486333125 0.54625713125 0.8259380406249999
3 0.604683646875 0.8148061796875 0.606595021875 0.832002865625 0.65112186875 0.825129884375 0.648252909375 0.80800638125 0.604683646875 0.8148061796875
3 0.6550516656250001 0.8059083250000001 0.65758640625 0.8194327578125 0.703070828125 0.81248653125 0.701039190625 0.7979004828125 0.6550516656250001 0.8059083250000001
1 0.6986223046875 0.9056108187499999 0.701131990625 0.9236289890625 0.7563122078125 0.9133399656250001 0.7512898359375 0.8911783078125 0.6986223046875 0.9056108187499999