3 0.46053248281250003 1 0 0.8567095124999999 0 0.8827197953124999 0.376403975 1 0.46053248281250003 1
3 0 0.7076655828125 0.5629195390625 0.8892217546875001 0.5709771015625 0.8666242328125 0 0.6836257890625 0 0.7076655828125
3 0.62477990625 0.7042758 0.009814609375 0.510824596875 0.00330359375 0.5331447625 0.6128830921875 0.726840159375 0.62477990625 0.7042758
3 0.6739501703124999 0.5723592390625 0.6856100109375001 0.5463055875 0.0483014296875 0.3289479671875 0.0457418421875 0.35680595 0.6739501703124999 0.5723592390625
3 0.7355960890625 0.3988281640625 0.743928603125 0.3774535328125 0.08765150000000001 0.146331703125 0.0812701703125 0.17408762656250001 0.7355960890625 0.3988281640625
0 0.2951987734375 0.8257071453125 0.23517442812499997 0.8119368765624999 0.2128290921875 0.9016964984375001 0.2673195140625 0.9208427140625 0.2951987734375 0.8257071453125
2 0.2646936796875 0.91890205 0.211248128125 0.9003065078124999 0.20618369531249997 0.9238632734375001 0.26051324375 0.9392663421874999 0.2646936796875 0.91890205
0 0.5592130390625 0.916564671875 0.5071799796875001 0.9018173828125 0.48337114999999997 0.9757565796875 0.5310494640625001 0.993389721875 0.5592130390625 0.916564671875
2 0.5267985578125 1 0.4799547890625 0.975511971875 0.47287142187500003 1 0.5267985578125 1
0 0 0.6550755484375 0.0320471015625 0.6656349671874999 0.055698490625 0.5760424625 0.0005276375 0.5546421875 0 0.5568007484375 0 0.6550755484375
2 0 0.6797692296875 0.026065521874999997 0.687727346875 0.0314593796875 0.6654555281250001 0 0.65717503125 0 0.6797692296875
0 0.3418853609375 0.6656967234375 0.28491343593749996 0.6460245359375001 0.255766996875 0.739742996875 0.310479725 0.759755646875 0.3418853609375 0.6656967234375
2 0.3116552140625 0.7601145375 0.25648438125 0.7387142703125 0.24838681562499998 0.7616854328125 0.30606231250000004 0.77663066875 0.3116552140625 0.7601145375
0 0.610914346875 0.7569463578125 0.5600946328124999 0.7402914796875 0.5341565625 0.8304317765624999 0.5837745109375 0.8431958249999999 0.610914346875 0.7569463578125
2 0.5816226265625 0.8482337453125 0.5305659359375 0.8280895734374999 0.5260886203124999 0.8493176796874999 0.5754041187500001 0.8668368453124999 0.5816226265625 0.8482337453125
0 0.0928078015625 0.4051803625 0.0355230359375 0.386551628125 0.014093178125 0.4837777390625 0.0666917515625 0.5008542593749999 0.0928078015625 0.4051803625
2 0.06383547656250001 0.529641040625 0.0713432515625 0.504597665625 0.010769071875 0.488381615625 0.004070707812499999 0.5091832796875 0.06383547656250001 0.529641040625
0 0.3858958078125 0.5060534796875 0.328336140625 0.4862017609375 0.30194089687500003 0.5830473109375001 0.35594055 0.6016942296875001 0.3858958078125 0.5060534796875
2 0.356553765625 0.59964875 0.3013450078125 0.5805148796874999 0.29395096718749997 0.5987590765624999 0.3523353984375 0.622279459375 0.356553765625 0.59964875
0 0.6660917093750001 0.600712421875 0.617698725 0.580242546875 0.5826288671875 0.66874471875 0.635662403125 0.6893746015625 0.6660917093750001 0.600712421875
2 0.63384886875 0.6911441765624999 0.578327284375 0.6730537828125 0.5736850640625 0.695902865625 0.627004628125 0.7118341859374999 0.63384886875 0.6911441765624999
0 0.1369480171875 0.2194254109375 0.0761368515625 0.199720021875 0.0513879296875 0.305868553125 0.10836724843750001 0.32118072343750004 0.1369480171875 0.2194254109375
2 0.10801654218750001 0.324490590625 0.0536704078125 0.306759053125 0.0484634859375 0.326324828125 0.102660621875 0.34449599218750004 0.10801654218750001 0.324490590625
0 0.43877613593750003 0.3275228953125 0.37717814843749997 0.301882409375 0.3476621671875 0.40913411875000005 0.4078824140625 0.4262940390625 0.43877613593750003 0.3275228953125
2 0.40756957812500005 0.4273375578125 0.3517730515625 0.408024234375 0.3439559125 0.43219825 0.398886325 0.4520220015625 0.40756957812500005 0.4273375578125
0 0.724223625 0.4260632703125 0.6696784765625 0.4025761015625 0.639277865625 0.5038609968750001 0.6945433078125001 0.5229269515625 0.724223625 0.4260632703125
2 0.6924672734375 0.5234321015625001 0.6383960734375 0.506923515625 0.629475803125 0.5281186531250001 0.6870355265625 0.5479703453125 0.6924672734375 0.5234321015625001
0 0.1522450046875 0.1341613578125 0.183565290625 0.027547539062499998 0.13360577812500002 0.009342626562500001 0.1251546921875 0.00875166875 0.098907953125 0.112578678125 0.1522450046875 0.1341613578125
2 0.1578094796875 0.13699926875 0.0964485 0.1148480421875 0.0884005265625 0.1449525359375 0.15022585156249998 0.16657541250000002 0.1578094796875 0.13699926875
0 0.48065365 0.136475934375 0.42113170625 0.11033028125 0.38916283125 0.2225461171875 0.44988316875 0.24553555 0.48065365 0.136475934375
2 0.4514472890625 0.24031817812499998 0.388560084375 0.22111796093749997 0.382173553125 0.243184625 0.44237538593750003 0.2705789421875 0.4514472890625 0.24031817812499998
0 0.7908617109375 0.2380200609375 0.732676325 0.22025536406250001 0.697478915625 0.3291023921875 0.7541380656250001 0.3498180515625 0.7908617109375 0.2380200609375
2 0.7550765359375 0.3466876375 0.697791734375 0.3280589328125 0.6912359953125 0.35462441093749997 0.74580554375 0.371192703125 0.7550765359375 0.3466876375
1 0 0.73474628125 0.558388378125 0.91289599375 0.5640192140625 0.8941134484375001 0 0.7133028828125 0 0.73474628125
1 0 0.557755890625 0.6127409796875 0.7529933734375 0.6184855390624999 0.727411690625 0.004107921875 0.5341399124999999 0 0.5574042484375 0 0.557755890625
1 0.6759000359375 0.5786947437500001 0.041056117187500005 0.35525573125 0.0334209625 0.3872028640625 0.668705084375 0.6026946421875 0.6759000359375 0.5786947437500001
1 0.735646490625 0.3965203265625 0.081568615625 0.1751818046875 0.07678210468749999 0.19975961250000002 0.725749859375 0.423112309375 0.735646490625 0.3965203265625
1 0.791098684375 0.24150935156250003 0.7962555671875 0.21574824218750002 0.25201833749999997 0.0176228390625 0.1275535921875 0.008919415625 0.1271942421875 0.0101992859375 0.791098684375 0.24150935156250003