2 0.285275734375 0.036097195312500004 0.4881113078125 0.03819849375 0.7317493171875 0.0395749359375 0.73082699375 0.016260531249999998 0.1194317984375 0.0178372625 0.11887996249999999 0.0391636890625 0.285275734375 0.036097195312500004
0 0.12180969687500001 0.0458951671875 0.1116329953125 0.1156127875 0.2170495796875 0.1117490078125 0.22158365624999998 0.043994534375 0.12180969687500001 0.0458951671875
3 0.13995737948849524 0.00991059554085407 0.04228749394987581 0.01982119108170814
3 0.18138181020665445 0.010361386690505212 0.03917158430895542 0.020722773381010424
3 0.22202044574527385 0.010140188483818091 0.04073408430895533 0.020280376967636182
3 0.2681369216429729 0.010168049612012443 0.0407159035907962 0.018465776735205112
3 0.31736476200205255 0.009151488852135172 0.04072499394987581 0.018302977704270345
3 0.36738294272021177 0.008965818553547413 0.04072499394987581 0.017931637107094826
0 0.4006369921875 0.034960621875 0.39965015937500004 0.115505240625 0.47739000000000004 0.1155942015625 0.47784234843749995 0.03638431875 0.4006369921875 0.034960621875
3 0.3998975953125 0 0.398471559375 0.0161302375 0.43741884375 0.017312178125 0.43790862500000005 0.0011597640625000002 0.4028514421875 0 0.3998975953125 0
3 0.4384553125 0 0.437762240625 0.0171217234375 0.4766543671875 0.0172541625 0.4763149359375 0.0014402484375 0.44522488750000005 0 0.4384553125 0
3 0.5049556655928488 0.011162285071515638 0.03918067466803503 0.022324570143031276
3 0.5495096414905477 0.01159488375290014 0.03918067466803503 0.023044016091543378
3 0.5956306625677866 0.013059194764878957 0.037609084308955334 0.021372255447881638
3 0.6198031187499999 0.0021124953124999997 0.619743625 0.02083374375 0.658547471875 0.020145184375 0.6579976249999999 0.00232184375 0.6198031187499999 0.0021124953124999997
0 0.6371397625 0.038176040625000005 0.6371259015625 0.112214646875 0.7345568390625 0.1104369609375 0.73261773125 0.0355202390625 0.6371397625 0.038176040625000005
3 0.6583678625 0.0021936843750000002 0.6583541796875 0.0204921546875 0.6958168203125 0.021221303125 0.6950854609375 0.0027338281249999997 0.6583678625 0.0021936843750000002
3 0.6954974578125 0.0036128921875 0.6953599625 0.020991440625 0.7311222296875 0.0214729609375 0.7299925625 0.0046905515625 0.6954974578125 0.0036128921875
2 0.1117381296875 0.15278321718750001 0.110645240625 0.17682549218750002 0.7401775765624999 0.163868178125 0.7404554828125 0.1399583953125 0.1117381296875 0.15278321718750001
1 0.1116585390625 0.1136593671875 0.11187864375 0.1347712734375 0.1765266484375 0.13304650625 0.176739921875 0.1146974703125 0.1116585390625 0.1136593671875
1 0.1766397265625 0.11441640312500001 0.175120840625 0.1331202640625 0.6762657421875 0.12933249375 0.6764984015625 0.1093153875 0.1766397265625 0.11441640312500001
1 0.6755196906250001 0.1111569703125 0.675787415625 0.1301911453125 0.7348122 0.1287614125 0.735503728125 0.10955372187500001 0.6755196906250001 0.1111569703125
0 0.10680602343750001 0.1837175875 0.10161799062500002 0.26045450312499996 0.21229950625 0.25560319531250003 0.2164573125 0.1750971609375 0.10680602343750001 0.1837175875
3 0.11198999999999999 0.1355153984375 0.11215335781249999 0.1514276265625 0.1528734671875 0.153458878125 0.153096434375 0.13427580625 0.11198999999999999 0.1355153984375
3 0.1528045734375 0.134561665625 0.15248935937500002 0.15160982812499998 0.1944698828125 0.153260525 0.1938274640625 0.1340279046875 0.1528045734375 0.134561665625
3 0.1950423625 0.1333086109375 0.19447884531249998 0.1524894125 0.23431105468750002 0.15271151249999998 0.2371704765625 0.130212540625 0.1950423625 0.1333086109375
3 0.24376879687500003 0.1326781265625 0.24213647656249998 0.1499889875 0.2828351921875 0.150165625 0.2847743140625 0.132338875 0.24376879687500003 0.1326781265625
3 0.3006536359375 0.1287305734375 0.2984501484375 0.147805053125 0.34129719375 0.1494102859375 0.34195450781250003 0.1301094765625 0.3006536359375 0.1287305734375
3 0.3439299359375 0.13127507031250002 0.34391461875 0.1477316484375 0.3828713625 0.14877035156250001 0.38306854375 0.1318056359375 0.3439299359375 0.13127507031250002
0 0.393176409375 0.171560175 0.3916608078125 0.2557508328125 0.47334805625 0.2505092375 0.4732293375 0.1683159140625 0.393176409375 0.171560175
3 0.397542453125 0.12942522343750001 0.3954625359375 0.14579778593749998 0.4344282421875 0.146065346875 0.43458957187499997 0.1321851328125 0.397542453125 0.12942522343750001
3 0.43433010625 0.1313471453125 0.434003928125 0.14531693750000002 0.47338498281249997 0.1471040203125 0.473997484375 0.13165882499999998 0.43433010625 0.1313471453125
3 0.48522315625 0.130602990625 0.483715675 0.1455977703125 0.5248386734375 0.1465228171875 0.5246025765625 0.1295808328125 0.48522315625 0.130602990625
3 0.53069966875 0.1301430203125 0.5300376703125 0.14625004375 0.5707094984375 0.1487400453125 0.5722243390624999 0.1301649125 0.53069966875 0.1301430203125
3 0.580662665625 0.12919061406250001 0.57926925625 0.146896071875 0.6181258281249999 0.1442717828125 0.616649928125 0.1297083953125 0.580662665625 0.12919061406250001
3 0.622201465625 0.12993845625 0.6204304640625 0.14415086562499999 0.6615576437499999 0.1443355890625 0.66012941875 0.1256702875 0.622201465625 0.12993845625
0 0.6399646015625 0.1656779890625 0.6382900515625 0.24376687343749998 0.7408780953125 0.2422076921875 0.7391584890625 0.15914260468750002 0.6399646015625 0.1656779890625
3 0.661304634375 0.127886853125 0.6609331890625 0.1414401875 0.7000577171875 0.14407254375 0.6995967750000001 0.1271133640625 0.661304634375 0.127886853125
3 0.6999536359375 0.1295181203125 0.699412878125 0.14293510781250002 0.7359443328124999 0.142189703125 0.73379635 0.1288328234375 0.6999536359375 0.1295181203125
2 0.7380411734375001 0.28861910156250004 0.36710059375 0.3018802234375 0.10477069375 0.30582342812499996 0.1045290078125 0.32628638125 0.7387796828125001 0.31072617812500003 0.7380411734375001 0.28861910156250004
1 0.10311215781250001 0.2595356265625 0.10193300000000001 0.2795541359375 0.1685190515625 0.2798837796875 0.168226253125 0.2588713546875 0.10311215781250001 0.2595356265625
1 0.16960548125 0.2572413375 0.166884775 0.281881146875 0.68211870625 0.26153929374999996 0.6818037359375 0.24243965781250001 0.16960548125 0.2572413375
1 0.6820423703125 0.2422994109375 0.682129821875 0.26058291875 0.7417749046875 0.2574535546875 0.7414042734375 0.2431358796875 0.6820423703125 0.2422994109375
0 0.1045647109375 0.323545259375 0.09611113593750001 0.40822466874999996 0.206108125 0.4077685375 0.21205658437500002 0.3241881390625 0.1045647109375 0.323545259375
3 0.1075530375 0.2865719578125 0.10573619218750001 0.30423573125000003 0.1554897078125 0.30449365781250004 0.157323246875 0.28539485781249996 0.1075530375 0.2865719578125
3 0.1577347140625 0.2846561875 0.1556871015625 0.304841834375 0.20383643437500001 0.30446685625000003 0.205480921875 0.284302346875 0.1577347140625 0.2846561875
3 0.21668589843750002 0.2845762953125 0.21517522812499998 0.3014516546875 0.264307365625 0.3031763453125 0.26572942187500004 0.28481621874999996 0.21668589843750002 0.2845762953125
3 0.2799221984375 0.282602609375 0.279634740625 0.30165509375 0.32938827187499997 0.30191303125 0.3306379546875 0.281052153125 0.2799221984375 0.282602609375
3 0.34417170937499997 0.28012773125 0.34311614375 0.3006501171875 0.3922691390625 0.30058101718749997 0.392897453125 0.2811869046875 0.34417170937499997 0.28012773125
0 0.3896840703125 0.3235244984375 0.38660115625 0.4026187359375 0.46455716406249997 0.40011379375 0.46727964218749996 0.31912958125 0.3896840703125 0.3235244984375
3 0.40862111093750003 0.28212268749999997 0.40799965625 0.29903860937500004 0.455733340625 0.2997610578125 0.4559418328125 0.28182313593749997 0.40862111093750003 0.28212268749999997
3 0.4673422578125 0.278593765625 0.46619494375 0.29849623125 0.513344784375 0.2974566015625 0.51317515625 0.277387284375 0.4673422578125 0.278593765625
3 0.5250189328125 0.2782558703125 0.5246439453125 0.296771440625 0.5720370484374999 0.292133646875 0.5726153093749999 0.27704465312500004 0.5250189328125 0.2782558703125
3 0.583729659375 0.2756235609375 0.5834887921874999 0.2947596765625 0.62984070625 0.293044840625 0.6290622171875 0.2733660046875 0.583729659375 0.2756235609375
0 0.6366450203125 0.31288650156250003 0.638431040625 0.3925347609375 0.742841896875 0.3887078734375 0.7400985828125 0.305467615625 0.6366450203125 0.31288650156250003
3 0.6462360140625 0.2714480140625 0.6459743515625 0.2914812828125 0.692330434375 0.2894076796875 0.692164990625 0.268979609375 0.6462360140625 0.2714480140625
3 0.7374854765625 0.28668002187499997 0.7361634421875001 0.2698660671875 0.691749353125 0.27007703437499997 0.691725728125 0.28943940625 0.7374854765625 0.28668002187499997
2 0.095044153125 0.4524795703125 0.094765315625 0.47573738906249996 0.7459579656249999 0.4460651015625 0.744661740625 0.4272606 0.095044153125 0.4524795703125
0 0.0935065859375 0.47614339218749996 0.0872357203125 0.558812065625 0.2033974359375 0.5563122234375 0.207947884375 0.4689004296875 0.0935065859375 0.47614339218749996
3 0.09783195 0.42987316093750005 0.0955318578125 0.45322988437499995 0.147065571875 0.4505260953125 0.1473164171875 0.4289443234375 0.09783195 0.42987316093750005
1 0.09615904374999999 0.410869809375 0.0947931375 0.429902675 0.159957703125 0.42738240312500003 0.160661515625 0.41027032500000005 0.09615904374999999 0.410869809375
1 0.1618371296875 0.408546925 0.160442025 0.42915438124999994 0.6802218921875001 0.410870309375 0.6809780015625 0.3892620296875 0.1618371296875 0.408546925
0 0.6392353640625 0.4486339640625 0.638402725 0.5334890531250001 0.7475120984375 0.5295618640625 0.7444840578125 0.44254765156250003 0.6392353640625 0.4486339640625
3 0.74467219375 0.4263613421875 0.7438748390625001 0.4072076765625 0.6948945109375 0.40830310000000003 0.6946332140625 0.43078409687499997 0.74467219375 0.4263613421875
1 0.6809584281250001 0.3891715390625 0.6792218937500001 0.41002406406249997 0.7428811578125 0.40668409062500005 0.743132003125 0.385102353125 0.6809584281250001 0.3891715390625
3 0.1483636015625 0.4272219453125 0.1460551203125 0.450579109375 0.1955574625 0.4488805765625 0.197334475 0.42632005624999997 0.1483636015625 0.4272219453125
3 0.2089624015625 0.4274115640625 0.20870395625 0.4472921484375 0.2597115390625 0.44641335312499997 0.26099377968750004 0.42298008125 0.2089624015625 0.4274115640625
3 0.2746535484375 0.4239649859375 0.27333193906250003 0.44749613125 0.3283814015625 0.44640523749999994 0.3276322109375 0.42397725625 0.2746535484375 0.4239649859375
3 0.342858215625 0.4215095375 0.3420644734375 0.442092590625 0.39153548125 0.44309176875 0.390796740625 0.41976456406249996 0.342858215625 0.4215095375
0 0.3890906265625 0.4628811703125 0.3873229875 0.5448649515625 0.46969682500000004 0.5387457015625 0.47061659375 0.4596125984375 0.3890906265625 0.4628811703125
3 0.40595747812500005 0.4238139828125 0.407197684375 0.4422700296875 0.454658203125 0.442476046875 0.4538985609375 0.4209472953125 0.40595747812500005 0.4238139828125
3 0.46976674999999996 0.41934313124999995 0.469351725 0.438110353125 0.51781224375 0.43916258125 0.5170317359375 0.41943231093750005 0.46976674999999996 0.41934313124999995
3 0.527852028125 0.41854161875000007 0.5274221609375 0.437759671875 0.575913996875 0.436114190625 0.57563875 0.4163574125 0.527852028125 0.41854161875000007
3 0.5897533 0.4152938796875 0.5880500765625001 0.43457874375000005 0.6385524375 0.4337264546875 0.6387719265625 0.41484243125000003 0.5897533 0.4152938796875
3 0.6484832859375 0.4133355359375 0.648698896875 0.42959932500000003 0.6971698281250001 0.42975233125 0.6973788640625 0.411767534375 0.6484832859375 0.4133355359375
2 0.0891290046875 0.6028934390625 0.0875982140625 0.62792810625 0.7489309515625 0.5943116015625 0.7485871328125 0.5716237578125 0.0891290046875 0.6028934390625
1 0.086855278125 0.5595948921875 0.0869953265625 0.5794946453125001 0.1546651515625 0.5786402515625 0.155431671875 0.5561327484375 0.086855278125 0.5595948921875
1 0.1544283046875 0.5571725859375001 0.1536546828125 0.5786932671875 0.6861385265625 0.5534518140625 0.6859154640625 0.5291988734374999 0.1544283046875 0.5571725859375001
1 0.6849975890625 0.5304585203125 0.6846123609375 0.5544305984375 0.74878734375 0.5501648546875 0.7485434546875 0.5277103624999999 0.6849975890625 0.5304585203125
0 0.0888775875 0.62452438125 0.0805136828125 0.7147983109375 0.19534782343749998 0.7130983171875 0.2018747625 0.621932425 0.0888775875 0.62452438125
3 0.09261229062500001 0.579551009375 0.091018225 0.60304315 0.131023396875 0.6038630859375 0.13291555 0.5821642109375 0.09261229062500001 0.579551009375
3 0.131933696875 0.5833238281249999 0.13003881875 0.60391474375 0.1727170296875 0.600508021875 0.17490342187500002 0.5817125937500001 0.131933696875 0.5833238281249999
3 0.17465631875 0.5767054203125 0.1727034515625 0.6016762828125 0.21602447812499997 0.5994033828124999 0.2162892640625 0.5766223640625 0.17465631875 0.5767054203125
3 0.22920142656250003 0.5760320875 0.2275246890625 0.597632459375 0.26886298124999997 0.5966311375 0.270420159375 0.575533621875 0.22920142656250003 0.5760320875
3 0.2841822921875 0.5731474375000001 0.2826537171875 0.595323821875 0.32597472031249997 0.5930509234375 0.32687528593750004 0.5720110421875 0.2841822921875 0.5731474375000001
3 0.3407704421875 0.5730963953125 0.3399623203125 0.5914372015625 0.3816287953125 0.5904186609375001 0.3825295796875 0.569355584375 0.3407704421875 0.5730963953125
0 0.3875355078125 0.6088548687500001 0.383795178125 0.7021299437499999 0.46891985937499997 0.6955012875000001 0.4699887234375 0.6035405453125 0.3875355078125 0.6088548687500001
3 0.38881854374999997 0.5669280640625 0.38887611093749996 0.58770331875 0.43021442656250003 0.586701996875 0.43045884375 0.5656733578125 0.38881854374999997 0.5669280640625
3 0.430242378125 0.5662136703125 0.42988621875 0.586719215625 0.47024674375000003 0.5851854296875 0.47083971562500004 0.56238716875 0.430242378125 0.5662136703125
3 0.4807268578125 0.5621059640625 0.48009921875000006 0.5840847203124999 0.519468403125 0.583186709375 0.5190835593750001 0.5598559875 0.4807268578125 0.5621059640625
3 0.529349015625 0.5612122546875 0.52717915 0.5823509671875 0.5686612531249999 0.579538565625 0.5674752 0.5586134015625001 0.529349015625 0.5612122546875
3 0.5803070140625 0.5585386703124999 0.5793874734375 0.5789758 0.6208548109375001 0.5774361406249999 0.62110629375 0.5557995703125 0.5803070140625 0.5585386703124999
3 0.6299147703125 0.5567306546874999 0.6294357640625 0.5769859296875001 0.6701954296875 0.5748474156250001 0.6704321203125 0.5544836015625 0.6299147703125 0.5567306546874999
0 0.6459321203124999 0.5939466140625 0.646438490625 0.6840250484375 0.754623878125 0.6794301625 0.75085513125 0.58556080625 0.6459321203124999 0.5939466140625
3 0.6706010124999999 0.5538012671875 0.6701880328125001 0.575483775 0.710925453125 0.57525438125 0.7097541921875 0.553056471875 0.6706010124999999 0.5538012671875
3 0.7103840109374999 0.551713996875 0.7095322937499999 0.572147565625 0.746322009375 0.5733972515625 0.7454934625 0.5524533171875 0.7103840109374999 0.551713996875
2 0.0779413140625 0.76198091875 0.07436608125000001 0.787358825 0.757810034375 0.749709321875 0.755121634375 0.7211835765625 0.0779413140625 0.76198091875
1 0.082536596875 0.7126791796874999 0.078426028125 0.737613725 0.148899375 0.737159928125 0.1497587625 0.7154902125 0.082536596875 0.7126791796874999
1 0.15012445624999998 0.713186415625 0.148899375 0.737159928125 0.6905351203125 0.7054985546875 0.6914196578125 0.681665046875 0.15012445624999998 0.713186415625
1 0.6911430109375 0.7054666609375 0.7533312859375 0.6977516265625 0.7534207609375 0.678412071875 0.692014975 0.682715028125 0.6911430109375 0.7054666609375
0 0.07391611249999999 0.7834614734375001 0.067773871875 0.878184265625 0.1891169421875 0.8745054031249999 0.1942295265625 0.78107001875 0.07391611249999999 0.7834614734375001
3 0.0781820890625 0.7413524046875 0.0782990375 0.7627767234375 0.12374303281250001 0.7621698343750001 0.1255416171875 0.736303346875 0.0781820890625 0.7413524046875
3 0.1256918359375 0.735528196875 0.1242736609375 0.7594758875000001 0.1672092609375 0.759889315625 0.1684668984375 0.737606 0.1256918359375 0.735528196875
3 0.1700139109375 0.735423803125 0.16721959687500002 0.7590000609375 0.212174321875 0.7575301609375 0.21343195937499998 0.7352468421875 0.1700139109375 0.735423803125
3 0.22496741875 0.7336511031249999 0.2211776859375 0.7561690734375001 0.2651331640625 0.7547516 0.2654225625 0.729852975 0.22496741875 0.7336511031249999
3 0.2768017921875 0.7307940312500001 0.27598880000000003 0.75374519375 0.31993627187499996 0.750708996875 0.32099541249999997 0.7302010812499999 0.2768017921875 0.7307940312500001
3 0.3296810453125 0.72801964375 0.32941505625 0.747289903125 0.372909384375 0.7479296875 0.374404678125 0.7252075421875 0.3296810453125 0.72801964375
0 0.379564625 0.7713461500000001 0.379047209375 0.8591653640624999 0.46313222343750005 0.8565453703125 0.4657058296875 0.7650349828125 0.379564625 0.7713461500000001
3 0.3810307421875 0.7244127484375 0.38032648125 0.745349221875 0.4238547890625 0.7430654453125001 0.4249309515625 0.72109575 0.3810307421875 0.7244127484375
3 0.4257063578125 0.7211560171875 0.42510372656250006 0.7415390328125 0.4665448625 0.7422865125 0.466799715625 0.72035990625 0.4257063578125 0.7211560171875
3 0.4770348234375 0.7193757578125 0.47555576562499996 0.737616921875 0.51661171875 0.7361932921875 0.5180730015624999 0.7163947078125 0.4770348234375 0.7193757578125
3 0.527881746875 0.71488248125 0.5268948203125 0.7341928859375 0.5691911828125 0.7319737484375 0.5690099125 0.7122613421875 0.527881746875 0.71488248125
3 0.5807610000000001 0.7121080953125001 0.58111686875 0.7298871640625 0.6213090375 0.7321610859375001 0.62113629375 0.711717803125 0.5807610000000001 0.7121080953125001
3 0.6290197359375 0.7095761328125 0.6287176390625 0.7303114953125001 0.669362984375 0.7289094109375001 0.66960934375 0.7077137078125 0.6290197359375 0.7095761328125
0 0.648186346875 0.74997325 0.649505815625 0.8440795124999999 0.7583936687499999 0.829408184375 0.7548611671875001 0.7435931703125 0.648186346875 0.74997325
3 0.672647340625 0.7081999078125001 0.67103951875 0.7258997015624999 0.71289975625 0.7258947625000001 0.71276099375 0.70252791875 0.672647340625 0.7081999078125001
3 0.7538254421875 0.700373415625 0.7132370609375001 0.7033320296875 0.7137380234374999 0.72438989375 0.7544088546875 0.720795153125 0.7538254421875 0.700373415625
1 0.06719479843750001 0.8744887828125 0.0654676484375 0.9033887671875 0.137465603125 0.9014029046875001 0.13874372968749998 0.8780440609375001 0.06719479843750001 0.8744887828125
1 0.138291978125 0.8752363296875 0.1379796421875 0.9004800765625 0.6920745609375001 0.86245033125 0.6923454453125 0.8391444343750001 0.138291978125 0.8752363296875
1 0.692735296875 0.8393713406250001 0.6915377453125 0.8629225406250001 0.7576833296875 0.8575080937499999 0.75855768125 0.8292728109375 0.692735296875 0.8393713406250001