2 0.41895784999999997 0.147950596875 0.008584650000000001 0.0946086796875 0.0062311 0.12109114375 0.71826345 0.20390766249999998 0.715742990625 0.175929109375 0.41895784999999997 0.147950596875
0 0.006458178125 0.12231950625000002 0.0074913515625 0.2139798984375 0.134775003125 0.22964790000000002 0.13792559843750002 0.1367591453125 0.006458178125 0.12231950625000002
3 0.010711123437500001 0.0719361859375 0.0100118109375 0.0931125921875 0.06798258125 0.10094659218749999 0.06735248906249999 0.077444628125 0.010711123437500001 0.0719361859375
3 0.0667082328125 0.075714934375 0.0667223515625 0.0964700234375 0.1209124359375 0.1087806125 0.12343289375 0.084159471875 0.0667082328125 0.075714934375
3 0.1361730015625 0.0857915984375 0.13603523281250002 0.11213800468749999 0.1933759109375 0.1177337109375 0.192745775 0.09535088593749999 0.1361730015625 0.0857915984375
3 0.2084730671875 0.0946086796875 0.207238478125 0.1177337109375 0.262688790625 0.12556773125 0.262688790625 0.1043040234375 0.2084730671875 0.0946086796875
3 0.27652018749999996 0.1034257609375 0.2771815375 0.12444855625 0.3301113046875 0.13563996875 0.330741440625 0.11213800468749999 0.27652018749999996 0.1034257609375
2 0.012563193750000002 0.2651587765625 0.012027921875 0.288957771875 0.7106906546875 0.3568614296875 0.7094573203125 0.3360522125 0.012563193750000002 0.2651587765625
1 0.0823023640625 0.22308614843750002 0.083105421875 0.2497924515625 0.6527312578125 0.30910696875 0.6527312578125 0.2878432796875 0.0823023640625 0.22308614843750002
0 0.3360614171875 0.1626261625 0.335152265625 0.2531498640625 0.420848171875 0.2665795515625 0.42147830781250006 0.17257165937500002 0.3360614171875 0.1626261625
3 0.3502379015625 0.113502425 0.3490148328125 0.13563996875 0.40257482343750006 0.14347396875 0.40320487343750006 0.119972025 0.3502379015625 0.113502425
3 0.4274997359375 0.124838671875 0.42525904062500003 0.1501888328125 0.47629852812499995 0.1546653828125 0.47818885 0.13452083125 0.4274997359375 0.124838671875
3 0.49342038437499997 0.1323961703125 0.4920514171875 0.1557845203125 0.5374198515625 0.1602611078125 0.5374198515625 0.14011655781250001 0.49342038437499997 0.1323961703125
3 0.5550880874999999 0.13995366874999998 0.5544330140625 0.1613802453125 0.6010617203125 0.169214246875 0.6010617203125 0.147950596875 0.5550880874999999 0.13995366874999998
0 0.6054146031250001 0.19033698906250002 0.604212315625 0.27889014218749997 0.7107020734375 0.2889624171875 0.7144828046875 0.2016693484375 0.6054146031250001 0.19033698906250002
3 0.6110851953124999 0.1475111671875 0.6105134203125 0.168095109375 0.6596626718749999 0.174809934375 0.6590324484375001 0.1546653828125 0.6110851953124999 0.1475111671875
3 0.664247009375 0.15380908124999998 0.6634433171875 0.173690796875 0.7132226187499999 0.175929109375 0.7132226187499999 0.15690369531249998 0.664247009375 0.15380908124999998
3 0.012532290625000001 0.2464350015625 0.0131624046875 0.2665795515625 0.070503040625 0.269937003125 0.06861271875 0.2509115890625 0.012532290625000001 0.2464350015625
1 0.008584650000000001 0.218047815625 0.00875158125 0.2430776265625 0.08121505625 0.2497924515625 0.0805849203125 0.22629048749999997 0.008584650000000001 0.218047815625
0 0.6030684015625 0.34909165937500003 0.601634475 0.43267839375 0.709034046875 0.440241203125 0.712345965625 0.355369653125 0.6030684015625 0.34909165937500003
3 0.662815234375 0.3084862953125 0.6628542765625001 0.33354415312499996 0.7120504265625 0.338437246875 0.7128375890624999 0.313272815625 0.662815234375 0.3084862953125
1 0.711332209375 0.31358351875 0.711738228125 0.2923632140625 0.651471071875 0.2878432796875 0.6521012078124999 0.31246438125 0.711332209375 0.31358351875
3 0.07804941875 0.2495373921875 0.0755440453125 0.269937003125 0.1291039921875 0.281128415625 0.1291039921875 0.254269040625 0.07804941875 0.2495373921875
3 0.13759064999999998 0.25583530625 0.13666536875 0.280009278125 0.1971565984375 0.2878432796875 0.19652650625 0.26434127812499997 0.13759064999999998 0.25583530625
3 0.21414366093749998 0.26465238750000003 0.21542999062499998 0.28672410312499996 0.269620075 0.2923198296875 0.2702502109375 0.2710561796875 0.21414366093749998 0.26465238750000003
3 0.28502607812499997 0.27346946875 0.28537300781249997 0.2923198296875 0.3364124953125 0.29903473125 0.337672725 0.27889014218749997 0.28502607812499997 0.27346946875
3 0.3530731984375 0.27976738437500004 0.3502750625 0.30015382968750004 0.4044651453125 0.31022614375 0.4044651453125 0.2878432796875 0.3530731984375 0.27976738437500004
3 0.41828502187499994 0.284805715625 0.4183277125 0.3057495171875 0.4699973375 0.31470265625 0.4725177953125 0.2945581046875 0.41828502187499994 0.284805715625
3 0.48491449375 0.29488237968750003 0.484490040625 0.31694093125 0.536159665625 0.32253665625 0.5367898015625 0.30127296718749996 0.48491449375 0.29488237968750003
3 0.551247403125 0.301405709375 0.55186775 0.31956390625000003 0.6018510640625 0.3307481375 0.6022446453125 0.310476728125 0.551247403125 0.301405709375
3 0.6119013437499999 0.3037659046875 0.6120839078125 0.32655402968749997 0.6620671671875 0.3342431875 0.6628542765625001 0.311874771875 0.6119013437499999 0.3037659046875
0 0.0100447421875 0.3021260484375 0.0126860171875 0.39757905625 0.1334178734375 0.4041566625 0.1311957984375 0.3087813359375 0.0100447421875 0.3021260484375
0 0.3300377296875 0.32355605625 0.3281675984375 0.4150318484375 0.41664217031249995 0.42259462968749995 0.4190078078125 0.331840915625 0.3300377296875 0.32355605625
2 0.01392415625 0.441388028125 0.0143106421875 0.46814162968749995 0.7058262359375 0.508260703125 0.7058262359375 0.489112975 0.01392415625 0.441388028125
1 0.01392415625 0.40033928281250003 0.0143106421875 0.41636228124999997 0.0836162125 0.42000948749999995 0.0836162125 0.40177355312499996 0.01392415625 0.40033928281250003
1 0.0843790953125 0.4013655015625 0.084642975 0.41909772500000003 0.6467881875 0.4592167671875 0.6462748687500001 0.43824542187500004 0.0843790953125 0.4013655015625
1 0.646863603125 0.439335590625 0.6478148984375001 0.4601285609375 0.7083931171875 0.46286394218750004 0.70890650625 0.4428044203125 0.646863603125 0.439335590625
3 0.01392415625 0.41675878125 0.0143106421875 0.4407877125 0.062054509375 0.443523115625 0.062054509375 0.41981638906249996 0.01392415625 0.41675878125
3 0.062434114062500004 0.42086365625 0.062054509375 0.44261130781249997 0.1097983234375 0.4480821078125 0.1103117140625 0.423463571875 0.062434114062500004 0.42086365625
3 0.110944071875 0.4218898734375 0.1103117140625 0.4471702984375 0.158055528125 0.4480821078125 0.158055528125 0.429846165625 0.110944071875 0.4218898734375
3 0.163496525 0.42702096718749993 0.16318928906250002 0.4471702984375 0.20939300468750002 0.4508174875 0.20939300468750002 0.43075794375000004 0.163496525 0.42702096718749993
3 0.220668975 0.43112584218750005 0.2196604921875 0.4499056796875 0.266377596875 0.456288265625 0.266377596875 0.435316934375 0.220668975 0.43112584218750005
3 0.2772639265625 0.437283153125 0.27818522031250004 0.456288265625 0.324388934375 0.46084724843749997 0.32387554375 0.43805232343749995 0.2772639265625 0.437283153125
0 0.33443637656249997 0.48038433593749996 0.3341430328125 0.5757336765625001 0.4224434796875 0.5775572640625 0.42295686874999994 0.48637756249999997 0.33443637656249997 0.48038433593749996
3 0.335591375 0.43625693437499996 0.335169778125 0.4590236609375 0.3788066109375 0.46175905781250004 0.3793200015625 0.43987591875 0.335591375 0.43625693437499996
3 0.3794813359375 0.441388028125 0.3793200015625 0.46267085156250004 0.4219300890625 0.4644944390625 0.42295686874999994 0.4471702984375 0.3794813359375 0.441388028125
3 0.43318878906249997 0.443440465625 0.4321976125 0.46358264531250004 0.4737809546875 0.469053421875 0.4737809546875 0.44625850468749995 0.43318878906249997 0.443440465625
3 0.48631874374999995 0.4485715578125 0.48558850781249996 0.46814162968749995 0.5281987015625 0.4727006125 0.5292254125 0.4508174875 0.48631874374999995 0.4485715578125
3 0.534359103125 0.45264109062499996 0.53487249375 0.47361240625 0.576969296875 0.47543602500000004 0.5785093265625 0.45355286875 0.534359103125 0.45264109062499996
3 0.58564865625 0.4567813078125 0.5841564781249999 0.4790831984375 0.6277933124999999 0.4818185796875 0.6277933124999999 0.4599354546875 0.58564865625 0.4567813078125
0 0.5983536453125 0.5019349265625 0.595964103125 0.5821162640625 0.7027460343749999 0.5939696109375 0.705312915625 0.507348909375 0.5983536453125 0.5019349265625
3 0.6272286203124999 0.45780752500000005 0.627279921875 0.4799950078125 0.6673231640624999 0.484553990625 0.6673231640624999 0.4599354546875 0.6272286203124999 0.45780752500000005
3 0.667653584375 0.46088618124999997 0.668349875 0.484553990625 0.7068530156249999 0.489112975 0.7083931171875 0.4599354546875 0.667653584375 0.46088618124999997
0 0.01450165625 0.4680697125 0.0143106421875 0.5584095359375 0.138547296875 0.5629685203125 0.138547296875 0.469053421875 0.01450165625 0.4680697125
1 0.0156566546875 0.5563245125 0.0158507953125 0.5812044703125 0.0897767203125 0.5857634375 0.0897767203125 0.5620567265624999 0.0156566546875 0.5563245125
2 0.01392415625 0.6045567875 0.0122571515625 0.6322650984375 0.7042861359375 0.6577954125 0.7042861359375 0.6331769234375 0.01392415625 0.6045567875
1 0.0901540890625 0.5594031687500001 0.090803465625 0.5839398499999999 0.64114110625 0.6085583703124999 0.64114110625 0.5875870562500001 0.0901540890625 0.5594031687500001
1 0.6410886078125 0.5881372890625001 0.6421678171874999 0.6067347843750001 0.6955587828125 0.6094701640625 0.6991523734375 0.5921460546875 0.6410886078125 0.5881372890625001
3 0.017389153125 0.5840324156250001 0.0158507953125 0.603087578125 0.06308123593750001 0.6085583703124999 0.063594609375 0.58485164375 0.017389153125 0.5840324156250001
3 0.0687866078125 0.583006196875 0.06821498125 0.605823021875 0.1082581875 0.6085583703124999 0.1097983234375 0.58667523125 0.0687866078125 0.583006196875
3 0.1086340734375 0.5850586343749999 0.1082581875 0.6085583703124999 0.1554886828125 0.6103819890625 0.15497532812499998 0.58667523125 0.1086340734375 0.5850586343749999
3 0.1652290234375 0.5881372890625001 0.16421603437500001 0.6094701640625 0.211959884375 0.6131173703125 0.211959884375 0.5921460546875 0.1652290234375 0.5881372890625001
3 0.22355647343750001 0.5901897265625 0.2242808984375 0.6149409890624999 0.2694578328125 0.6158527515625 0.26997118750000004 0.5903224375 0.22355647343750001 0.5901897265625
3 0.2807289234375 0.5922421640625 0.2817788109375 0.61676454375 0.3290092703125 0.61858813125 0.327982525 0.5921460546875 0.2807289234375 0.5922421640625
3 0.338478871875 0.5942946015625 0.33670991250000004 0.6176763375000001 0.38034674687500003 0.6176763375000001 0.38034674687500003 0.5967050546875 0.338478871875 0.5942946015625
3 0.3806363359375 0.5973732578125001 0.3808601015625 0.6158527515625 0.4234701890625 0.62132354375 0.4239835796875 0.5976168171875 0.3806363359375 0.5973732578125001
3 0.43376628906250003 0.5994256953125 0.434251103125 0.61858813125 0.47480766562500004 0.6249707171875001 0.47583444531249997 0.5994404046875 0.43376628906250003 0.5994256953125
3 0.48343124531250004 0.5994256953125 0.48353501718749997 0.62132354375 0.5251183609375001 0.6258825125 0.5256318203125 0.602175784375 0.48343124531250004 0.5994256953125
3 0.5342512015625 0.60250435 0.534359103125 0.6249707171875001 0.5738889546875 0.6277060984375 0.5733755656249999 0.603087578125 0.5342512015625 0.60250435
3 0.581028659375 0.6066092249999999 0.5821030578124999 0.6295297171875001 0.627279921875 0.6322650984375 0.62676653125 0.6085583703124999 0.581028659375 0.6066092249999999
3 0.6272286203124999 0.6086616625 0.6277933124999999 0.6322650984375 0.663729503125 0.6322650984375 0.6657829937499999 0.6103819890625 0.6272286203124999 0.6086616625
3 0.6641885875 0.60968788125 0.6647562828125 0.6304415109375 0.7012058640625 0.6322650984375 0.7037727453125 0.6122055765625001 0.6641885875 0.60968788125
0 0.01334665625 0.633290909375 0.01283465 0.726966853125 0.13912479687499998 0.728790440625 0.1386114421875 0.6366989453125 0.01334665625 0.633290909375
2 0.6987030921875 0.8062288078125001 0.6987030921875 0.7852575234375 0.01392415625 0.770804203125 0.01437476875 0.800758046875 0.461010659375 0.797110840625 0.5303162312499999 0.796199046875 0.6987030921875 0.8062288078125001
1 0.01334665625 0.7266768031249999 0.01437476875 0.74793816875 0.0883007109375 0.74884999375 0.0883007109375 0.730614059375 0.01334665625 0.7266768031249999
1 0.088421590625 0.724624365625 0.088814084375 0.7506735812499999 0.6370981640625 0.7561443421875 0.6386382640625 0.7369966140625 0.088421590625 0.724624365625
0 0.3332813765625 0.6466317515625 0.3336937859375 0.729702234375 0.41737382656250005 0.729702234375 0.4199407078125 0.6430815 0.3332813765625 0.6466317515625
0 0.5977761453125 0.6568939375 0.5965416015625 0.732437615625 0.6997298734374999 0.7360848203125 0.7038368546875 0.6576702921875001 0.5977761453125 0.6568939375
3 0.0168116546875 0.7492536125 0.01437476875 0.7688451453125 0.0667389890625 0.7734041140625 0.0672523625 0.748785625 0.0168116546875 0.7492536125
3 0.07109660625 0.7482273937499999 0.0713593609375 0.7706687328124999 0.124750328125 0.7734041140625 0.125777071875 0.7515210046874999 0.07109660625 0.7482273937499999
3 0.139819046875 0.7482273937499999 0.1406649328125 0.7706687328124999 0.19200237343749998 0.7761395578125 0.191489053125 0.7506092109375 0.139819046875 0.7482273937499999
3 0.209696484375 0.7513060484375 0.2094571484375 0.7743159390625001 0.259254453125 0.77705131875 0.259254453125 0.7515210046874999 0.209696484375 0.7513060484375
3 0.275531428125 0.7554109234374999 0.27670919375 0.7752277328125 0.32907341562500003 0.77705131875 0.3311269046875 0.7542563859375 0.275531428125 0.7554109234374999
0 0.332126378125 0.799538325 0.3301001953125 0.8837315734375 0.4163471171875 0.8846433671874999 0.4178872171875 0.796199046875 0.332126378125 0.799538325
3 0.34887386249999996 0.7533584859375 0.349608390625 0.7761395578125 0.40248600312500005 0.7761395578125 0.402999321875 0.7515210046874999 0.34887386249999996 0.7533584859375
3 0.4199063015625 0.7543847046875001 0.41942731718750004 0.7706687328124999 0.467684521875 0.7724923203125 0.466144421875 0.7515210046874999 0.4199063015625 0.7543847046875001
3 0.47823374999999996 0.7554109234374999 0.4789788265625 0.7743159390625001 0.52774935 0.77705131875 0.528262740625 0.7506092109375 0.47823374999999996 0.7554109234374999
3 0.6514835984375 0.7584895796875 0.650959278125 0.7816102875000001 0.7012699734375001 0.7843456984375 0.7017833640625 0.7579035921874999 0.6514835984375 0.7584895796875
1 0.639151725 0.7360204515625 0.6396650453125 0.7551681796875 0.6987030921875 0.7597271796875 0.7012699734375001 0.7396676578125 0.639151725 0.7360204515625
3 0.5434911921875 0.7543847046875001 0.5431506359375 0.77887490625 0.59243455 0.7779631124999999 0.5929480109374999 0.7542563859375 0.5434911921875 0.7543847046875001
3 0.604128640625 0.7543847046875001 0.6042421734375 0.77887490625 0.65147266875 0.7843456984375 0.65147266875 0.7579035921874999 0.604128640625 0.7543847046875001
0 0.01334665625 0.799538325 0.015914904687500002 0.8837315734375 0.13707130625 0.8828197812499999 0.1396381875 0.794375490625 0.01334665625 0.799538325
1 0.0168116546875 0.8857406875 0.01642829375 0.9056147140625 0.087273965625 0.9056147140625 0.0862472203125 0.8855551609375001 0.0168116546875 0.8857406875
1 0.0872665921875 0.88471446875 0.088814084375 0.9028793015625001 0.6345312828125 0.90835009375 0.6345312828125 0.8837315734375 0.0872665921875 0.88471446875
0 0.5943111484375 0.8036431984375 0.59243455 0.8846433671874999 0.6987030921875 0.8828197812499999 0.7017833640625 0.8080524578125001 0.5943111484375 0.8036431984375