3 0.6973328171875 0.061593915624999995 0.040746679687499995 0.067491440625 0.0393957640625 0.0929905109375 0.6985557703125 0.0799372015625 0.6973328171875 0.061593915624999995
3 0.6955407375 0.2368579453125 0.046310725000000004 0.258715228125 0.0478495328125 0.288785809375 0.6975590796875 0.25885385156249996 0.6955407375 0.2368579453125
3 0.037967120312500005 0.44575043125 0.0378641796875 0.4666900625 0.6974633359375 0.4450471625 0.6959199015624999 0.4156859078125 0.037967120312500005 0.44575043125
3 0.0465740796875 0.623105909375 0.047444345312500004 0.6538270703125 0.700929246875 0.6115327296874999 0.7014514968750001 0.582111321875 0.0465740796875 0.623105909375
3 0.062928978125 0.8002359468750001 0.062141429687500006 0.8273373734374999 0.7024718421875 0.7829752625 0.7031365796875 0.7584507609375 0.062928978125 0.8002359468750001
0 0.043343543750000005 0.1271282125 0.050237071875 0.2287273796875 0.10267686250000001 0.23087735 0.10226094999999999 0.12184147187500001 0.043343543750000005 0.1271282125
2 0.09934024687500001 0.0925202671875 0.043180640625 0.09191798749999999 0.040976290625 0.12362467343750001 0.10084811406250001 0.120657340625 0.09934024687500001 0.0925202671875
0 0.40820915625 0.12029081562499999 0.3499955828125 0.12432989218749999 0.3533240953125 0.2235842609375 0.4133027546875 0.22428953906250002 0.40820915625 0.12029081562499999
2 0.40528850624999996 0.09096961249999999 0.3506045390625 0.0860350359375 0.3495364140625 0.117097015625 0.40661827031250003 0.11298557812500001 0.40528850624999996 0.09096961249999999
0 0.7027125640625 0.1043701140625 0.64768270625 0.10954373749999999 0.651377215625 0.2112359875 0.7038170578125 0.21338595625 0.7027125640625 0.1043701140625
2 0.7000768328125 0.0848427203125 0.64557119375 0.08275286093749999 0.6456663328125 0.10970575468749999 0.6998868953125 0.10200180625 0.7000768328125 0.0848427203125
1 0.05584008593749999 0.23087841406249998 0.055876478125 0.2567442625 0.7030810796875 0.23546200781249998 0.7036745734375 0.20848905156250003 0.05584008593749999 0.23087841406249998
0 0.07760932161965248 0.35981271751493066 0.0680616286090973 0.10621493882958344
2 0.07672027526687475 0.2972581661281598 0.05675914627652778 0.023184233282499987
0 0.3858400489182289 0.34900838297750036 0.06791615824437507 0.09996493882958343
2 0.38416975256545116 0.2864356477951392 0.06482621941479164 0.034303571238402865
0 0.6753753276035761 0.33542388734590334 0.06344686379145834 0.10923083605604171
2 0.6721243474552081 0.2735960345723617 0.05999324905006951 0.02794446846486114
0 0.07008384308680511 0.5488024823325695 0.06976959897381954 0.11250130642076392
2 0.06926753191638849 0.48312293094579867 0.06322735182361114 0.03270470364722229
0 0.37844185695451343 0.5325293977951392 0.06493662860909737 0.1061422036472223
2 0.37517269301055517 0.4714827950215975 0.06159211664125008 0.029543336056041626
0 0.6688856722089926 0.5134943359591325 0.06486389342673604 0.10301720364722229
2 0.6718846920606246 0.451811953550313 0.04124324905006951 0.027508057370694415
1 0.7059383515625 0.73631455625 0.05857956875 0.7759801671875 0.06273495 0.8003644187500001 0.7080992859374999 0.7632073640625 0.7059383515625 0.73631455625
0 0.08001862148781189 0.7264735406531945 0.06479115824437506 0.09989220364722229
2 0.07680400893062445 0.6630831878796528 0.06010235182361114 0.03263196846486114
0 0.3829260691511105 0.7092919195466323 0.06475479065319459 0.0983297036472223
2 0.37971145659392314 0.6459015667730906 0.06460801386770836 0.024928571238402773
0 0.67416931820118 0.6894937915062158 0.06479115824437506 0.09989220364722229
2 0.672480838052812 0.6277023063238547 0.05992051386770836 0.02481946846486114
1 0.7107828375 0.9028087109375 0.069873834375 0.9500802500000001 0.0711648484375 0.971655253125 0.7093227093750001 0.9236805921875 0.7107828375 0.9028087109375
0 0.09794773784472148 0.8965139369297223 0.06177526101791675 0.10450696846486096
2 0.09620470630958262 0.8370662017473613 0.06929551386770835 0.025037674011944233
0 0.3885006558727423 0.8727913750937155 0.06341049620027786 0.10766833605604162
2 0.3891013743376035 0.8133981912981254 0.0614102786853473 0.021730836056041626
0 0.6780541183536799 0.8584256294621188 0.06177526101791671 0.10450696846486096
2 0.6771287044097216 0.7974335780753478 0.05388871941479163 0.03404899810013902
1 0.3773177276798261 0.41290722881718783 0.6606842332825 0.071597123478195
1 0.6987788312500001 0.5613109921875 0.045400740625000005 0.6072780375 0.044011778125 0.630598396875 0.7021743359375 0.58326685 0.6987788312500001 0.5613109921875