2 0.7892845578125 0.7773201546874999 0.784077896875 0.756022215625 0.072376125 0.9158651515624999 0.0754275078125 0.940498853125 0.7892845578125 0.7773201546874999
3 0.1279410453125 0.95215863125 0.12367137187499999 0.9285517953125 0.07395968281250001 0.9401444250000001 0.07964239375 0.9687764515625 0.1279410453125 0.95215863125
3 0.17185748437499998 0.9434718953125 0.16866352499999998 0.9186359812499999 0.1230640796875 0.9286264140625 0.12831065 0.9514839546875 0.17185748437499998 0.9434718953125
3 0.2310082515625 0.9285256609375001 0.22729404999999997 0.909238128125 0.1750142890625 0.92004941875 0.1808671140625 0.9419409875 0.2310082515625 0.9285256609375001
3 0.2931955609375 0.9132064015625 0.2902793359375 0.8905301171875 0.2421988640625 0.9052129375 0.24656653906249998 0.9266694734375 0.2931955609375 0.9132064015625
3 0.34781751875 0.8966229125 0.346064090625 0.878191290625 0.29654305625 0.8864698390625 0.2997893828125 0.90881734375 0.34781751875 0.8966229125
3 0.40434835625 0.8852892499999999 0.4009637078125 0.8637674078125 0.35321280312500003 0.8762160421875 0.3579905484375 0.9026944406249999 0.40434835625 0.8852892499999999
3 0.45900557343750004 0.878573390625 0.4577723609375 0.8545934562499999 0.4097955 0.8604884859374999 0.41300303281249995 0.8897644687499999 0.45900557343750004 0.878573390625
0 0.49922020937499995 0.8195423749999999 0.48774600625 0.7255231984375 0.39585274843749996 0.7401050062500001 0.4092358765625 0.83937406875 0.49922020937499995 0.8195423749999999
3 0.50706521875 0.8613569562500001 0.5053636546875 0.8385314703125 0.46125652656250005 0.8505322937500001 0.4644693765625 0.8762418046875 0.50706521875 0.8613569562500001
3 0.5597616265625 0.8537851890624999 0.55675835625 0.825635175 0.516572790625 0.8393479484374999 0.5197907875000001 0.8612170515625 0.5597616265625 0.8537851890624999
3 0.6101324234375001 0.8377239718749999 0.6067477765625 0.8162021578124999 0.5632479546875 0.8281284546875 0.565824296875 0.8504187546875001 0.6101324234375001 0.8377239718749999
3 0.6617531078125001 0.83138121875 0.6593571375 0.803156646875 0.6176792484375 0.8148589828125001 0.621715028125 0.8353240468750001 0.6617531078125001 0.83138121875
3 0.7129571265625 0.8217990531250001 0.70976316875 0.7969631406250001 0.66813710625 0.8042716015625 0.6713763484374999 0.8302504546874999 0.7129571265625 0.8217990531250001
0 0.7878087640625 0.761048203125 0.7753977812499999 0.669337896875 0.667853478125 0.6869396875 0.680238140625 0.7777410687499999 0.7878087640625 0.761048203125
3 0.7544961406249999 0.8090168500000001 0.751857653125 0.7885002234375 0.7130774343749999 0.798749678125 0.7155716890625 0.8186496078125 0.7544961406249999 0.8090168500000001
3 0.7955150546875001 0.801783021875 0.7933449203125 0.7801119484375 0.75138923125 0.7896546796874999 0.7554728421875 0.8096332187499999 0.7955150546875001 0.801783021875
2 0.7778768125 0.6262547781250001 0.777163840625 0.59672645 0.0597870671875 0.7364258640625 0.0631198875 0.7623415515625 0.7778768125 0.6262547781250001
3 0.1277549734375 0.7708529734375 0.1215245234375 0.74639019375 0.057896721875 0.755305190625 0.0627781140625 0.78367791875 0.1277549734375 0.7708529734375
1 0.7090111859375 0.68078564375 0.70656331875 0.65695495625 0.128640025 0.77293805625 0.13186270312499998 0.79472913125 0.7090111859375 0.68078564375
3 0.18563934531249998 0.760449978125 0.18136963125 0.7368430859374999 0.12268728437500001 0.7506348593750001 0.12772948906249998 0.77158355 0.18563934531249998 0.760449978125
3 0.259452421875 0.74918659375 0.2558418640625 0.72111123125 0.1985647859375 0.7314396375000001 0.20205043125 0.760394740625 0.259452421875 0.74918659375
3 0.327712721875 0.7331211140625 0.3240503375 0.7094396265625 0.266582571875 0.7230821328125 0.269588025 0.7459257781249999 0.327712721875 0.7331211140625
3 0.39914841874999996 0.7177623359374999 0.396093321875 0.6940061984375 0.3418009640625 0.708355465625 0.3439574984375 0.730617365625 0.39914841874999996 0.7177623359374999
3 0.474557496875 0.6997215703124999 0.47178014062500007 0.67812510625 0.41922260624999996 0.6867767421875 0.42275135781250006 0.7137369078125 0.474557496875 0.6997215703124999
3 0.5416032078125 0.6838052984375 0.5389647203125 0.663288671875 0.49116195156250003 0.68013115625 0.4928751703125 0.696893346875 0.5416032078125 0.6838052984375
3 0.602055609375 0.6741835703125 0.5994171265625 0.6536669749999999 0.549427696875 0.6630999296875 0.5521333140625 0.6854985203124999 0.602055609375 0.6741835703125
3 0.668025609375 0.65949640625 0.666081453125 0.6443788406250001 0.6135239234375 0.653030509375 0.61581584375 0.672531646875 0.668025609375 0.65949640625
3 0.722353196875 0.6550148171875 0.719766528125 0.6301042546875 0.670610378125 0.6460161624999999 0.6736264140625 0.6633715062500001 0.722353196875 0.6550148171875
0 0.7733293296875 0.600488275 0.758159609375 0.5113106171874999 0.653044478125 0.5286139624999999 0.6651778 0.6181646453125 0.7733293296875 0.600488275
3 0.7701041375 0.6425661781249999 0.7669971624999999 0.623204046875 0.7224734296875 0.6319653890625 0.7249730546875 0.6514022390624999 0.7701041375 0.6425661781249999
0 0.1897144046875 0.7105894109374999 0.17483895 0.6093098828125 0.043696996875 0.635295609375 0.05644690625 0.7299501 0.1897144046875 0.7105894109374999
0 0.4191336671875 0.6429122546875 0.4021066390625 0.5440908640625 0.3206598328125 0.5727455078125 0.33412868281249997 0.672177253125 0.4191336671875 0.6429122546875
1 0.1308706953125 0.622390571875 0.1256289171875 0.5912250046875 0.0465760421875 0.6097134296875 0.04949226875 0.6323897296875 0.1308706953125 0.622390571875
1 0.6921896249999999 0.52599790625 0.688717928125 0.4990023203125 0.13595306093749998 0.589956453125 0.1390733390625 0.6169565609375 0.6921896249999999 0.52599790625
2 0.7476496140625 0.467961925 0.7442648953125001 0.4464400890625 0.031205739062499998 0.5285708921875 0.034622059375 0.5557451875 0.7476496140625 0.467961925
3 0.7532727421875001 0.492499359375 0.748725328125 0.4667328484375 0.70111325 0.4802612640625 0.7037247890625 0.49718441249999995 0.7532727421875001 0.492499359375
1 0.754984221875 0.5106039796874999 0.7518772359375 0.4912417875 0.6950686609375001 0.500415790625 0.696828996875 0.515514690625 0.754984221875 0.5106039796874999
0 0.204975221875 0.882022175 0.189770153125 0.7829770109374999 0.0564767453125 0.811420828125 0.0715429125 0.9093861593750001 0.204975221875 0.882022175
1 0.1326319984375 0.794385246875 0.1287788921875 0.7740178625 0.075891834375 0.7849037578125 0.0791275140625 0.8073792890625 0.1326319984375 0.794385246875
1 0.7784343125000001 0.6689647921875 0.7763160046875 0.64289984375 0.70656331875 0.65695495625 0.7085516125 0.6786199625 0.7784343125000001 0.6689647921875
3 0.1046227515625 0.576588003125 0.1018972203125 0.550597665625 0.040559771875 0.5581343421875 0.044660375 0.5843356562500001 0.1046227515625 0.576588003125
3 0.16030378125 0.5730370484375 0.1582373921875 0.5425781171875 0.10446531249999999 0.55137901875 0.10765926562499999 0.5762149 0.16030378125 0.5730370484375
3 0.2341168609375 0.5617736921875001 0.23232824062500002 0.5334744015624999 0.175190003125 0.5448826796875 0.177312684375 0.5680363578125001 0.2341168609375 0.5617736921875001
3 0.29882041406250004 0.551629615625 0.2962337828125 0.5267190796875 0.240552709375 0.5302701046875 0.24353290312500003 0.5568144937499999 0.29882041406250004 0.551629615625
3 0.3700135625 0.543978815625 0.370133840625 0.5209294765625 0.309872121875 0.527237075 0.3124210140625 0.5483500515624999 0.3700135625 0.543978815625
3 0.43985326249999995 0.5353974484374999 0.43712773125000004 0.5094071109375 0.38476091874999996 0.5147446421875 0.388970721875 0.5410010296875 0.43985326249999995 0.5353974484374999
3 0.502544221875 0.528791396875 0.49725057812499995 0.5020196765625 0.448198003125 0.5091437812499999 0.4498883046875 0.5335159453125 0.502544221875 0.528791396875
3 0.5692084796875 0.519503271875 0.5655979203125 0.491427909375 0.5104723484375 0.49929818593749997 0.513392109375 0.5236562640625 0.5692084796875 0.519503271875
3 0.6322289921875 0.5106629265625 0.6293645921875 0.48359275 0.5764775703125 0.494478640625 0.58008459375 0.5206036546874999 0.6322289921875 0.5106629265625
3 0.7002985984375 0.497911484375 0.69845816875 0.4740061921875 0.64281228125 0.48742483906249995 0.6450359703124999 0.5085092859375 0.7002985984375 0.497911484375
0 0.1564487453125 0.5142788921875 0.14348222187499998 0.418249309375 0.0203388453125 0.43447709218749997 0.0302284453125 0.53057478125 0.1564487453125 0.5142788921875
0 0.44439674843750004 0.4843824578125 0.4319856875 0.3926720984375 0.3510238734375 0.4059107984375 0.3611094 0.4891317609375 0.44439674843750004 0.4843824578125
0 0.7427207499999999 0.44882355937499996 0.7313335953125 0.3602781234375 0.6272943140625 0.37635234375 0.6365576703125 0.45607369531249997 0.7427207499999999 0.44882355937499996
2 0.7386710937500001 0.31659797031250003 0.7350605390625 0.28852263906250003 0.0110513125 0.347867378125 0.015822553125 0.3780833140625 0.7386710937500001 0.31659797031250003
3 0.085960671875 0.3978949546875 0.0821594046875 0.3731336625 0.021429246875 0.38059571875 0.024770751562500002 0.4026940875 0.085960671875 0.3978949546875
1 0.091393146875 0.42574648593750003 0.08759186249999999 0.4009851953125 0.0227494640625 0.4100493390625 0.024951846875 0.4355809671875 0.091393146875 0.42574648593750003
1 0.6704645890625 0.3666603734375 0.6674094968750001 0.342904265625 0.08880648125 0.400835953125 0.092798365625 0.4190172234375 0.6704645890625 0.3666603734375
1 0.7297895249999999 0.3626616484375 0.72645669375 0.3367458671875 0.6700645765625 0.34915930624999997 0.6735010515625001 0.3662872765625 0.7297895249999999 0.3626616484375
3 0.14407091875 0.39404548125 0.13836074062499998 0.3640342734375 0.08182985312499999 0.37536783125 0.0852492109375 0.39629136875 0.14407091875 0.39404548125
3 0.214569759375 0.3809955234375 0.208946596875 0.35645809375000004 0.148164609375 0.36831411875 0.15312887343749998 0.3889792453125 0.214569759375 0.3809955234375
3 0.2802972171875 0.3740163703125 0.27779759375 0.35457955 0.22421616718749998 0.36006635625 0.2274012875 0.381910040625 0.2802972171875 0.3740163703125
3 0.367454271875 0.375372925 0.3666025 0.344764753125 0.31138987500000004 0.34716125625 0.3140200875 0.3764090390625 0.367454271875 0.375372925
3 0.4342574390625 0.36716466406250003 0.4326076890625 0.33994521093749996 0.376128628125 0.346884925 0.3792650015625 0.3755911171875 0.4342574390625 0.36716466406250003
3 0.504374903125 0.36074290625 0.5011809453125 0.33590699218750003 0.4484845421875 0.3434787921875 0.4496006828125 0.3648919859375 0.504374903125 0.36074290625
3 0.568089753125 0.3573016515625 0.5631256687499999 0.3282957 0.516033909375 0.336275775 0.51908899375 0.36003182031250003 0.568089753125 0.3573016515625
3 0.6296178703125 0.3464508796875 0.627586684375 0.32585969531250003 0.5750810375000001 0.3301173859375 0.5789187234375001 0.3541444296875 0.6296178703125 0.3464508796875
0 0.7356160109375 0.292841925 0.7259988984375 0.20846644531249997 0.6180029828125 0.2129611421875 0.6278976765625 0.299496190625 0.7356160109375 0.292841925
3 0.693801146875 0.3418552 0.6912144734375001 0.3169446046875 0.644920703125 0.3215360234375 0.6478068328125001 0.3456799859375 0.693801146875 0.3418552
3 0.7289728390625 0.341921109375 0.7255011484375 0.31492558593750003 0.6911626609375 0.321338575 0.6931739625 0.343190853125 0.7289728390625 0.341921109375
0 0.1462889 0.334541028125 0.1329927921875 0.24074577343749998 0.0014564953125 0.2503502390625 0.0014799984375 0.25439011875 0.013055239062499998 0.3475710296875 0.1462889 0.334541028125
0 0.4488473625 0.31272144218750003 0.4348921 0.22339465625 0.3429636734375 0.22810871562499999 0.3542119734375 0.3155744359375 0.4488473625 0.31272144218750003
1 0.08156285625000001 0.2437743578125 0.08135358125 0.22295931093750002 0.008910600000000001 0.22089167187499997 0.0102346625 0.2491902046875 0.08156285625000001 0.2437743578125
1 0.6624747453125 0.2085936609375 0.661189840625 0.1890075234375 0.0792021171875 0.2254174671875 0.0810911375 0.242540725 0.6624747453125 0.2085936609375
1 0.7245584734375 0.20206215625 0.7214514921874999 0.182699965625 0.661189840625 0.1890075234375 0.6630720296875 0.20805414843749997 0.7245584734375 0.20206215625