2 0.010134871875 0.1716368296875 0.0108932609375 0.19371897031250002 0.8186977859375 0.256546153125 0.8183955328125 0.23015837656250002 0.010134871875 0.1716368296875
0 0.012586662500000002 0.1977917171875 0.0116387328125 0.30365615 0.15070662031249998 0.31459726718750003 0.1507312265625 0.2090748734375 0.012586662500000002 0.1977917171875
3 0.0116845890625 0.138864209375 0.01135479375 0.1691959609375 0.0653312359375 0.17493739375 0.0659033890625 0.1480630765625 0.0116845890625 0.138864209375
3 0.06506027343750001 0.1448672015625 0.06627478906249999 0.1731668875 0.11918280156250001 0.17709085468750002 0.11670573749999999 0.149249125 0.06506027343750001 0.1448672015625
3 0.11925813125 0.1494924140625 0.11833293281249999 0.1815522921875 0.17322169999999998 0.1846262640625 0.1731971859375 0.155049271875 0.11925813125 0.1494924140625
3 0.180924103125 0.15205205156249998 0.1817084671875 0.1823721484375 0.2356536796875 0.187216590625 0.235219825 0.1603187875 0.180924103125 0.15205205156249998
3 0.24518350312499998 0.1569121640625 0.24609162499999998 0.1838752609375 0.30160829375 0.19054894375 0.30067145 0.163639396875 0.24518350312499998 0.1569121640625
3 0.30688849687499997 0.16059267500000002 0.30761300937499997 0.1897928390625 0.3606147078125 0.19640780468750002 0.35970909375 0.1703952125 0.30688849687499997 0.16059267500000002
0 0.37559496718749996 0.2213757921875 0.37667910312499997 0.3253688859375 0.47989091874999995 0.3332744921875 0.47810314062500003 0.22880896874999998 0.37559496718749996 0.2213757921875
3 0.373780353125 0.1688741359375 0.373127090625 0.1949073703125 0.426631775 0.20153404687499998 0.4266384484375 0.17285402656249998 0.373780353125 0.1688741359375
3 0.4261306921875 0.1745761796875 0.42656931875000004 0.1997400875 0.4775278046875 0.2054110609375 0.47806873124999993 0.17763975468749998 0.4261306921875 0.1745761796875
3 0.48983929374999996 0.1816633578125 0.48956843125000005 0.20479590625 0.540055159375 0.21135212499999997 0.5386152937500001 0.1844308328125 0.48983929374999996 0.1816633578125
3 0.55582914375 0.182084015625 0.5561444625 0.207246471875 0.6051534249999999 0.21466443124999998 0.6036823671875 0.186846153125 0.55582914375 0.182084015625
3 0.607203346875 0.1869283546875 0.6085807187500001 0.21205568593750002 0.6600421890625 0.2177384 0.6600800953125 0.18995538750000002 0.607203346875 0.1869283546875
3 0.66809679375 0.1892462546875 0.6670529203125 0.217005853125 0.7195203640625001 0.22271203437499998 0.7186147515625 0.1966994609375 0.66809679375 0.1892462546875
0 0.6907386546875001 0.2424688453125 0.6951424375 0.3547877921875 0.8235700515625 0.361083690625 0.8210121984375001 0.2522034203125 0.6907386546875001 0.2424688453125
3 0.718973521875 0.1937325859375 0.719395453125 0.21912408125 0.7682795015624999 0.22295410625 0.7669021671875 0.1978267953125 0.718973521875 0.1937325859375
3 0.77258155625 0.1994639890625 0.7723659203125 0.224842028125 0.8187974578125001 0.2304073125 0.8179855296874999 0.2070857375 0.77258155625 0.1994639890625
2 0.014814356249999999 0.35588977499999996 0.01471725625 0.3839061265625 0.821273084375 0.44042843749999994 0.820441325 0.41653725625 0.014814356249999999 0.35588977499999996
0 0.0121634453125 0.380948025 0.012928653125 0.49442809531250004 0.15068896874999999 0.5051827140625 0.1491270453125 0.3996081671875 0.0121634453125 0.380948025
3 0.0139938046875 0.332320490625 0.012343931249999999 0.3562097453125 0.07672836250000001 0.3639949171875 0.07506016875 0.336315021875 0.0139938046875 0.332320490625
1 0.014011729687499998 0.3033692625 0.014225793749999998 0.3291322796875 0.09542688906249999 0.33699155625 0.0953482171875 0.31552102031249996 0.014011729687499998 0.3033692625
1 0.101147653125 0.308384384375 0.10061561249999999 0.33234185 0.7463789671875001 0.3808138125 0.7454647109375 0.3545529765625 0.101147653125 0.308384384375
0 0.6967256140625 0.43618025468750005 0.6984281578125 0.5343036859375 0.8248189937499999 0.5422800953125 0.8225519625000001 0.4366890375 0.6967256140625 0.43618025468750005
3 0.76698798125 0.37973030625000004 0.7679563421875 0.4065170703125 0.818194625 0.4127155703125 0.81802425 0.387583490625 0.76698798125 0.37973030625000004
1 0.8247901593750001 0.3871486 0.8241889203125 0.36665136249999997 0.7473537734375 0.3527118546875 0.7487467078125001 0.37812240468749997 0.8247901593750001 0.3871486
3 0.0792278671875 0.3338434671875 0.0800788375 0.3590474953125 0.13318142187499998 0.36656927499999997 0.13234966718750002 0.342678190625 0.0792278671875 0.3338434671875
3 0.155976671875 0.33720527968749997 0.155040009375 0.36707959375 0.220042046875 0.3723663875 0.218461409375 0.34720135625 0.155976671875 0.33720527968749997
3 0.2469395453125 0.3440389546875 0.2482466890625 0.3730248625 0.302671934375 0.37806474843750004 0.30250150625 0.3529326421875 0.2469395453125 0.3440389546875
3 0.3307406828125 0.34756541093750004 0.33008391718749996 0.3761918734375 0.38948878124999997 0.3826043765625 0.3892308 0.35495745312500004 0.3307406828125 0.34756541093750004
0 0.38323138437500004 0.413161228125 0.38654795000000003 0.520740396875 0.4848216984375 0.5305731953125 0.4844949328125 0.4200018421875 0.38323138437500004 0.413161228125
3 0.4076535984375 0.35564108125 0.40918822343750005 0.38180787656250004 0.466477771875 0.38817104687500004 0.465514684375 0.36050758906249997 0.4076535984375 0.35564108125
3 0.48991046406249994 0.36541151875 0.49111305625 0.38748973124999997 0.54774116875 0.39509382187500003 0.5468656359375 0.3699452546875 0.48991046406249994 0.36541151875
3 0.5646226703125 0.3608757421875 0.5702611921875 0.39436319375 0.622527290625 0.3980962625 0.62019776875 0.371657290625 0.5646226703125 0.3608757421875
3 0.647043646875 0.3753600359375 0.6479990625000001 0.40120370781250003 0.6961219734374999 0.4073528234375 0.6959516 0.38222071875 0.647043646875 0.3753600359375
3 0.70687905625 0.37361695781250004 0.706523609375 0.40257004218750003 0.764518315625 0.4089496265625 0.763817890625 0.3888308171875 0.70687905625 0.37361695781250004
2 0.0092560046875 0.5504410703125 0.008854309375 0.5797685984375 0.821935975 0.6213663781250001 0.822426875 0.5949933234375 0.0092560046875 0.5504410703125
0 0.0085322890625 0.5802543375 0.01125266875 0.6891319546875 0.154478775 0.69498858125 0.15362200625 0.589430425 0.0085322890625 0.5802543375
3 0.012843159375 0.5269746890625 0.012739484374999999 0.54970553125 0.0706027828125 0.5523128625 0.07126881562500001 0.5309694953124999 0.012843159375 0.5269746890625
1 0.008995059375 0.49234466250000003 0.0054741453124999995 0.5231513984375 0.0931274015625 0.5314798109375001 0.090092778125 0.50502445 0.008995059375 0.49234466250000003
1 0.09207676249999999 0.5013015109375 0.09581654687499999 0.5277733828125 0.7509084078125 0.5644262953125 0.7507380328125 0.5392941890625 0.09207676249999999 0.5013015109375
0 0.692150890625 0.6170799859375 0.6949040906249999 0.716400384375 0.827023428125 0.7270233046875 0.8247565046875 0.6214322296875 0.692150890625 0.6170799859375
3 0.76369133125 0.5633443437500001 0.76729658125 0.589937025 0.8237934156250001 0.59376879375 0.8222565 0.5698612187500001 0.76369133125 0.5633443437500001
1 0.7511919265625 0.533222365625 0.7515260125000001 0.561927890625 0.828646278125 0.571266784375 0.8278145218749999 0.547375675 0.7511919265625 0.533222365625
3 0.083366471875 0.52862115 0.083956221875 0.55136818125 0.1474604140625 0.55410720625 0.148214028125 0.53527870625 0.083366471875 0.52862115
3 0.1599511671875 0.527269103125 0.15909252812500002 0.5644300140625 0.2211864828125 0.56713606875 0.22137100156249997 0.53196100625 0.1599511671875 0.527269103125
3 0.236091946875 0.5384667624999999 0.237141515625 0.5599701406250001 0.2980003671875 0.5676730015625 0.2970810578125 0.5412670265624999 0.236091946875 0.5384667624999999
3 0.3198383796875 0.5404219343750001 0.3184049671875 0.5668929875 0.381996740625 0.5721468328125 0.3824438625 0.544516321875 0.3198383796875 0.5404219343750001
0 0.37734481249999996 0.5982848078125 0.37949835625 0.7027547859375 0.48403060625 0.7102209234375 0.481058521875 0.6046132859375 0.37734481249999996 0.5982848078125
3 0.400058646875 0.542294784375 0.400859746875 0.56756156875 0.462336203125 0.5727660296875 0.461592 0.5513897859375 0.400058646875 0.542294784375
3 0.4795067796875 0.547289625 0.47780495937499995 0.5718707796875 0.5357995609375 0.5782503859375 0.5371269468750001 0.5556660234375 0.4795067796875 0.547289625
3 0.55372036875 0.553732265625 0.5548815015625 0.5799522671874999 0.6142425359375 0.5851073390625 0.6105028046875 0.5586355140625 0.55372036875 0.553732265625
3 0.626061465625 0.5569911734375 0.6267157625 0.5791165125 0.6932593953125 0.588208528125 0.69097354375 0.5630270359375 0.626061465625 0.5569911734375
3 0.7018740265625001 0.55876111875 0.7030434249999999 0.5859241265625 0.7645636031249999 0.59238599375 0.762234084375 0.56594709375 0.7018740265625001 0.55876111875
1 0.0130242578125 0.683979771875 0.014112217187500001 0.7105576328125001 0.0870018265625 0.7197978515625 0.0875365296875 0.6946822078125 0.0130242578125 0.683979771875
2 0.0065605703125 0.7554333953125 0.004220128125 0.7776813312499999 0.8402067984375 0.8082822640625 0.839176965625 0.7787016921875 0.0065605703125 0.7554333953125
1 0.0907640109375 0.6905047359375 0.091276284375 0.7211539375 0.75095380625 0.747862759375 0.7508709812500001 0.725245425 0.0907640109375 0.6905047359375
1 0.7515855515625 0.7216325828125 0.75029241875 0.7491036109375 0.825827475 0.7533798984375 0.8250832718750001 0.7320036062499999 0.7515855515625 0.7216325828125
0 0.003908546875 0.7784551625 0.0075624984375 0.8935224749999999 0.156593478125 0.8896126000000001 0.151649646875 0.7872808765625 0.003908546875 0.7784551625
3 0.0061844546875 0.7152202609375 0.0064341203125 0.7530961640625 0.05923026875 0.7518159390625 0.0589722890625 0.7241690140625 0.0061844546875 0.7152202609375
3 0.059131640625 0.7180263921875001 0.06050914843750001 0.7480765875000001 0.1148906484375 0.7518591125 0.1137524515625 0.719165896875 0.059131640625 0.7180263921875001
3 0.1148328609375 0.7240368359375 0.11630091093749999 0.7518920375 0.16790567812499999 0.7568659328125 0.168221525 0.7254631484375 0.1148328609375 0.7240368359375
3 0.1774223 0.72549806875 0.1776459859375 0.7533242203125 0.2306172390625 0.75707363125 0.23031548124999998 0.7281692484375 0.1774223 0.72549806875
3 0.2408932796875 0.7269798828125 0.24110643125000003 0.7548057874999999 0.29134476249999997 0.7610042171875 0.2924970453125 0.73339016875 0.2408932796875 0.7269798828125
3 0.31328908125 0.731810078125 0.3130720171875 0.7577422109375 0.3624739171875 0.7601519999999999 0.3621722140625 0.7312476203125 0.31328908125 0.731810078125
0 0.38599325 0.7919921750000001 0.3869609859375 0.901148440625 0.49153924531250004 0.9097475656249999 0.491695540625 0.7952197015625 0.38599325 0.7919921750000001
3 0.37857784843750003 0.734904340625 0.3800580421875 0.759306090625 0.4323679703125 0.7642965937499999 0.430082228125 0.7391151015624999 0.37857784843750003 0.734904340625
3 0.431360925 0.7329966140625 0.432897971875 0.75928341875 0.4830925796875 0.7642243921875 0.48199816406249996 0.7327886828125 0.431360925 0.7329966140625
3 0.49576814999999996 0.7360702953125 0.4964897421875 0.7645371671875 0.5474332359375 0.7707521546875 0.5443110046874999 0.741781925 0.49576814999999996 0.7360702953125
3 0.5584122921875 0.739102815625 0.5585400296875 0.7659858125000001 0.6115112890625001 0.769735415625 0.6084328296875 0.7420225 0.5584122921875 0.739102815625
3 0.6220473859375 0.7452984875 0.6234106828125 0.76750030625 0.672943915625 0.7736823687500001 0.6712318921875 0.7447450625 0.6220473859375 0.7452984875
0 0.707592278125 0.8041170687499999 0.7098139421874999 0.9111488812499999 0.8444594875 0.9105978046875001 0.8389103375 0.8107150484375 0.707592278125 0.8041170687499999
3 0.6916891546875 0.746924365625 0.691276865625 0.7741103765624999 0.7408100953125001 0.780292390625 0.739847009375 0.7526290062500001 0.6916891546875 0.746924365625
3 0.738448934375 0.7510795203125 0.7395874921875001 0.776671409375 0.7904570078125001 0.7793682171875 0.7887161703125 0.7536723234375 0.738448934375 0.7510795203125
3 0.78871201875 0.751310071875 0.790404421875 0.7778577984374999 0.83746269375 0.7804656296875 0.8377866468749999 0.7533088 0.78871201875 0.751310071875
1 0.0191630984375 0.8942297078125 0.019393259375 0.9159659609374999 0.0926980984375 0.918908909375 0.0917540859375 0.891793390625 0.0191630984375 0.8942297078125
1 0.09244913125000001 0.89132393125 0.0934750546875 0.9213900515625 0.766698246875 0.9383388937499999 0.76579714375 0.9124558828125 0.09244913125000001 0.89132393125
1 0.7666468656250001 0.9132196234375 0.7674322421875 0.9395875328125 0.8330485968750001 0.93988793125 0.8342209640625 0.9140533281250001 0.7666468656250001 0.9132196234375