3 0.6823960828125 0.8395029781250001 0.6782154578124999 0.8140024171875 0.0558593203125 0.9720681984375 0.058004770312499995 0.9943505015625 0.6823960828125 0.8395029781250001
0 0.11976297656249998 0.9267784609374999 0.10279834843749999 0.8105933999999999 0.0398604828125 0.8285079578125 0.052525503125 0.939552896875 0.11976297656249998 0.9267784609374999
2 0.1236835734375 0.9499447296874999 0.1180536390625 0.9234538625000001 0.052876887500000004 0.939299375 0.057795128125 0.969944446875 0.1236835734375 0.9499447296874999
0 0.42414102031249995 0.8528033390624999 0.4126947 0.750093584375 0.3550425453125 0.7613765296875 0.36544910937499997 0.8642814109374999 0.42414102031249995 0.8528033390624999
2 0.42806157968749997 0.8759696109374999 0.4258595578125 0.8502037234375001 0.365959378125 0.86534188125 0.36936013437500004 0.8937444578125 0.42806157968749997 0.8759696109374999
3 0.6553423078125 0.6808405671875 0.6528709453125 0.658664603125 0.042981121875 0.77241365625 0.048750328125 0.7941474625 0.6553423078125 0.6808405671875
1 0.6607120625 0.7049971453125 0.655212234375 0.679673396875 0.038457356250000005 0.7978966109375001 0.040338884375 0.8245691109375001 0.6607120625 0.7049971453125
0 0.6735051921874999 0.789757425 0.6591328734374999 0.7028396734375 0.6145420671874999 0.7111869375000001 0.6287762359375 0.8001016640625 0.6735051921874999 0.789757425
2 0.679135084375 0.81624828125 0.6723162171875 0.7911014359374999 0.625477303125 0.8033038546875 0.630710334375 0.82871910625 0.679135084375 0.81624828125
0 0.10389864062500001 0.726316078125 0.0932685203125 0.6255905187499999 0.0319323125 0.6359197390625 0.0402633234375 0.7434532093749999 0.10389864062500001 0.726316078125
2 0.1076920828125 0.75740048125 0.10269527656249999 0.728583634375 0.0391210765625 0.74553145625 0.044066975 0.771576659375 0.1076920828125 0.75740048125
0 0.41045577812499995 0.6788988296875 0.3985209984375 0.5878260578125001 0.3471528421875 0.5968189390624999 0.3587724953125 0.6879165484375 0.41045577812499995 0.6788988296875
2 0.41171137968749993 0.7008455640625 0.40881236718749997 0.6801722375 0.35967404375 0.6878131234375 0.3623654125 0.710144103125 0.41171137968749993 0.7008455640625
0 0.65028395 0.6414807312499999 0.6320148390625 0.5523102546875001 0.5889713203125 0.561240178125 0.60252406875 0.64240228125 0.65028395 0.6414807312499999
2 0.6531829640625 0.66215405625 0.6511098125 0.6382106984375 0.6036230734375 0.6393115093749999 0.6060085703125 0.6636570109375 0.6531829640625 0.66215405625
3 0.627579865625 0.5392145265625 0.6237557828125 0.5102403984375 0.0215672125 0.590972946875 0.024079068749999998 0.618253746875 0.627579865625 0.5392145265625
1 0.6351779125 0.5539923953125 0.6326339796875 0.5311652687499999 0.0269273234375 0.61236946875 0.0297699375 0.6342758890625 0.6351779125 0.5539923953125
0 0.08211859375 0.557580703125 0.07325579531250001 0.451352696875 0.009813575 0.4588049484375 0.0170244953125 0.559958028125 0.08211859375 0.557580703125
2 0.081020525 0.5851085234375 0.0777827859375 0.5560557562499999 0.01727245 0.563115034375 0.0198356640625 0.5901892515625 0.081020525 0.5851085234375
0 0.3871397734375 0.517741084375 0.37508116406249997 0.4308971890625 0.3257115078125 0.43646291875000004 0.3384684828125 0.525749790625 0.3871397734375 0.517741084375
2 0.39167408593749997 0.5424075984375001 0.38855198125 0.5143924125 0.3358955015625 0.5225049609375 0.3390961265625 0.5464001671875 0.39167408593749997 0.5424075984375001
0 0.62273144375 0.4903688296875 0.6117135453125 0.412863409375 0.5713786828125 0.41405851406250005 0.5808688015625 0.4938749265625 0.62273144375 0.4903688296875
2 0.6166039046875 0.5101461031250001 0.615340053125 0.49346595625 0.5794567296875 0.497223578125 0.5809435328125 0.5212455453125 0.6166039046875 0.5101461031250001
1 0.6131174984375 0.4147812953125 0.6069397890625 0.3913883375 0.0089131203125 0.4347043734375 0.0103636984375 0.46014047187499996 0.6131174984375 0.4147812953125
3 0 0.264976 0.5768045984375 0.26516286093749997 0.57227035625 0.240496365625 0 0.2343780734375 0 0.264976
1 0 0.11685133750000001 0.5571806765625 0.1424748171875 0.5548762609375 0.116456296875 0 0.09674917968749999 0 0.11685133750000001
0 0 0.2122233859375 0.044927800000000004 0.218521825 0.036288125 0.1196356140625 0 0.117283575 0 0.2122233859375
2 0 0.2340162484375 0.0432598484375 0.23559502499999999 0.04259876875 0.208303046875 0 0.2125758921875 0 0.2340162484375
0 0.33394445781250004 0.21663328437499998 0.32177015625 0.12875190625 0.269476925 0.129443925 0.280363615625 0.2146229328125 0.33394445781250004 0.21663328437499998
2 0.3370747328125 0.23938177187499998 0.3340600890625 0.21767086562500002 0.27966091875 0.21548596718750002 0.2825242953125 0.23901721406249998 0.3370747328125 0.23938177187499998
0 0.5684298421875 0.2220554328125 0.55964169375 0.1431979046875 0.51579706875 0.139598128125 0.5298611671875 0.2206683140625 0.5684298421875 0.2220554328125
2 0.572972328125 0.24145527968749997 0.5713616499999999 0.221662378125 0.529862334375 0.21774805625 0.5323547078125 0.2430432578125 0.572972328125 0.24145527968749997