2 0.058298190625 0.1876113703125 0.0573479109375 0.217348815625 0.70936785625 0.21643795625 0.70936785625 0.196398615625 0.058298190625 0.1876113703125
3 0.059848860937500005 0.16739529375 0.0578149328125 0.192113209375 0.1170626609375 0.195369409375 0.1158410625 0.1638930015625 0.059848860937500005 0.16739529375
0 0.058298190625 0.2162995171875 0.0619612421875 0.303882271875 0.1696060421875 0.303882271875 0.1670430625 0.2146161765625 0.058298190625 0.2162995171875
3 0.117560259375 0.17105791406249998 0.1170626609375 0.19319859687500002 0.16287276875 0.195369409375 0.16470514375 0.1704053640625 0.117560259375 0.17105791406249998
3 0.1787068609375 0.17105791406249998 0.1781428046875 0.188857009375 0.231893278125 0.194283965625 0.2300609015625 0.1649784078125 0.1787068609375 0.17105791406249998
3 0.23710530156249998 0.163732675 0.2355581125 0.19319859687500002 0.285033015625 0.194283965625 0.285033015625 0.1682346078125 0.23710530156249998 0.163732675
3 0.298251903125 0.16739529375 0.2978598140625 0.188857009375 0.35038873125 0.19319859687500002 0.35038873125 0.1704053640625 0.298251903125 0.16739529375
3 0.3683300296875 0.17105791406249998 0.3674911421875 0.196454759375 0.4145228484375 0.197540165625 0.4145228484375 0.1769177078125 0.3683300296875 0.17105791406249998
3 0.4239803078125 0.1734996609375 0.424295715625 0.194283965625 0.473159796875 0.194283965625 0.4737707015625 0.1704053640625 0.4239803078125 0.1734996609375
3 0.486500990625 0.1722787875 0.484765040625 0.191027784375 0.5366831375000001 0.196454759375 0.5366831375000001 0.1714907515625 0.486500990625 0.1722787875
3 0.5469605515625 0.1722787875 0.5464559203125 0.194283965625 0.5947092656249999 0.196454759375 0.59593090625 0.1747469140625 0.5469605515625 0.1722787875
0 0.6066214875 0.2203978234375 0.602748221875 0.30297139687499997 0.7042418968749999 0.302060490625 0.70731755625 0.2137053484375 0.6066214875 0.2203978234375
3 0.60879419375 0.174720534375 0.6087577046875 0.197540165625 0.6618973578125 0.195369409375 0.662508178125 0.1769177078125 0.60879419375 0.174720534375
3 0.662382975 0.1760429203125 0.6638379546875 0.1968145625 0.71087329375 0.1968145625 0.7111747703125 0.17216871875 0.662382975 0.1760429203125
0 0.349468815625 0.21937324687499998 0.349526646875 0.30297139687499997 0.4259032078125 0.302060490625 0.4264158171875 0.2182597375 0.349468815625 0.21937324687499998
2 0.0679154984375 0.34997863281249997 0.0668760984375 0.3726293734375 0.7170912015625001 0.36560015468749996 0.718574559375 0.33924054375 0.0679154984375 0.34997863281249997
3 0.0706963875 0.323293721875 0.06885393281249999 0.3505359171875 0.1222556453125 0.3487786 0.1207722546875 0.325054965625 0.0706963875 0.323293721875
1 0.06809997500000001 0.3064622640625 0.0686249609375 0.32392158125 0.1239851640625 0.32392158125 0.1255229234375 0.302060490625 0.06809997500000001 0.3064622640625
1 0.126910675 0.30236395781250003 0.1250103484375 0.32209983124999997 0.6473439515625 0.3230107375 0.6458062625000001 0.29932786562499997 0.126910675 0.30236395781250003
1 0.646405196875 0.30236395781250003 0.6458062625000001 0.32209983124999997 0.7057797265625 0.3193672078125 0.7047545765625001 0.29932786562499997 0.646405196875 0.30236395781250003
3 0.12297710625 0.3272470421875 0.1222556453125 0.3471484296875 0.17318506875 0.3497844125 0.173679509375 0.3243034078125 0.12297710625 0.3272470421875
3 0.1802634265625 0.323293721875 0.1786240921875 0.34539114375 0.2359814890625 0.3462697640625 0.2359814890625 0.3243034078125 0.1802634265625 0.323293721875
3 0.24422387968749998 0.324282053125 0.24339837968750003 0.34802708125000004 0.2933388515625 0.34890571718749996 0.2928443765625 0.3251820734375 0.24422387968749998 0.324282053125
3 0.320976425 0.324282053125 0.31954522500000004 0.3471484296875 0.37146356406250003 0.34890571718749996 0.370474646875 0.3251820734375 0.320976425 0.324282053125
3 0.3815998109375 0.3262587125 0.38135276406249996 0.3471484296875 0.43079879375 0.34890571718749996 0.42931536875000004 0.3243034078125 0.3815998109375 0.3262587125
3 0.4450040875 0.32131706250000003 0.44464369374999996 0.3471484296875 0.4935952484375 0.3471484296875 0.4935952484375 0.3251820734375 0.4450040875 0.32131706250000003
3 0.5067398296875 0.3223053921875 0.50842903125 0.3462697640625 0.5504581359375 0.3471484296875 0.5514470874999999 0.3243034078125 0.5067398296875 0.3223053921875
3 0.5629137937500001 0.32131706250000003 0.561830728125 0.34363381249999997 0.6117712328125 0.34363381249999997 0.6117712328125 0.3234248015625 0.5629137937500001 0.32131706250000003
3 0.6246495359375001 0.323293721875 0.624132775 0.34363381249999997 0.6720953125 0.3445124484375 0.6725897875 0.3207888046875 0.6246495359375001 0.323293721875
3 0.6713684765625 0.319340403125 0.6706119546875 0.3409978765625 0.705224134375 0.3409978765625 0.704729728125 0.31903151875 0.6713684765625 0.319340403125
0 0.0673593203125 0.3756752125 0.07231515625 0.4604947703125 0.1825797921875 0.45698016875 0.179613009375 0.3708720734375 0.0673593203125 0.3756752125
0 0.364914475 0.3707335625 0.36602450625 0.45258688437499994 0.4500827171875 0.4508296140625 0.449093834375 0.369993421875 0.364914475 0.3707335625
0 0.614638334375 0.368756903125 0.6132545921875 0.44819363125 0.7156079109375 0.44467899843750003 0.7165967265625001 0.3647214875 0.614638334375 0.368756903125
2 0.06433672968750001 0.5064847718750001 0.0659503296875 0.530104484375 0.71263586875 0.5064105078125001 0.71120734375 0.48356274218750006 0.06433672968750001 0.5064847718750001
1 0.084600834375 0.4626482515625 0.08418220625 0.48158250625 0.1400562109375 0.4763105421875 0.14055065312499998 0.45785881875 0.084600834375 0.4626482515625
1 0.1413309765625 0.45671827187499997 0.1400562109375 0.4763105421875 0.654294746875 0.46488805468749994 0.6567670546875 0.44819363125 0.1413309765625 0.45671827187499997
1 0.6569078515625 0.446834971875 0.656272646875 0.4657667046875 0.71511336875 0.46488805468749994 0.7141244171875 0.44555765 0.6569078515625 0.446834971875
3 0.06279169531249999 0.48074278125000003 0.062341609374999996 0.50595045 0.10714291875 0.5043257265625 0.10577145624999999 0.48320426093749996 0.06279169531249999 0.48074278125000003
3 0.10752863593749999 0.48165654687500004 0.1085143828125 0.5010762640624999 0.1519442140625 0.5027009875 0.15148710625 0.4783300328125 0.10752863593749999 0.48165654687500004
3 0.1512371390625 0.47526018125 0.152401384375 0.497826803125 0.19811701875 0.4994515546875 0.1976598484375 0.477517684375 0.1512371390625 0.47526018125
3 0.2042015625 0.47526018125 0.2040600734375 0.49538973124999997 0.2465755484375 0.497826803125 0.2465755484375 0.4734558625 0.2042015625 0.47526018125
3 0.25613755 0.4743464140625 0.2534329125 0.494577340625 0.2991485171875 0.496202065625 0.2991485171875 0.4718311234375 0.25613755 0.4743464140625
3 0.309616190625 0.473432646875 0.309205978125 0.492952603125 0.351721484375 0.4921402421875 0.351721484375 0.4734558625 0.309616190625 0.473432646875
3 0.36309483125 0.4743464140625 0.3626932546875 0.4921402421875 0.404751621875 0.4913279078125 0.404751621875 0.4718311234375 0.36309483125 0.4743464140625
0 0.36590398281250003 0.5179068546875001 0.366911496875 0.601186471875 0.44596145 0.597801571875 0.44548523125 0.5140264296875 0.36590398281250003 0.5179068546875001
3 0.40423224687500003 0.473432646875 0.402923003125 0.4905155171875 0.44452423281250003 0.4921402421875 0.44452423281250003 0.47264350000000005 0.40423224687500003 0.473432646875
3 0.4516069328125 0.4684111609375 0.45094463124999995 0.490438084375 0.49046959218749997 0.490438084375 0.4899933734375 0.471821384375 0.4516069328125 0.4684111609375
3 0.501957415625 0.4684111609375 0.50189851875 0.4878994671875 0.542852103125 0.487053228125 0.542852103125 0.46759031718750005 0.501957415625 0.4684111609375
3 0.54962968125 0.4684111609375 0.5499951249999999 0.4887456484375 0.590948709375 0.4878994671875 0.591901146875 0.4667441375 0.54962968125 0.4684111609375
3 0.596230659375 0.46650748125 0.597615578125 0.48451458281250004 0.6371405718750001 0.48451458281250004 0.637616790625 0.4667441375 0.596230659375 0.46650748125
0 0.6101573890624999 0.50553293125 0.610728159375 0.589339440625 0.711683496875 0.5800311265625 0.711683496875 0.50387190625 0.6101573890624999 0.50553293125
3 0.637475203125 0.46650748125 0.6357119140624999 0.4853608078125 0.6752369078125 0.48451458281250004 0.6752369078125 0.46759031718750005 0.637475203125 0.46650748125
3 0.676577175 0.46650748125 0.6761892796875 0.48451458281250004 0.7152380546875 0.4853608078125 0.713809528125 0.46505168750000003 0.676577175 0.46650748125
0 0.06594365937499999 0.5302807781250001 0.070712371875 0.61387965625 0.18452521093750002 0.6088023640625 0.18119180937499998 0.5250272515625001 0.06594365937499999 0.5302807781250001
2 0.06862187656249999 0.65497185 0.070712371875 0.67988429375 0.7073976578125001 0.6409584734375 0.7073976578125001 0.6231879984375001 0.06862187656249999 0.65497185
1 0.0707644515625 0.6121390390625 0.0702361703125 0.6333425515625 0.1383334140625 0.6333425515625 0.13738097656249998 0.6096486046875 0.0707644515625 0.6121390390625
1 0.1387911671875 0.6130908796875 0.1392858203125 0.63165013125 0.6516818093750001 0.6054175234375 0.6502530875 0.5859545984375 0.1387911671875 0.6130908796875
1 0.6519375765625 0.5873911921875 0.649776934375 0.6028788625 0.7088263140625 0.6028788625 0.7093024671875 0.584262178125 0.6519375765625 0.5873911921875
0 0.0718357375 0.6806715359375 0.07309340156250001 0.7577359625 0.18452521093750002 0.7560435421875 0.1840490578125 0.6714221609375 0.0718357375 0.6806715359375
3 0.06969316406250001 0.630224003125 0.0688075625 0.6519592656250001 0.1092849265625 0.652805446875 0.1040466828125 0.6341887625 0.06969316406250001 0.630224003125
3 0.11093770781250001 0.6359350453125 0.1102373328125 0.6511130265625 0.152619525 0.6519592656250001 0.1511909328125 0.632496340625 0.11093770781250001 0.6359350453125
3 0.1553961140625 0.6340313640625 0.1540481484375 0.650266815625 0.1916682984375 0.650266815625 0.1916682984375 0.63165013125 0.1553961140625 0.6340313640625
3 0.20253273593749999 0.6283203234375 0.20214478749999998 0.646881975 0.24405077656250002 0.6477282140625 0.2445269625 0.6231879984375001 0.20253273593749999 0.6283203234375
3 0.2534188625 0.6283203234375 0.25357486093750004 0.6485743953124999 0.29643325625 0.6460357640625001 0.296909475 0.62488041875 0.2534188625 0.6283203234375
3 0.3064475625 0.6254648015625001 0.3059573390625 0.6426508937500001 0.348815734375 0.641804684375 0.349291953125 0.6181107359375 0.3064475625 0.6254648015625001
0 0.3616188359375 0.6597310515625 0.3635780625 0.7433503 0.4402469546875 0.7374268578125001 0.4416756109375 0.6544978968749999 0.3616188359375 0.6597310515625
3 0.3605475484375 0.6207056015625 0.3611970671875 0.6384198421875 0.4021506171875 0.6367273921875001 0.4026268375 0.6189569171875 0.3605475484375 0.6207056015625
3 0.40286337968749997 0.6188019203125 0.40405542812500006 0.63926608125 0.4426279828125 0.6367273921875001 0.4421518296875 0.6155720765625 0.40286337968749997 0.6188019203125
3 0.448928715625 0.61404271875 0.4492948515625 0.632496340625 0.48739125312500003 0.63165013125 0.48834362656249997 0.6155720765625 0.448928715625 0.61404271875
3 0.4987435546875 0.6111871984375 0.4992964 0.62995768125 0.5364402984375001 0.62995768125 0.5369164515625 0.6104947859375 0.4987435546875 0.6111871984375
3 0.54802275 0.6111871984375 0.548345378125 0.6291114703125 0.5869179328125 0.6282652609375 0.5854893421875 0.6079561546875001 0.54802275 0.6111871984375
3 0.5940880859375001 0.6102353578125 0.5940610203125 0.6282652609375 0.6331097296875 0.6257266296874999 0.6312049187500001 0.604571284375 0.5940880859375001 0.6102353578125
0 0.606943528125 0.647357128125 0.6069185390625 0.7230411953125 0.7088263140625 0.7213487453125 0.7083500296875 0.6409584734375 0.606943528125 0.647357128125
3 0.6321187687500001 0.606427996875 0.6321573578125 0.6214955484375 0.6688251015625 0.6257266296874999 0.6693013203125 0.6079561546875001 0.6321187687500001 0.606427996875
3 0.670149453125 0.6016687968750001 0.67025369375 0.62488041875 0.705969 0.624034209375 0.706445284375 0.602032653125 0.670149453125 0.6016687968750001
2 0.0792840515625 0.797263134375 0.07785544375 0.81841845 0.7073976578125001 0.7786464484375 0.6959687296875 0.755798653125 0.0792840515625 0.797263134375
1 0.0745139546875 0.7568187562500001 0.0740458234375 0.7797375484375 0.14071441093749998 0.7771988296875 0.1388096 0.755197303125 0.0745139546875 0.7568187562500001
1 0.14307631406250002 0.7568187562500001 0.1426192546875 0.7738139875 0.6454910953125 0.7416579375000001 0.6459672484375 0.7230411953125 0.14307631406250002 0.7568187562500001
0 0.607479171875 0.781566603125 0.6069185390625 0.860729140625 0.705969 0.8497283765624999 0.7078738765625 0.7752615781250001 0.607479171875 0.781566603125
3 0.6615791578125 0.73968563125 0.6616820140625 0.7583373140624999 0.705492846875 0.7591835234375 0.7069214374999999 0.7397205984374999 0.6615791578125 0.73968563125
1 0.6476524296874999 0.7235043484375 0.6483482765625 0.7391192484375 0.7069214374999999 0.7408116984374999 0.7045404093750001 0.7205025921875 0.6476524296874999 0.7235043484375
0 0.077379240625 0.8209571390624999 0.08118889375 0.900501171875 0.19071589375 0.8928852781250001 0.187382459375 0.81841845 0.077379240625 0.8209571390624999
3 0.08308425 0.781566603125 0.08214128281250001 0.79980179375 0.1269044875 0.797263134375 0.1269044875 0.7786464484375 0.08308425 0.781566603125
3 0.129685228125 0.7777592421875 0.1288092984375 0.7938782640625 0.1792869984375 0.7955707125 0.17785837499999999 0.774415396875 0.129685228125 0.7777592421875
3 0.1928911546875 0.7720482 0.1916682984375 0.7955707125 0.24166974843750003 0.790493421875 0.2402411234375 0.7718767078125001 0.1928911546875 0.7720482
3 0.25556143593749997 0.7644334781250001 0.25547970468750003 0.7921858421875 0.3069097453125 0.790493421875 0.3069097453125 0.76764565625 0.25556143593749997 0.7644334781250001
3 0.3230525078125 0.7644334781250001 0.323100696875 0.7888010015625 0.37024493125 0.7845699203125001 0.37024493125 0.763414575 0.3230525078125 0.7644334781250001
3 0.3819732859375 0.7606261171875001 0.381673825 0.7820312890625 0.4292943109375 0.780338840625 0.429770465625 0.757491103125 0.3819732859375 0.7606261171875001
3 0.4408940640625 0.7539632359375 0.4402469546875 0.7769539984375 0.4878674078125 0.7735691578125 0.48834362656249997 0.7515676015625 0.4408940640625 0.7539632359375
3 0.5046356328125 0.749204034375 0.5026297359375 0.7651069953125 0.548345378125 0.770184315625 0.548821596875 0.7507213921875 0.5046356328125 0.749204034375
3 0.55873561875 0.7473003546875 0.5597743046875 0.771030496875 0.6059661015625 0.7659532359375001 0.6054898828125 0.7431054687499999 0.55873561875 0.7473003546875
3 0.6149781796875 0.7444448328125 0.61549021875 0.761722184375 0.6612058609375 0.761722184375 0.6607296421875 0.7422592296875 0.6149781796875 0.7444448328125
1 0.0841555375 0.9005466343749999 0.0845222953125 0.9165792250000001 0.14690509375 0.9148868625000001 0.14690509375 0.89880875 0.0841555375 0.9005466343749999
1 0.648188071875 0.8596175031250001 0.6488244953125 0.8751147749999999 0.705969 0.8700374828124999 0.705492846875 0.8497283765624999 0.648188071875 0.8596175031250001