2 0 0.9118299515625001 0.806635353125 0.8068524796875 0.8050936171874999 0.780634421875 0 0.88974461875 0 0.9118299515625001
0 0 0.8857895812500001 0.13690715 0.8666996625 0.12950206250000001 0.7619278375 0 0.7795953640625 0 0.8857895812500001
3 0 0.9195569750000001 0.0020342015625 0.9445159125 0.0558969734375 0.9322223265625 0.0534421671875 0.9055721453125001 0 0.9143499296875 0 0.9195569750000001
3 0.1068856109375 0.9280837937499999 0.1074285234375 0.9002953515625001 0.0545145515625 0.9072750875000001 0.055272910937499996 0.9354446515625 0.1068856109375 0.9280837937499999
3 0.163270784375 0.9190323421875 0.16122678125 0.8896638984375 0.106262109375 0.8959151171874999 0.1094345171875 0.9276934718750001 0.163270784375 0.9190323421875
3 0.22525357656249997 0.9101853828124999 0.22380846875 0.883453246875 0.1699161828125 0.8914073765625 0.17124828281249999 0.9215579390625 0.22525357656249997 0.9101853828124999
3 0.2908198375 0.9030736421875 0.2898795609375 0.8763005312500001 0.23453543125 0.8861625046875 0.2355083234375 0.9129871109375 0.2908198375 0.9030736421875
3 0.34969785937500003 0.8929249078125 0.34878892499999997 0.867044203125 0.295968984375 0.8767012968750001 0.29728292343749996 0.9057363875 0.34969785937500003 0.8929249078125
0 0.4646338515625 0.828025509375 0.459124671875 0.7241974203125 0.35591877968749996 0.7380623765625 0.3621022875 0.8413803812499999 0.4646338515625 0.828025509375
3 0.41680995625 0.88658271875 0.41479733437500005 0.8581066937499999 0.3614725640625 0.8678047296875 0.36395007968750004 0.893615071875 0.41680995625 0.88658271875
3 0.46817809062500004 0.8788334624999999 0.4656919421875 0.851290840625 0.41486001874999995 0.8598915578125 0.4161790609375 0.8849023859375 0.46817809062500004 0.8788334624999999
3 0.5285705640625 0.868561771875 0.5281351562500001 0.8417476828125 0.47783940625000004 0.851199865625 0.47972961875 0.8741524015625 0.5285705640625 0.868561771875
3 0.5938135515625 0.8623713046875 0.5933467625 0.8346647812500001 0.5445968828125001 0.8448864593750001 0.5460397828125 0.8698886578125 0.5938135515625 0.8623713046875
3 0.6502927125 0.8559971281250001 0.6483114328124999 0.8284135609375 0.5969746796875001 0.8370552531250001 0.597347440625 0.862084475 0.6502927125 0.8559971281250001
3 0.7086659046875 0.845889365625 0.7077569703125 0.82000868125 0.6554105546875 0.8287323046875 0.6584014953125 0.8562339890624999 0.7086659046875 0.845889365625
0 0.8077240328125 0.784811434375 0.8026802375000001 0.6765550578124999 0.674012321875 0.6902913828125 0.677440909375 0.8020696109375001 0.8077240328125 0.784811434375
3 0.7571303890625 0.8419557093750001 0.7567575890625 0.8169265093750001 0.707882340625 0.8235784421875 0.7092340828125 0.8488142703125 0.7571303890625 0.8419557093750001
3 0.807836903125 0.8297852171875 0.8070219984375001 0.8065818859375 0.7607336234375001 0.8148138218750001 0.76272536875 0.8399991265625 0.807836903125 0.8297852171875
2 0 0.7275186328125 0.7956564453125 0.6216775250000001 0.7948216375 0.597907475 0 0.6994960109374999 0 0.7275186328125
0 0 0.7013206390625 0.1219683609375 0.6776125203125 0.1161545640625 0.5726964437500001 0 0.588472321875 0 0.7013206390625
3 0 0.7511686296875 0.051935735937500005 0.7447731546874999 0.0516768078125 0.7171925390625 0 0.7264378421875 0 0.7511686296875
1 0 0.779561834375 0.0737856609375 0.7642370859375001 0.07236307812500001 0.7429143921875 0 0.754102503125 0 0.779561834375
1 0.7246177171875 0.687591609375 0.7237001078125 0.6614639203125 0.07790450625 0.747228675 0.0801149765625 0.7709850515625 0.7246177171875 0.687591609375
0 0.7963688328125 0.6015457921875 0.791262725 0.49657222812499996 0.66475991875 0.5118584234375 0.6699112109375001 0.609384478125 0.7963688328125 0.6015457921875
3 0.7952516203125 0.6505666125 0.79366513125 0.6256030234375001 0.743594125 0.6346855484375 0.744494128125 0.6613385828125 0.7952516203125 0.6505666125
1 0.7262686375 0.6639982234375 0.7266455609375 0.689309559375 0.8029129765624999 0.6709908437500001 0.8020838031249999 0.6506040796875 0.7262686375 0.6639982234375
3 0.1090838109375 0.735116165625 0.10824900468750001 0.7113462125 0.0553910671875 0.7219095624999999 0.056298384374999996 0.7469842578125 0.1090838109375 0.735116165625
3 0.19533557343750002 0.725606275 0.19516451875000002 0.7005277750000001 0.130187746875 0.7095655375 0.133218815625 0.739173175 0.19533557343750002 0.725606275
3 0.27942021562499997 0.715017584375 0.27783378124999997 0.690053965625 0.22347258593750002 0.698230128125 0.224185821875 0.727086440625 0.27942021562499997 0.715017584375
3 0.3664675421875 0.7079523203125 0.364793234375 0.6804866328125 0.3055220328125 0.690315896875 0.30818444375 0.718700853125 0.3664675421875 0.7079523203125
0 0.45768728125 0.6378174390625 0.4502822984375 0.5280120171875 0.352175434375 0.5435026828125 0.3563654953125 0.6505114140625 0.45768728125 0.6378174390625
3 0.442767534375 0.697995546875 0.4418009140625 0.6704723484375 0.3846527875 0.6801293421875 0.3849401625 0.7061998140625 0.442767534375 0.697995546875
3 0.52388955 0.68388351875 0.5230108046875 0.6588624609375 0.4666144109375 0.6697130140625001 0.466949621875 0.6917045765625 0.52388955 0.68388351875
3 0.5974905875000001 0.677909634375 0.5979832859374999 0.6515225890624999 0.5457012812500001 0.6582753718750001 0.5423750265625 0.6918537140625001 0.5974905875000001 0.677909634375
3 0.672907084375 0.6630060515625 0.67132059375 0.6380424375 0.6233727171875 0.6469526359375 0.624219771875 0.6726685203125 0.672907084375 0.6630060515625
3 0.7406707375 0.6524874421875 0.7399677421875 0.6324706390625 0.6821118687500001 0.642185028125 0.684494209375 0.6709118484375 0.7406707375 0.6524874421875
2 0 0.5327177484375001 0.7851711078125 0.4443726453125 0.78283304375 0.41821543125 0 0.5034603046874999 0 0.5327177484375001
0 0 0.5025712234374999 0.11321076875 0.4888758859375 0.10668922656249999 0.38401718281249997 0 0.3945412875 0 0.5025712234374999
3 0 0.5560734828125 0.03450994375 0.5517215609375 0.0323476015625 0.5305685359375001 0 0.5338939421875 0 0.5560734828125
1 0 0.5882490406249999 0.055248292187500006 0.5763853015625 0.056448684375 0.5499408859375 0 0.5585679046875 0 0.5882490406249999
1 0.7169979843750001 0.503854584375 0.715411496875 0.47889096875000003 0.0594113125 0.5534642703125 0.057503178125 0.5799661781250001 0.7169979843750001 0.503854584375
0 0.785663915625 0.4179856625 0.7805577 0.31301208593749996 0.6484811328125 0.3312598765625 0.6526599171874999 0.4300356359375 0.785663915625 0.4179856625
3 0.786757596875 0.469336259375 0.7866305359375 0.4455088375 0.7301022749999999 0.45260619843749994 0.7283378390624999 0.47922021406250004 0.786757596875 0.469336259375
1 0.7939177374999999 0.49133823593750003 0.7930829312500001 0.467568259375 0.716207115625 0.48133564062499995 0.7178789546875 0.5098568484375 0.7939177374999999 0.49133823593750003
3 0.1115615609375 0.542958359375 0.10948706718750001 0.52430745 0.0458378828125 0.5307282343749999 0.046835959375 0.5533481484375 0.1115615609375 0.542958359375
3 0.18533829531249998 0.541988709375 0.18269261718750002 0.507074121875 0.12045883906249999 0.513379975 0.123921103125 0.550227025 0.18533829531249998 0.541988709375
3 0.260798728125 0.528336159375 0.2598760484375 0.5020640671875001 0.1992334015625 0.5132592703125 0.1996822390625 0.5346711609375 0.260798728125 0.528336159375
3 0.34638668125 0.5201347484375 0.34400468125 0.49272645312499996 0.2804433421875 0.5016493078125001 0.283735765625 0.5278488921875 0.34638668125 0.5201347484375
0 0.4413207328125 0.454716890625 0.43692225625000003 0.34968576875 0.33235819375000003 0.3631913375 0.33749998125 0.4670451671875 0.4413207328125 0.454716890625
3 0.42547355 0.5086971046875 0.4247266203125 0.48742924218750006 0.3632883546875 0.496179775 0.364250196875 0.5213138749999999 0.42547355 0.5086971046875
3 0.5011097359375001 0.5000488359374999 0.49819573906250003 0.47770216874999993 0.440339971875 0.48741657343749994 0.4437700453125 0.5117240328125 0.5011097359375001 0.5000488359374999
3 0.5746667828125 0.49282387187500004 0.576574865625 0.46632201718750005 0.5172597796875 0.4749002203125 0.517926346875 0.501001753125 0.5746667828125 0.49282387187500004
3 0.6552568546875001 0.48377346718750003 0.6557936 0.45863751875 0.589533203125 0.471543340625 0.5904229078125 0.4935497375 0.6552568546875001 0.48377346718750003
3 0.7266908296875 0.476720875 0.7271835296875 0.45033390000000006 0.6657892546874999 0.46033546249999996 0.6665134687500001 0.4873737875 0.7266908296875 0.476720875
1 0 0.3961787765625 0.0394136265625 0.3882229640625 0.0371194734375 0.3633167890625 0 0.37017691406250003 0 0.3961787765625
2 0 0.32865774999999997 0.78916120625 0.2609922359375 0.7881275984375 0.23156164375000002 0 0.3059364453125 0 0.32865774999999997
1 0.70412600625 0.31921572187499997 0.7026273890625 0.296754128125 0.041321740625 0.361721203125 0.042950390625 0.3921826734375 0.70412600625 0.31921572187499997
1 0.7782589328125 0.3081802171875 0.777512 0.2869123078125 0.701875709375 0.295560634375 0.70509705 0.3227612703125 0.7782589328125 0.3081802171875
0 0 0.30398488281249997 0.09739008125000001 0.2925449890625 0.0952029203125 0.19065160781249998 0 0.193698615625 0 0.30398488281249997
3 0.064056071875 0.3623851546875 0.06291370156250001 0.3298577 0.00850854375 0.3367828796875 0.00922548125 0.3667000265625 0.064056071875 0.3623851546875
3 0.118373384375 0.35295799843750003 0.11585951718750001 0.3217965578125 0.0643291375 0.329742815625 0.064801528125 0.357485828125 0.118373384375 0.35295799843750003
3 0.1806071609375 0.3466520984375 0.17888891406250002 0.3179353296875 0.1258991609375 0.3247454359375 0.1276204796875 0.3523870796875 0.1806071609375 0.3466520984375
3 0.24275311875 0.337844125 0.239663371875 0.310493275 0.1895923109375 0.31957573125 0.191324203125 0.347216515625 0.24275311875 0.337844125
3 0.3129474046875 0.3359106 0.3112291046875 0.3071938359375 0.2617339265625 0.3124657984375 0.2637658609375 0.33820118125 0.3129474046875 0.3359106
0 0.43868290468750004 0.264843690625 0.43051557812499996 0.151138 0.3259845046875 0.16577119375 0.332646146875 0.27420893125 0.43868290468750004 0.264843690625
3 0.38066706875 0.324140984375 0.38120370625 0.29900504375 0.32896558593749997 0.3070088875 0.32918423125 0.331323671875 0.38066706875 0.324140984375
3 0.4333006265625 0.3273966828125 0.43220219843749996 0.29612035937500003 0.38208714375 0.3039517390625 0.382380478125 0.33014150937500003 0.4333006265625 0.3273966828125
3 0.49531471875 0.31483551875 0.4964272875 0.2858889828125 0.4456484859375 0.29502898125 0.4469140734375 0.3233358140625 0.49531471875 0.31483551875
3 0.55975955 0.31085945000000004 0.5609160546874999 0.2831638546875 0.5079263078125 0.289974153125 0.5096781203125 0.31667374531250003 0.55975955 0.31085945000000004
3 0.6227010187500001 0.304496109375 0.62239820625 0.27566445625 0.5730348390625 0.2846895671875 0.573217134375 0.306813225 0.6227010187500001 0.304496109375
0 0.786654115625 0.22922169062500003 0.7852467671875 0.1297246109375 0.6498490828125 0.137024971875 0.6551015640625 0.24342641562499998 0.786654115625 0.22922169062500003
3 0.691128371875 0.29266905312499997 0.6901617546875001 0.26514592812500004 0.6407983859375 0.274170990625 0.643114278125 0.30113996875 0.691128371875 0.29266905312499997
3 0.740183559375 0.2887849109375 0.740136425 0.263169978125 0.689185928125 0.2688124609375 0.689831259375 0.2942890234375 0.740183559375 0.2887849109375
3 0.789539525 0.28628588593750004 0.7873144765625 0.259340734375 0.7401892015625 0.2646727390625 0.740344603125 0.29113063437500003 0.789539525 0.28628588593750004
1 0 0.1930051171875 0.029867365624999996 0.19226532031250002 0.028919890625 0.165287284375 0 0.1681185578125 0 0.1930051171875
1 0.7060375718749999 0.1324643875 0.7051331656250001 0.106712609375 0.029527431250000003 0.16277847343750002 0.030598928125 0.1926909390625 0.7060375718749999 0.1324643875
1 0.7747122984375 0.12689034999999999 0.7717268171875 0.10130748281249999 0.70578371875 0.1054300546875 0.7068383796875 0.13165654531249998 0.7747122984375 0.12689034999999999