2 0.7141028828125 0.0737954546875 0.0430057671875 0.052237428125 0.04136464375 0.07669843125 0.714647203125 0.09218109687500001 0.7141028828125 0.0737954546875
3 0.06875 0.03984375 0.05625 0.02890625
0 0.1015625 0.1203125 0.1203125 0.08046875
3 0.1234375 0.04296875 0.05234375 0.02734375
3 0.18984375 0.04375 0.05546875 0.0265625
3 0.25625 0.04609375 0.05234375 0.02890625
3 0.325 0.04765625 0.05390625 0.02734375
0 0.3921875 0.12734375 0.084375 0.08984375
3 0.39140625 0.05234375 0.0546875 0.021875
3 0.4578125 0.05234375 0.0515625 0.02734375
3 0.51953125 0.05625 0.0515625 0.025
3 0.5828125 0.05546875 0.05 0.0265625
0 0.66171875 0.134375 0.10859375 0.07890625
3 0.64140625 0.06015625 0.0484375 0.0234375
3 0.68984375 0.06171875 0.04609375 0.02578125
2 0.045727653125 0.2082241890625 0.04571893125 0.23249287968750001 0.71954575 0.2412019 0.7151914406250001 0.2208808625 0.045727653125 0.2082241890625
1 0.07578125 0.17421875 0.0703125 0.02578125
1 0.111733359375 0.1610654015625 0.1121219 0.183141834375 0.654775678125 0.19668919375 0.6542313578125001 0.178303496875 0.111733359375 0.1610654015625
1 0.68515625 0.1859375 0.06015625 0.0203125
0 0.10390625 0.27578125 0.11875 0.0890625
3 0.0671875 0.2015625 0.04296875 0.025
3 0.11015625 0.19765625 0.0421875 0.025
3 0.1546875 0.19921875 0.04765625 0.028125
3 0.2109375 0.20234375 0.0421875 0.02265625
3 0.2671875 0.2015625 0.04296875 0.02109375
3 0.32421875 0.20390625 0.04296875 0.0203125
0 0.39453125 0.28203125 0.08515625 0.0890625
3 0.37421875 0.2046875 0.0421875 0.02265625
3 0.41640625 0.2078125 0.0421875 0.02265625
3 0.4671875 0.209375 0.0390625 0.02578125
3 0.51640625 0.209375 0.040625 0.02265625
3 0.56796875 0.21015625 0.04140625 0.02578125
3 0.61796875 0.2078125 0.04140625 0.021875
0 0.665625 0.28515625 0.10703125 0.0859375
3 0.65859375 0.20859375 0.04296875 0.02109375
3 0.696875 0.209375 0.0390625 0.025
2 0.49094538125 0.3717600828125 0.04504718125 0.36783855 0.0440860765625 0.3901457609375 0.7211786265625 0.3882104546875 0.72063430625 0.36498640312499997 0.49094538125 0.3717600828125
1 0.07890625 0.33125 0.07109375 0.02421875
1 0.6564084718750001 0.3457099796875 0.6561103234375001 0.32672575937500004 0.113210478125 0.31958295 0.11429905468749998 0.3447423265625 0.6564084718750001 0.3457099796875
1 0.6581517359375 0.3243073609375 0.6591299046875 0.3457099796875 0.72063430625 0.3457099796875 0.72063430625 0.325388978125 0.6581517359375 0.3243073609375
0 0.103125 0.4359375 0.11953125 0.08828125
3 0.0671875 0.35625 0.046875 0.025
3 0.11328125 0.35625 0.04453125 0.025
3 0.15859375 0.35859375 0.04453125 0.02265625
3 0.21171875 0.3578125 0.04765625 0.0203125
3 0.26796875 0.35859375 0.04453125 0.02265625
3 0.32109375 0.359375 0.04453125 0.02109375
0 0.39375 0.434375 0.0875 0.08671875
3 0.371875 0.36015625 0.04296875 0.0234375
3 0.41484375 0.36171875 0.03984375 0.02109375
3 0.465625 0.3609375 0.040625 0.021875
3 0.51640625 0.359375 0.0421875 0.02265625
3 0.56875 0.36015625 0.040625 0.0234375
3 0.61640625 0.359375 0.04140625 0.02265625
0 0.72063430625 0.46949448125000004 0.7193941453125 0.3896041453125 0.6134098640625 0.3882104546875 0.6144984203125 0.4762681609375 0.72063430625 0.46949448125000004
3 0.6578125 0.35859375 0.040625 0.0203125
3 0.70078125 0.35703125 0.04140625 0.021875
2 0.044795025 0.5239988234374999 0.043689415625 0.5445844859375 0.72292230625 0.53676838125 0.7207240921875 0.5142971562499999 0.044795025 0.5239988234374999
1 0.042325296875 0.4766665234375 0.0424532203125 0.5033628421875 0.1121219 0.5033628421875 0.113210478125 0.4801388453125 0.042325296875 0.4766665234375
1 0.654775678125 0.47530050937499996 0.4397824328125 0.47820350312500004 0.35215230000000003 0.47820350312500004 0.1130943015625 0.479084921875 0.111577621875 0.5023951906249999 0.655864234375 0.49658916406250003 0.654775678125 0.47530050937499996
1 0.6561103234375001 0.470620525 0.6564084718750001 0.492718515625 0.7222671828125 0.49368616875000004 0.7217228625 0.47336516562500003 0.6561103234375001 0.470620525
0 0.1046875 0.59140625 0.1203125 0.090625
3 0.06875 0.5140625 0.04453125 0.01953125
3 0.11328125 0.515625 0.04453125 0.0203125
3 0.1578125 0.51484375 0.04453125 0.02109375
3 0.21171875 0.5140625 0.04375 0.01953125
3 0.2625 0.5125 0.04609375 0.0203125
3 0.31875 0.51328125 0.04375 0.02265625
0 0.39609375 0.58515625 0.08515625 0.090625
3 0.37109375 0.5109375 0.0390625 0.021875
3 0.4140625 0.51171875 0.0421875 0.01875
3 0.4640625 0.51171875 0.04140625 0.021875
3 0.51640625 0.51015625 0.040625 0.01796875
3 0.56796875 0.51015625 0.04140625 0.01875
3 0.61875 0.50703125 0.0421875 0.0203125
0 0.66875 0.58046875 0.1078125 0.08125
3 0.66015625 0.5078125 0.0390625 0.02109375
3 0.70078125 0.50546875 0.03984375 0.01796875
2 0.7256700125 0.6647954390625 0.0475431875 0.6802706046875 0.046986675 0.705791003125 0.5151957421875 0.690197665625 0.72731856875 0.684335625 0.7256700125 0.6647954390625
1 0.0434209453125 0.6387609140625 0.043689415625 0.65596350625 0.1145802296875 0.660848553125 0.1151297625 0.6383773453125 0.0434209453125 0.6387609140625
1 0.6613736328125001 0.6227452109375 0.11556019375 0.636319165625 0.114030696875 0.65596350625 0.6619232078125 0.64521641875 0.6613736328125001 0.6227452109375
1 0.7240213718749999 0.6422853984375 0.7235910062500001 0.6204478140624999 0.6602745671875 0.6227452109375 0.6613736328125001 0.64521641875 0.7240213718749999 0.6422853984375
0 0.10625 0.75 0.11953125 0.090625
3 0.071875 0.66796875 0.04609375 0.02421875
3 0.1171875 0.66953125 0.04453125 0.02421875
3 0.16328125 0.66953125 0.046875 0.0171875
3 0.2140625 0.66875 0.04375 0.01875
3 0.26640625 0.6671875 0.04609375 0.02265625
3 0.3234375 0.6640625 0.0453125 0.021875
0 0.396875 0.740625 0.08359375 0.0890625
3 0.37890625 0.66328125 0.0421875 0.02265625
3 0.421875 0.6625 0.04296875 0.02109375
3 0.47265625 0.65859375 0.04296875 0.0203125
3 0.51953125 0.65859375 0.04296875 0.02109375
3 0.56953125 0.6578125 0.04296875 0.0234375
3 0.62109375 0.65859375 0.04140625 0.0203125
0 0.671875 0.7328125 0.11015625 0.0875
3 0.66328125 0.65390625 0.04296875 0.01875
3 0.70546875 0.6546875 0.04140625 0.02421875
2 0.04891726875 0.843867628125 0.0480857609375 0.8708278875 0.7300662734375 0.8405406125000001 0.7295167828125 0.8190464015625001 0.04891726875 0.843867628125
1 0.08125 0.80625 0.0734375 0.025
1 0.117621315625 0.79625356875 0.11842702187500001 0.822055090625 0.6652204875 0.7995839578124999 0.6641213390625 0.775158725 0.117621315625 0.79625356875
1 0.72731856875 0.79567583125 0.7249650875 0.7693943562500001 0.6630222734375 0.7722276296875 0.663571846875 0.7986068890625 0.72731856875 0.79567583125
0 0.16843525625 0.9558277796875 0.168462309375 0.865843346875 0.047536207812499995 0.8698508921875 0.0480857609375 0.9646208046875 0.16843525625 0.9558277796875
3 0.071875 0.83125 0.046875 0.02734375
3 0.1171875 0.83125 0.04453125 0.02421875
3 0.16171875 0.8296875 0.04609375 0.02109375
3 0.21796875 0.8296875 0.0453125 0.02109375
3 0.2703125 0.828125 0.0453125 0.0203125
3 0.325 0.825 0.04453125 0.0234375
0 0.3568974296875 0.8557349640625 0.357465565625 0.9478580453125 0.4452640671875 0.9433982484375001 0.4458912375 0.848627021875 0.3568974296875 0.8557349640625
3 0.37734375 0.82265625 0.04375 0.0203125
3 0.4426562875 0.828855403125 0.44259145625 0.8072414296874999 0.3986929984375 0.8083381468749999 0.3986929984375 0.8317863484375 0.4426562875 0.828855403125
3 0.47265625 0.815625 0.04296875 0.01875
3 0.52421875 0.8140625 0.04296875 0.02109375
3 0.5765625 0.81328125 0.04296875 0.021875
3 0.6265625 0.81015625 0.0421875 0.0203125
0 0.62033666875 0.8445889531249999 0.6214881921875001 0.9322486921875001 0.729982075 0.928903790625 0.729355 0.8385924046875 0.62033666875 0.8445889531249999
3 0.66875 0.809375 0.03828125 0.02109375
3 0.709375 0.80859375 0.04140625 0.02265625
1 0.0475431875 0.9586297187499999 0.0464371203125 0.9870920109375 0.11732793593749999 0.984160990625 0.11677840312500001 0.9597357578124999 0.0475431875 0.9586297187499999
1 0.6657699781249999 0.930425478125 0.11556019375 0.961071465625 0.11677840312500001 0.983183959375 0.666319553125 0.952896684375 0.6657699781249999 0.930425478125
1 0.6665666484375 0.9281078859375 0.66686904375 0.951919690625 0.7311654234375 0.9509427328125 0.7311654234375 0.9274944203125 0.6665666484375 0.9281078859375