3 0.3671348671875 0.1557147015625 0.36759135781249996 0.1817765109375 0.9737016296875 0.067987225 0.9738213281249999 0.040177275 0.3671348671875 0.1557147015625
0 0.914238725 0.10605044374999999 0.913058559375 0.2006035125 0.9718106421874999 0.1867291984375 0.9721225625000001 0.094994790625 0.914238725 0.10605044374999999
2 0.912579784375 0.0761110453125 0.9130713859374999 0.104177575 0.972973221875 0.091173771875 0.9732537578124999 0.0684949265625 0.912579784375 0.0761110453125
0 0.6252396890624999 0.15578352812500001 0.6285532468749999 0.247804303125 0.681236215625 0.24367668125000003 0.6805155453125 0.1449701078125 0.6252396890624999 0.15578352812500001
2 0.6254370859375 0.1346677 0.6252572484375001 0.15678591718749998 0.6817624343750001 0.14417769687499998 0.6817619703125 0.125048846875 0.6254370859375 0.1346677
0 0.369092315625 0.20269448906249998 0.375802584375 0.2943196171875 0.4255847109375 0.2865122015625 0.422375765625 0.19293062968750002 0.369092315625 0.20269448906249998
2 0.3665118984375 0.18491546406249998 0.3685964484375 0.2067699546875 0.42396944375 0.1942936140625 0.423025640625 0.1693119796875 0.3665118984375 0.18491546406249998
3 0.358090978125 0.319484353125 0.357998928125 0.3466144328125 0.946788115625 0.2479001921875 0.947163725 0.21844188281250002 0.358090978125 0.319484353125
1 0.3723707609375 0.2927105125 0.373358296875 0.316701625 0.9694015 0.2111158953125 0.9695230562500001 0.1894693828125 0.3723707609375 0.2927105125
0 0.888900603125 0.2787489875 0.891046821875 0.368896890625 0.9436420015625 0.3597573796875 0.9465428234375001 0.27407556718750004 0.888900603125 0.2787489875
2 0.892424415625 0.253227990625 0.8934645578125 0.280226221875 0.94664339375 0.27202316249999997 0.9460489875 0.2458815484375 0.892424415625 0.253227990625
0 0.6055275499999999 0.3258178921875 0.6082398984374999 0.41589994218750004 0.660835015625 0.4067603796875 0.6585684265625 0.31891916875000004 0.6055275499999999 0.3258178921875
2 0.6040265921875 0.30489991562499996 0.604961390625 0.32588383906249996 0.658688765625 0.31661247812500004 0.6586546765625 0.29348273593749996 0.6040265921875 0.30489991562499996
0 0.3605442953125 0.3623887 0.3666356671875 0.451072671875 0.4118538375 0.4417880203125 0.40837273593749995 0.36501265312500003 0.3605442953125 0.3623887
2 0.3591134984375 0.34548017343750004 0.3595173171875 0.368534871875 0.4070527390625 0.3619935265625 0.40630325 0.33794388125 0.3591134984375 0.34548017343750004
1 0.366547878125 0.446060753125 0.366385665625 0.46918138125000003 0.9434972796875 0.383880375 0.9437951671875 0.36009195156249996 0.366547878125 0.446060753125