3 0.7377638281250001 0.13258215 0.0334246453125 0.08985510468749999 0.029964093749999997 0.1188710859375 0.7369070062499999 0.158480821875 0.7377638281250001 0.13258215
3 0.734336278125 0.3138729671875 0.051636803125 0.3392410921875 0.051386604687500004 0.362623453125 0.7360500531249999 0.34129509687500004 0.734336278125 0.3138729671875
3 0.07895008125 0.767368965625 0.0828975453125 0.8029502687500001 0.7319351234375 0.6654461921875 0.7319351234375 0.6413475796875 0.07895008125 0.767368965625
0 0.11479128125 0.1623785734375 0.0340920703125 0.16332275937500002 0.0422330453125 0.29704753125 0.1227647140625 0.291377290625 0.11479128125 0.1623785734375
2 0.11399395000000001 0.1254654828125 0.035088915625 0.1208092421875 0.0318675578125 0.1623222546875 0.11319661875 0.16373982812500001 0.11399395000000001 0.1254654828125
0 0.48156923125000006 0.1680488671875 0.42086781249999994 0.1686369484375 0.422565809375 0.291377290625 0.47997456875 0.28570699843749997 0.48156923125000006 0.1680488671875
2 0.47997456875 0.1410587359375 0.42086781249999994 0.1402946046875 0.419376484375 0.1736628421875 0.4807719 0.1736628421875 0.47997456875 0.1410587359375
0 0.74309788125 0.182224546875 0.6979906390624999 0.1828081203125 0.6920679546875 0.2885421453125 0.73990855625 0.2871245984375 0.74309788125 0.182224546875
2 0.7407058265625001 0.1594871625 0.6950001046875001 0.15800856875 0.6936626171875 0.1864208953125 0.7415032187499999 0.1850033484375 0.7407058265625001 0.1594871625
1 0.05801634375 0.5300018343749999 0.0605719671875 0.5648552062500001 0.7359218390625 0.4826362484375 0.7359218390625 0.457120090625 0.05801634375 0.5300018343749999
0 0.132332871875 0.39338585 0.055025809375 0.39891849375 0.062166629687499995 0.523802059375 0.13791425 0.5181318203124999 0.132332871875 0.39338585
2 0.1403063046875 0.365034490625 0.0530321203125 0.37057615 0.057382582812500006 0.400473690625 0.1395089125 0.394803396875 0.1403063046875 0.365034490625
0 0.489542665625 0.3749574234375 0.42983941562499994 0.381204528125 0.42814725 0.49261560781249997 0.487150671875 0.4826926203125 0.489542665625 0.3749574234375
2 0.49193471874999994 0.3466060640625 0.4308362609375 0.34754799531249997 0.43053924375 0.3806277171875 0.49193471874999994 0.3777925703125 0.49193471874999994 0.3466060640625
0 0.736719109375 0.36219934375 0.6910127265625 0.36703335625 0.686486453125 0.46142910156249994 0.733529784375 0.4557588078125 0.736719109375 0.36219934375
2 0.693006415625 0.3386910125 0.6936626171875 0.363616890625 0.735124446875 0.36078174375 0.735124446875 0.333847984375 0.693006415625 0.3386910125
1 0.1020337984375 0.9787850640625001 0.7199749718749999 0.8030066140625 0.7239616890625 0.7803255484375 0.095655028125 0.953268796875 0.1020337984375 0.9787850640625001
0 0.08692483906250001 0.8382248265625 0.093263034375 0.9490161046875001 0.1682133234375 0.9305877312499999 0.1602398890625 0.8228525875000001 0.08692483906250001 0.8382248265625
2 0.0829374609375 0.8081110859375 0.08449226875 0.8356106671875001 0.159442496875 0.824270134375 0.1554557796875 0.788830934375 0.0829374609375 0.8081110859375
0 0.4348236390625 0.7585119828125 0.43452596093749996 0.8526214937500001 0.487150671875 0.8441161062500001 0.488745334375 0.74063365625 0.4348236390625 0.7585119828125
2 0.43183310468749997 0.72485545 0.43452596093749996 0.7548093359375 0.488745334375 0.7463038953125001 0.487948003125 0.71369984375 0.43183310468749997 0.72485545
0 0.6890190375 0.691198915625 0.6872838453125001 0.790248534375 0.72954306875 0.7760728546875 0.7287456765625 0.6867660296875 0.6890190375 0.691198915625
2 0.6840348140625 0.6752563484375 0.6848917906249999 0.6966890171875 0.72794840625 0.6924363234375 0.72794840625 0.66266741875 0.6840348140625 0.6752563484375
1 0.7407058265625001 0.284233078125 0.0430636734375 0.296177496875 0.0430303765625 0.33526553125 0.7407058265625001 0.30974931875 0.7407058265625001 0.284233078125