3 0.17304577031249999 0.0963014734375 0.1688680484375 0.120238671875 0.7918167687500001 0.3055930359375 0.796054946875 0.2813224875 0.17304577031249999 0.0963014734375
0 0.1624147828125 0.14872445781250002 0.1495263015625 0.24303009375 0.20269123125 0.257317534375 0.2194925734375 0.161102178125 0.1624147828125 0.14872445781250002
2 0.1683679125 0.1200957046875 0.163827009375 0.1460998640625 0.2211443328125 0.1606642328125 0.2248363296875 0.13350735 0.1683679125 0.1200957046875
0 0.45394725156250004 0.231762771875 0.43699454062500004 0.3288449703125 0.49131105625 0.3425515390625 0.5058091921875 0.24749794218750001 0.45394725156250004 0.231762771875
2 0.45778603125000006 0.2050005796875 0.4539012265625 0.229019384375 0.5073095515625 0.247926828125 0.5116991 0.2227894375 0.45778603125000006 0.2050005796875
0 0.7352959046875001 0.3184589140625 0.71821778125 0.408324325 0.773731990625 0.42419340625 0.7926851828125 0.32768305781249996 0.7352959046875001 0.3184589140625
2 0.73993596875 0.2890679375 0.735216525 0.3139854890625 0.789579128125 0.3304354640625 0.7930144609374999 0.30775554843749997 0.73993596875 0.2890679375
3 0.14267610625 0.27021782031249997 0.1374435203125 0.291174759375 0.7671966140625 0.47665406250000003 0.769585734375 0.4509448640625 0.14267610625 0.27021782031249997
1 0.15092507187499998 0.242711725 0.1455908546875 0.265567009375 0.7698426281249999 0.4494737265625 0.7754890453125001 0.42014532187500003 0.15092507187499998 0.242711725
0 0.1326366328125 0.318592059375 0.11872233437499999 0.41409468125000004 0.1734250328125 0.42889038749999997 0.18883115156250002 0.33232463125 0.1326366328125 0.318592059375
2 0.1379896828125 0.2940611140625 0.133053975 0.316312125 0.18937104531249999 0.330590565625 0.1943067328125 0.30833957343749996 0.1379896828125 0.2940611140625
0 0.42224098281250005 0.40374392812500004 0.40725767343749997 0.49657430468749997 0.4625627328125 0.5107007718750001 0.4782912421875 0.4150686 0.42224098281250005 0.40374392812500004
2 0.42480642656249995 0.3805998140625 0.42002209375 0.4019840390625 0.4774907546875 0.41568158281249995 0.48222905312500003 0.3915539953125 0.42480642656249995 0.3805998140625
0 0.7052634234374999 0.4822809921875 0.687050040625 0.579078921875 0.741472928125 0.59547749375 0.761320390625 0.49849847187499996 0.7052634234374999 0.4822809921875
2 0.7098501328125 0.4613588953125 0.7057464796875 0.4827500484375 0.7611093796875 0.4994859625 0.7653014703125 0.472472009375 0.7098501328125 0.4613588953125
3 0.11875013125 0.442422228125 0.11541202187499999 0.46363334843750004 0.7344208390625 0.6414222265625 0.73727460625 0.6195198000000001 0.11875013125 0.442422228125
1 0.118876396875 0.4156361609375 0.112716984375 0.4401446875 0.7378768890625 0.6188505375 0.742312596875 0.5906690125 0.118876396875 0.4156361609375
0 0.11158850468749999 0.4827755234375 0.095850096875 0.5830548328125 0.1486428921875 0.5963930625 0.16405069375 0.5052619 0.11158850468749999 0.4827755234375
2 0.1167163796875 0.466984453125 0.11131499375000001 0.4858046984375 0.1655971359375 0.5021980453125 0.17011616093749998 0.4763191875 0.1167163796875 0.466984453125
0 0.394883178125 0.5654005828125 0.3786876265625 0.6603998109375 0.4331155265625 0.675958365625 0.45084297187500005 0.5802314546875 0.394883178125 0.5654005828125
2 0.3994764796875 0.5445261578125 0.394824328125 0.5650946609374999 0.44029076875 0.579844471875 0.44648919062500003 0.5588280765625 0.3994764796875 0.5445261578125
0 0.6752367718750001 0.6512937046875 0.65765913125 0.7454043875 0.7093428171875 0.759302028125 0.7275519703125 0.66371281875 0.6752367718750001 0.6512937046875
2 0.6780233078125 0.6258899796875 0.6732697937500001 0.6473194343750001 0.7298144734374999 0.665236053125 0.7340419421875 0.6410268218749999 0.6780233078125 0.6258899796875
3 0.0918000578125 0.6069565421875 0.0872491515625 0.6294132890624999 0.7002159140625001 0.8028807109375 0.7060784609375 0.780891796875 0.0918000578125 0.6069565421875
1 0.0929177015625 0.5842668203125 0.0895058515625 0.6049060500000001 0.7086327578125 0.7836403 0.7131517828125 0.7577614421875001 0.0929177015625 0.5842668203125
0 0.081246709375 0.6565322734375 0.066739225 0.74976251875 0.121167125 0.765321071875 0.1382228 0.6676492359374999 0.081246709375 0.6565322734375
2 0.08679673125000001 0.6301790328125 0.08138658125 0.651402246875 0.1358588328125 0.6696028593750001 0.14148694374999998 0.64316455625 0.08679673125000001 0.6301790328125
0 0.37191484375 0.732225753125 0.3532842765625 0.8290438 0.40886564999999997 0.846685025 0.425775553125 0.7498479796875 0.37191484375 0.732225753125
2 0.3770201015625 0.7104931750000001 0.3714490515625 0.730812471875 0.42703042187499995 0.7484536984375 0.43048469218749996 0.7257763609375 0.3770201015625 0.7104931750000001
2 0.6493343328125001 0.7860533625 0.6441146437499999 0.8113850578124999 0.6972433546875 0.8256957484375 0.7012806703125001 0.7996791890625 0.6493343328125001 0.7860533625
0 0.6454831921874999 0.8243968453124999 0.6304748828125 0.912662809375 0.6785397625 0.92990834375 0.69669179375 0.8404381687500001 0.6454831921874999 0.8243968453124999
1 0.065612146875 0.7514956828125 0.0633863953125 0.7689629874999999 0.6775952515625 0.949797321875 0.6802319453125001 0.9260097140625 0.065612146875 0.7514956828125