3 0.7219113359375 0.056344681249999994 0.0656091875 0.0431466609375 0.063517775 0.0685887625 0.722600075 0.0747108015625 0.7219113359375 0.056344681249999994
3 0.7150243749999999 0.231435021875 0.0656091875 0.2343995828125 0.0662725703125 0.2644940484375 0.7164017453125 0.2534743578125 0.7150243749999999 0.231435021875
3 0.0518329765625 0.421062434375 0.05112124999999999 0.4419845484375 0.7108921546875 0.439535721875 0.710203521875 0.41014995781249997 0.0518329765625 0.421062434375
3 0.0552770296875 0.598545146875 0.055253415625 0.6292703015625001 0.709514784375 0.6060065765625 0.7108921546875 0.5766207640625 0.0552770296875 0.598545146875
3 0.06647020000000001 0.776027859375 0.0648951734375 0.8030875859375 0.706071303125 0.7773750359375 0.707448675 0.752886875 0.06647020000000001 0.776027859375
0 0.06647020000000001 0.102817571875 0.0704047640625 0.20454670312499998 0.1227456625 0.20821996562499998 0.12550045781250002 0.09924763125 0.06647020000000001 0.102817571875
2 0.12343434843750001 0.0698618421875 0.0673312125 0.06762703437499999 0.0642064609375 0.09924763125 0.12412303281249999 0.098023240625 0.12343434843750001 0.0698618421875
0 0.4312815171875 0.106594059375 0.37299088281250004 0.108937665625 0.37343108125 0.20821996562499998 0.43334762812500005 0.21066874375000003 0.4312815171875 0.106594059375
2 0.4292154609375 0.077208271875 0.374712909375 0.07068708124999999 0.3727423421875 0.10169645624999998 0.42990414687499995 0.09924763125 0.4292154609375 0.077208271875
0 0.7260435546874999 0.09924763125 0.6709014359375 0.102817571875 0.67163649375 0.20454670312499998 0.7239774453125001 0.20821996562499998 0.7260435546874999 0.09924763125
2 0.7239774453125001 0.07965714375 0.6695703843749999 0.0759838828125 0.6688817515625 0.10292084531250001 0.7232887078125 0.09679880468749999 0.7239774453125001 0.07965714375
1 0.07594134531249999 0.20685916249999997 0.07522561562499999 0.2327081265625 0.722600075 0.2302593015625 0.7239774453125001 0.2033223140625 0.07594134531249999 0.20685916249999997
0 0.09375 0.3359375 0.0609375 0.10234375
2 0.09453125 0.2734375 0.05546875 0.01953125
0 0.40234375 0.334375 0.06015625 0.0953125
2 0.40234375 0.271875 0.06328125 0.02890625
0 0.6921875 0.3296875 0.05546875 0.1046875
2 0.690625 0.2671875 0.05859375 0.0234375
0 0.08125 0.525 0.0609375 0.1078125
2 0.08203125 0.459375 0.06171875 0.028125
0 0.38984375 0.51796875 0.05703125 0.10234375
2 0.38828125 0.45625 0.06015625 0.025
0 0.68046875 0.50703125 0.05703125 0.09921875
2 0.68515625 0.4453125 0.03984375 0.02421875
1 0.7108921546875 0.7308474921875 0.0628290890625 0.7516624375000001 0.0662725703125 0.7761506 0.71226963125 0.7577844781249999 0.7108921546875 0.7308474921875
0 0.0859375 0.703125 0.0578125 0.0953125
2 0.084375 0.6390625 0.0578125 0.02890625
0 0.3890625 0.69453125 0.0578125 0.09453125
2 0.3875 0.63125 0.0625 0.0203125
0 0.68046875 0.6828125 0.05703125 0.0953125
2 0.68046875 0.62109375 0.05859375 0.02109375
1 0.7108921546875 0.8973670140625 0.06905323906250001 0.92597015 0.069716025 0.9475677250000001 0.7088261499999999 0.9181819609374999 0.7108921546875 0.8973670140625
0 0.0984375 0.8734375 0.0546875 0.1
2 0.0984375 0.8140625 0.0671875 0.0203125
0 0.38984375 0.8578125 0.05546875 0.103125
2 0.3921875 0.7984375 0.06015625 0.0171875
0 0.6796875 0.85234375 0.05390625 0.1
2 0.68046875 0.79140625 0.05234375 0.03046875
1 0.3921875 0.3984375 0.659375 0.021875
1 0.7088261499999999 0.5557571515624999 0.0545647296875 0.5826941375 0.052498646875 0.6059579328125 0.71158089375 0.5777965093749999 0.7088261499999999 0.5557571515624999