3 0.0111093828125 0.1366810796875 0.01171495625 0.1645167484375 0.618580190625 0.20776851093749998 0.618580190625 0.18161626718749999 0.0111093828125 0.1366810796875
0 0.0137629 0.1913786609375 0.015677698437500002 0.28320757812499997 0.0745526828125 0.2902485359375 0.071722134375 0.19569821406250001 0.0137629 0.1913786609375
2 0.012170790625 0.1649729328125 0.01284718125 0.187651415625 0.072854359375 0.19368650781250002 0.072854359375 0.16552258749999998 0.012170790625 0.1649729328125
0 0.30564975625 0.2074107109375 0.30665594218750003 0.3063421890625 0.3593037953125 0.3043304828125 0.3610020859375 0.21179189531249998 0.30564975625 0.2074107109375
2 0.304057646875 0.1876064140625 0.3043915546875 0.2067626140625 0.3610020859375 0.21279776250000002 0.3604359890625 0.1906689625 0.304057646875 0.1876064140625
0 0.5641023 0.225328884375 0.5625356906250001 0.3194182953125 0.61235293125 0.32143000312500003 0.6174479328125 0.228891415625 0.5641023 0.225328884375
2 0.56304089375 0.201752340625 0.5625356906250001 0.226879709375 0.6180140296875 0.23291485625 0.6197123203125 0.21078602812499997 0.56304089375 0.201752340625
3 0.040828771874999996 0.31209056562500004 0.0417185453125 0.34154709687499996 0.6310344515625 0.3717227234375 0.6304683546875001 0.3445646703125 0.040828771874999996 0.31209056562500004
1 0.0180085265625 0.2856848359375 0.018508215624999998 0.30734805625 0.6151834796875 0.34355883125000003 0.6157496421875 0.3194182953125 0.0180085265625 0.2856848359375
0 0.0424208828125 0.3677312078125 0.0468135140625 0.4531969109375 0.09946136718750001 0.45621448437499995 0.1000274328125 0.3656876046875 0.0424208828125 0.3677312078125
2 0.0424208828125 0.33943935625 0.0422846421875 0.3656876046875 0.0954985921875 0.3676993109375 0.0960646890625 0.3405412296875 0.0424208828125 0.33943935625
0 0.330592815625 0.3790479484375 0.329866303125 0.46727888437500004 0.3825140921875 0.47029651718750004 0.3836462859375 0.37976955 0.330592815625 0.3790479484375
2 0.3300621125 0.35358528125 0.33043239999999996 0.37675200468750003 0.384212446875 0.37976955 0.38477854375 0.3586466453125 0.3300621125 0.35358528125
0 0.5810848078124999 0.3960230609375 0.578952825 0.47331403281249995 0.624241225 0.477337446875 0.62877 0.3878164046875 0.5810848078124999 0.3960230609375
2 0.58267691875 0.3686742703125 0.5823493421875 0.39284565625 0.6299023234375001 0.39385155312500003 0.6299023234375001 0.37071685625 0.58267691875 0.3686742703125
1 0.046666509375 0.4535498265625 0.0473796109375 0.477337446875 0.62480725625 0.49544283437500003 0.624241225 0.47230813749999995 0.046666509375 0.4535498265625