3 0.10951079687500001 0.084420746875 0.108136771875 0.1114461296875 0.7196337140625 0.190507703125 0.7208996109375 0.16471508125 0.10951079687500001 0.084420746875
0 0.1106084453125 0.14403406093749999 0.11039662187499999 0.242134303125 0.1680878046875 0.244644734375 0.1690646578125 0.14591728125 0.1106084453125 0.14403406093749999
2 0.10646 0.108484128125 0.10811432031249998 0.1408464484375 0.171025659375 0.14721870937499998 0.1696950984375 0.11890795000000001 0.10646 0.108484128125
0 0.392368453125 0.1763732359375 0.393248603125 0.26726523593749996 0.44873203281249996 0.27904310625 0.4536309296875 0.1829184765625 0.392368453125 0.1763732359375
2 0.395496346875 0.1490068265625 0.3934255765625 0.1743669765625 0.45628209531249997 0.1830878890625 0.45633197656249996 0.15251320468750001 0.395496346875 0.1490068265625
0 0.662944115625 0.20799772187499999 0.6553891843749999 0.2981290359375 0.7064249031250001 0.3013902625 0.71579895625 0.2126079640625 0.662944115625 0.20799772187499999
2 0.6636122984374999 0.17937148281249998 0.66211199375 0.20917732031249997 0.6945071625 0.21477560625 0.6950005499999999 0.1936378796875 0.6636122984374999 0.17937148281249998
3 0.107807221875 0.2640440546875 0.1072569921875 0.2913286 0.7000808968750001 0.3456755890625 0.7005742859375 0.32453781249999997 0.107807221875 0.2640440546875
1 0.11406757812499999 0.23577516406250001 0.1126641015625 0.258744159375 0.7065120765625 0.32609329531250003 0.7070054625 0.30495561718749997 0.11406757812499999 0.23577516406250001
0 0.1088890484375 0.3067218015625 0.11001022812500001 0.400879046875 0.16565819531249998 0.405611084375 0.167160790625 0.3127975515625 0.1088890484375 0.3067218015625
2 0.109830046875 0.2840210390625 0.10891645937500001 0.305547465625 0.1677413875 0.3163628765625 0.1669913875 0.29161745625 0.109830046875 0.2840210390625
0 0.39231877656249997 0.33845980781249996 0.388775725 0.43045309062500003 0.44190953750000006 0.42914414375 0.4465616671875 0.3435882828125 0.39231877656249997 0.33845980781249996
2 0.3946454203125 0.3187607578125 0.3942277359375 0.3390680140625 0.44465552343750003 0.33993825625 0.4451215015625 0.319974846875 0.3946454203125 0.3187607578125
0 0.650051625 0.360442415625 0.6434012546875 0.44201963906249997 0.6884169546875001 0.4472482859375 0.6984263890625 0.35968265625 0.650051625 0.360442415625
2 0.6530494124999999 0.3414941171875 0.65266566875 0.3579345578125 0.69765403125 0.3643375765625 0.6988101359375001 0.34324218281249996 0.6530494124999999 0.3414941171875
3 0.101544028125 0.42263206249999996 0.101554921875 0.44614196718750004 0.681317584375 0.48783660937500006 0.6833438859375 0.46844733125 0.101544028125 0.42263206249999996
1 0.108892884375 0.40415015 0.1095442515625 0.42084245468750003 0.6879783875000001 0.46603739375000003 0.688526596875 0.44255101718749995 0.108892884375 0.40415015
0 0.10151062968749999 0.466201996875 0.1062022421875 0.5616926046875 0.1606797 0.5651737609375 0.1585904265625 0.47488213124999995 0.10151062968749999 0.466201996875
2 0.09948183125 0.44777208437500005 0.100009034375 0.467420875 0.1585904265625 0.47488213124999995 0.1601796546875 0.4517470671875 0.09948183125 0.44777208437500005
0 0.38610434531250004 0.49397363437499997 0.38177591875 0.577443071875 0.43210615937499997 0.5788002890625 0.43564892187500004 0.4944453375 0.38610434531250004 0.49397363437499997
2 0.387204725 0.467900709375 0.3858641578125 0.49219352499999997 0.437765840625 0.49365115781249996 0.43922512343750003 0.47608454843750003 0.387204725 0.467900709375
0 0.6311859125 0.5078916765625 0.6265307734375 0.5875063593750001 0.672670384375 0.5885957656249999 0.67710919375 0.5108043343750001 0.6311859125 0.5078916765625
2 0.63163274375 0.48874851875 0.6315583265625 0.5069641171875 0.677676334375 0.5089816468749999 0.67821790625 0.48577960937500003 0.63163274375 0.48874851875
3 0.09085075468750001 0.585779728125 0.091484609375 0.60787340625 0.6597625890625001 0.624668096875 0.659213146875 0.6032553234375 0.09085075468750001 0.585779728125
1 0.10521957343749999 0.5588414312500001 0.10788591875 0.5794600265625001 0.6675660671875 0.6049999515625 0.672211559375 0.5857780671875 0.10521957343749999 0.5588414312500001
0 0.09464431718750001 0.633951415625 0.0957597375 0.7168941281250001 0.151349875 0.717657875 0.14854178906249998 0.6356855296874999 0.09464431718750001 0.633951415625
2 0.092307246875 0.607658834375 0.0914018921875 0.63389314375 0.149022278125 0.6375751359375 0.149191675 0.60784310625 0.092307246875 0.607658834375
0 0.3650951171875 0.6355475109375 0.36491364531250003 0.715503878125 0.41314863281249997 0.7167272078125 0.4156004390625 0.6341615265625 0.3650951171875 0.6355475109375
2 0.36558256875 0.6146640671875 0.3651618859375 0.6374446671875 0.415492125 0.6388019109374999 0.4169513484375 0.621235296875 0.36558256875 0.6146640671875
0 0.6077822937499999 0.646698225 0.605084153125 0.7196974125 0.6490851234374999 0.7225091109374999 0.65767111875 0.64684161875 0.6077822937499999 0.646698225
2 0.609251875 0.6258775390625 0.6099600078125 0.645651765625 0.658108340625 0.6505874140625 0.6598275765625 0.621883896875 0.609251875 0.6258775390625
1 0.097235946875 0.712546746875 0.097486771875 0.7328053125 0.6470370375 0.74282655625 0.6479724484375 0.7252263906249999 0.097235946875 0.712546746875