2 0.3369055796875 0.9060611062499999 0.536751821875 0.9048977703125001 0.9951361656250001 0.9176514250000001 0.99527705625 0.8934344109374999 0.3354597546875 0.8838193562500001 0.3369055796875 0.9060611062499999
0 0.88745086875 0.8843928359375001 0.9953654828125 0.8782350703124999 0.9958686859375 0.7917417999999999 0.8769357265625001 0.793593209375 0.88745086875 0.8843928359375001
3 0.9539681140624999 0.9318743093749999 0.9950479937500001 0.9328068265624999 0.9951531593749999 0.9147304625 0.9528727609375001 0.9126593046875 0.9539681140624999 0.9318743093749999
3 0.8960645765624999 0.9099271437500001 0.8981895484375 0.9331545984374999 0.9502661218749999 0.9340539640625 0.948046259375 0.9148851640625001 0.8960645765624999 0.9099271437500001
3 0.8326263203125001 0.9084813281249999 0.833393159375 0.92973726875 0.8905143484375 0.9355460640625 0.8886386 0.9092188140624999 0.8326263203125001 0.9084813281249999
3 0.7631203125 0.9082987640625 0.765011609375 0.929508421875 0.816681015625 0.932248984375 0.8147514890625001 0.9102301390624999 0.7631203125 0.9082987640625
3 0.6989080984375 0.9099258562499999 0.7016901921875001 0.9290715328125 0.7486170140625 0.9299813421875 0.7469321734375 0.909978171875 0.6989080984375 0.9099258562499999
0 0.606023990625 0.7985629578125 0.616770078125 0.8913568062499999 0.7028747140625 0.8856675203125001 0.68997466875 0.7979792421874999 0.606023990625 0.7985629578125
3 0.6319796203125 0.9076099046874999 0.6344331515625 0.9287964765625001 0.6864683421875 0.9300038468749999 0.6854143265625 0.9104807984375001 0.6319796203125 0.9076099046874999
3 0.570790334375 0.906071615625 0.573572384375 0.9252172921874999 0.622621840625 0.9275627546875 0.6212970062500001 0.9080492359375001 0.570790334375 0.906071615625
3 0.508191525 0.9035776 0.510082821875 0.924787259375 0.5578074984375 0.9289615953125001 0.5563324390625 0.9046388421874999 0.508191525 0.9035776
3 0.44318336875000003 0.903210059375 0.44427876250000004 0.9224250656249999 0.49296608593749996 0.9240280046875 0.490550321875 0.907344190625 0.44318336875000003 0.903210059375
0 0.3233088125 0.8101898734375 0.33704486718750004 0.8942543640625 0.4392725921875 0.8868220015625001 0.428731440625 0.8015511 0.3233088125 0.8101898734375
3 0.38740479375 0.9044902703125001 0.388617028125 0.924714203125 0.43573783125 0.9238481515625001 0.43362530312500003 0.9036031437500001 0.38740479375 0.9044902703125001
3 0.3379057484375 0.90145751875 0.340709790625 0.9256707765625001 0.388231484375 0.928335309375 0.3863971703125 0.90554544375 0.3379057484375 0.90145751875
2 0.9876576453125001 0.7440956234375 0.984828665625 0.7174972203125 0.8011299624999999 0.7268443125 0.317760546875 0.735969603125 0.31885156718749996 0.7583282140625001 0.9876576453125001 0.7440956234375
1 0.9223894343750001 0.7714500984375 0.9246093 0.7906189171875 0.9922526890625001 0.7894906140625 0.9897414124999999 0.767666515625 0.9223894343750001 0.7714500984375
1 0.37875424375 0.77961588125 0.38380729687500004 0.803736665625 0.9254755937500001 0.7922368828125 0.9220608734375 0.7734909984375 0.37875424375 0.77961588125
1 0.320164484375 0.7810118421875 0.32174912187500004 0.8093299625 0.38080693125 0.8032364921875 0.37919969375 0.7785839640625001 0.320164484375 0.7810118421875
0 0.8548163640625001 0.6341263515625 0.8660551796875 0.72686258125 0.9856737828125001 0.7161817687500001 0.9743967421875 0.627416215625 0.8548163640625001 0.6341263515625
3 0.942403565625 0.74427109375 0.9448790375 0.77052519375 0.9924364062500001 0.76668230625 0.9885072546875 0.7423750390625 0.942403565625 0.74427109375
3 0.8946131578125 0.74623651875 0.8976289187500001 0.7673999515625 0.9442271421875 0.7711983703125 0.9413959406249999 0.745326246875 0.8946131578125 0.74623651875
3 0.8494296609375 0.7480949265625 0.8516882156250001 0.7705274796875 0.8986710562500001 0.7698864765625 0.8950146812499999 0.7462202015625 0.8494296609375 0.7480949265625
3 0.8003781328124999 0.7474568984375 0.8024588156249999 0.7736811015625 0.84638621875 0.769785928125 0.8442878875 0.7467949765624999 0.8003781328124999 0.7474568984375
3 0.7448652765625 0.7497626375 0.7481365890625 0.7725061531249999 0.7920513421875001 0.772020496875 0.789475421875 0.7496438765625 0.7448652765625 0.7497626375
3 0.6908700421875 0.7514113078125 0.6919742828125 0.771956121875 0.7367585046875 0.77286504375 0.735480184375 0.7512925375 0.6908700421875 0.7514113078125
0 0.57833875 0.6401198875 0.5900746421874999 0.7328357249999999 0.6733653421875 0.7312653671875 0.6624420171875001 0.6375572234375 0.57833875 0.6401198875
3 0.63572533125 0.751391359375 0.637595896875 0.773048596875 0.68138329375 0.7729982640624999 0.67893470625 0.7501863109375 0.63572533125 0.751391359375
3 0.593718975 0.7519750234375 0.5951527984375 0.7753660609375 0.6382357328125 0.77548745625 0.6356058734375 0.75311214375 0.593718975 0.7519750234375
3 0.5448567671875 0.7528388109375 0.54672730625 0.774496028125 0.5862652125000001 0.7740512328125 0.5854747375 0.7540281171875 0.5448567671875 0.7528388109375
3 0.4919326703125 0.752727546875 0.49488677968749994 0.7754841203125 0.534227590625 0.7754766125 0.533568265625 0.75444695625 0.4919326703125 0.752727546875
3 0.4433963 0.7547236484375001 0.44608669843750004 0.775203253125 0.48678447656249996 0.77528361875 0.48381650625 0.7542052406249999 0.4433963 0.7547236484375001
3 0.3950988546875 0.7532782265625 0.39760386875 0.7749093515625 0.4383163 0.77656220625 0.4363512765625 0.7544414390624999 0.3950988546875 0.7532782265625
0 0.3063732765625 0.65488928125 0.3157723359375 0.736051371875 0.418565475 0.7361451531250001 0.40955129843750004 0.6488537062499999 0.3063732765625 0.65488928125
3 0.356343059375 0.7571598859375 0.358782153125 0.7782217874999999 0.3976154703125 0.7760919281249999 0.39581160937500004 0.7566806125000001 0.356343059375 0.7571598859375
3 0.3594166546875 0.7781956937500001 0.356660309375 0.7571468390625 0.318341228125 0.7592947078125001 0.3203598828125 0.7799838453125 0.3594166546875 0.7781956937500001
2 0.29116037031249997 0.5899203203125001 0.2963228484375 0.6140919828125 0.9702955734375 0.5809167468750001 0.9698373359374999 0.5577684515625 0.29116037031249997 0.5899203203125001
1 0.8997436015625 0.6080829125 0.9010412156250001 0.6322253124999999 0.9731209406250001 0.6293522265625 0.9705300359375 0.60696404375 0.8997436015625 0.6080829125
1 0.36314564374999997 0.631943271875 0.365624515625 0.6533486453124999 0.9012961265625 0.634545721875 0.8991432843749999 0.607211475 0.36314564374999997 0.631943271875
1 0.30776746250000003 0.6324284640625 0.31014304843749996 0.6529419609375 0.3655161921875 0.6554603375 0.3633522171875 0.6337270609375001 0.30776746250000003 0.6324284640625
0 0.835599715625 0.4699938203125 0.8458868359375 0.563926184375 0.9700579484375 0.5597297984375 0.9623681328125 0.4626600015625 0.835599715625 0.4699938203125
3 0.9213292765625001 0.5874801140625 0.9234982921875 0.606209853125 0.9711610078125 0.6070364765625 0.9693357078125 0.5837135203125 0.9213292765625001 0.5874801140625
3 0.87848045 0.588346184375 0.8807527531250001 0.607967803125 0.919584415625 0.609157609375 0.9172496640625001 0.5867517671875 0.87848045 0.588346184375
3 0.834450346875 0.5919492484375 0.8355220078125001 0.6098279578125 0.8804359171874999 0.6107676265624999 0.8776929390625 0.5901708578125 0.834450346875 0.5919492484375
3 0.7791754875 0.5933263156249999 0.779459615625 0.6130297015624999 0.8238880890625 0.6130932078125 0.8231216671875 0.593311275 0.7791754875 0.5933263156249999
3 0.72180916875 0.5938932703125 0.7229001921875 0.6162518828125 0.76858306875 0.615367675 0.7675563484375 0.596492575 0.72180916875 0.5938932703125
3 0.6631582859375 0.5963053421875 0.6645398109375 0.6168597546875 0.7125656203124999 0.6175730609375 0.7093831374999999 0.5944043031249999 0.6631582859375 0.5963053421875
0 0.5593972921875 0.4930148234375 0.5695392671875 0.580592090625 0.6533610375000001 0.5740790390625 0.6435837375 0.4853118703125 0.5593972921875 0.4930148234375
3 0.6115692796875 0.599323146875 0.613551115625 0.6207489609375 0.6585752921875 0.6171050499999999 0.6564062749999999 0.5983753093749999 0.6115692796875 0.599323146875
3 0.5702115875 0.600127859375 0.5727937468750001 0.62242514375 0.6132318859375 0.6217566328124999 0.61246009375 0.5983903515625 0.5702115875 0.600127859375
3 0.5206107515625 0.6030638984375 0.524787334375 0.6261917375 0.5636485765625 0.6249156078125 0.5608710859375 0.60140815625 0.5206107515625 0.6030638984375
3 0.4710099109375 0.6059999015625 0.47398578437500005 0.6273848703125 0.5150499421875 0.6257944531249999 0.51296791875 0.6060666265625 0.4710099109375 0.6059999015625
3 0.42381733125 0.60814793125 0.4260210390625 0.6271772312499999 0.4680258109375 0.626333890625 0.465886596875 0.6072144484375 0.42381733125 0.60814793125
3 0.3736107875 0.6078227328125 0.37715732343749997 0.6307801296875 0.41885985156250005 0.6283558859375 0.41683923749999996 0.6092315640625 0.3736107875 0.6078227328125
0 0.283637828125 0.50965654375 0.2941233859375 0.595099328125 0.3931179765625 0.58478176875 0.3859536671875 0.5054487140624999 0.283637828125 0.50965654375
3 0.33632748125 0.6117460296874999 0.3394149109375 0.6307389859375 0.376875434375 0.63008253125 0.3747699703125 0.610165046875 0.33632748125 0.6117460296874999
3 0.30018615 0.6140290265624999 0.3027571421875 0.636229890625 0.3395399125 0.6336090171875 0.33818674375 0.6124662203125 0.30018615 0.6140290265624999
2 0.9549669546875 0.416965253125 0.9512718453125 0.38951155000000004 0.45815057656249997 0.43590835156249996 0.2738691265625 0.4425543671875 0.2775041453125 0.4694543453125 0.9549669546875 0.416965253125
1 0.8804190859375 0.44376660625 0.8844055609374999 0.46798663749999997 0.9590641218749999 0.4647966828125 0.9566175953125 0.438512521875 0.8804190859375 0.44376660625
1 0.34151580625 0.4839523609375 0.34503649062499997 0.5092517828124999 0.8827612265625 0.4692595046875 0.8814958921875 0.44796303281250005 0.34151580625 0.4839523609375
0 0.262978403125 0.362258909375 0.272808475 0.4471428390625 0.37595486093749997 0.43667556875 0.3659931765625 0.3542733546875 0.262978403125 0.362258909375
3 0.2765286890625 0.46796166093749997 0.2792112140625 0.48790855312500003 0.3277778078125 0.48647992812499996 0.3241962296875 0.46132126875 0.2765286890625 0.46796166093749997
1 0.2801400515625 0.4896570859375 0.2825839015625 0.5107600453125001 0.34425835781249997 0.5073034578125 0.34188239062500003 0.48711787656250005 0.2801400515625 0.4896570859375
0 0.8169182578124999 0.313951540625 0.8266619484375 0.40316286718749994 0.9507744953125 0.3918555328125 0.939790009375 0.29941001875 0.8169182578124999 0.313951540625
3 0.9003249343749999 0.4217866375 0.902768784375 0.4428895953125 0.9558575890625001 0.4371078578125 0.953834975 0.4195859890625 0.9003249343749999 0.4217866375
3 0.8434089625000001 0.42518755625000004 0.8453869890625001 0.447369828125 0.9000145078124999 0.4460284296875 0.8963309890625 0.4230110890625 0.8434089625000001 0.42518755625000004
3 0.7762522187500001 0.426889240625 0.77906264375 0.451157634375 0.8334212515624999 0.4514167265625 0.83000666875 0.42679889375 0.7762522187500001 0.426889240625
3 0.7099051671875001 0.432521821875 0.7121625640625 0.46007872812499995 0.7631921390625 0.45639632812500003 0.75953393125 0.4296429375 0.7099051671875001 0.432521821875
3 0.6399252093750001 0.4370755578125 0.6419894671875 0.46296465937500003 0.6964978562499999 0.4601861953125 0.6943943421875 0.43567335468749996 0.6399252093750001 0.4370755578125
0 0.5392733234375 0.33964926875 0.5520468734375 0.4319099640625 0.6349699531249999 0.4178251609375 0.6253496484375 0.334234759375 0.5392733234375 0.33964926875
3 0.5702531 0.44831958906249997 0.5729570749999999 0.4716687453125 0.6230729265625 0.466346878125 0.6191274046874999 0.442958125 0.5702531 0.44831958906249997
3 0.5056826109375 0.45519463125000004 0.5072527109375 0.47518727031249997 0.5567631203125 0.46870818906249995 0.5552957968750001 0.45248568125000005 0.5056826109375 0.45519463125000004
3 0.44835921093750003 0.45888925937499997 0.45104179375 0.4788361484375 0.4971684734375 0.47700723125 0.4955162921875 0.454275578125 0.44835921093750003 0.45888925937499997
3 0.383913146875 0.4622082265625 0.3878622671875 0.48344018125000005 0.43399837343750003 0.48287994218749997 0.43077644218750005 0.45827521562499995 0.383913146875 0.4622082265625
3 0.325848059375 0.46593335781249995 0.3282224078125 0.4832186171875 0.3740420453125 0.48374181875 0.3730821984375 0.4619850953125 0.325848059375 0.46593335781249995
2 0.252422840625 0.29751872968750004 0.25588858281250004 0.3182946296875 0.9364932109374999 0.25620712968750003 0.932886009375 0.22959892656249997 0.252422840625 0.29751872968750004
1 0.86554633125 0.284055525 0.8684629453125 0.3092408671875 0.940242421875 0.302207740625 0.936547496875 0.2792609953125 0.86554633125 0.284055525
1 0.3229819484375 0.33917211875 0.3250343765625 0.3568951125 0.8678585812499999 0.308698096875 0.8661742 0.28496692343749996 0.3229819484375 0.33917211875
1 0.2601900625 0.34269170937500004 0.2617227109375 0.360436115625 0.323097565625 0.3580387546875 0.321942296875 0.3392148765625 0.2601900625 0.34269170937500004
0 0.7992872703125 0.14666537968749999 0.809718975 0.2413201140625 0.9332065328124999 0.22782624375 0.921837921875 0.13877286875 0.7992872703125 0.14666537968749999
3 0.8883176234375 0.25968821875 0.890910165625 0.28207516250000003 0.9341582265625 0.277863421875 0.9314638140625 0.25791379375 0.8883176234375 0.25968821875
3 0.84153259375 0.2616122953125 0.8459006578125001 0.285800690625 0.890614928125 0.2796541796875 0.8883176234375 0.25968821875 0.84153259375 0.2616122953125
3 0.79544029375 0.264709471875 0.7981472234375 0.29209365468750004 0.8457716156249999 0.286509596875 0.8422114734375 0.2636191796875 0.79544029375 0.264709471875
3 0.7337677031250001 0.2705758984375 0.738323128125 0.2978840921875 0.7832759234375 0.2932444453125 0.780904975 0.2686373359375 0.7337677031250001 0.2705758984375
3 0.6784081125 0.273685859375 0.6814811296875 0.30022177031249997 0.7257400546875 0.2976929890625 0.7224845140625 0.26937359375000003 0.6784081125 0.273685859375
3 0.6220462375 0.2801697734375 0.626331596875 0.3091554109375 0.6684441890625 0.304213990625 0.6651023625 0.27506628437499997 0.6220462375 0.2801697734375
0 0.5184064375 0.182938653125 0.5299819328125001 0.273742984375 0.6143020703125 0.259952178125 0.60327340625 0.1699400484375 0.5184064375 0.182938653125
3 0.572616315625 0.2863686046875 0.57634355 0.3145439484375 0.616805909375 0.309461153125 0.6146701953125 0.2846391015625 0.572616315625 0.2863686046875
3 0.528635940625 0.2915100734375 0.5317089687500001 0.31804605 0.5738340109375 0.31435190468749996 0.5704977312499999 0.2881221328125 0.528635940625 0.2915100734375
3 0.47799368593749997 0.2952592453125 0.4808926765625 0.324301896875 0.5238090078125001 0.3184915578125 0.521800025 0.292624453125 0.47799368593749997 0.2952592453125
3 0.43318506718750005 0.3012680203125 0.43587395000000007 0.32448686875 0.47609503750000004 0.3225361671875 0.47254416718750003 0.29631654375 0.43318506718750005 0.3012680203125
3 0.38319702499999997 0.306656590625 0.38765644843749997 0.3331354875 0.4289600671875 0.3289371921875 0.42505877343750004 0.303268621875 0.38319702499999997 0.306656590625
3 0.33625181875 0.3102536546875 0.3389587078125 0.3376378078125 0.37801830625 0.332816646875 0.3749747015625 0.30782795625000003 0.33625181875 0.3102536546875
0 0.24297740625 0.21138091406249998 0.254443353125 0.30123892812499997 0.3555085375 0.284853321875 0.34335761875 0.1996460671875 0.24297740625 0.21138091406249998
3 0.295205196875 0.31324308125 0.298378571875 0.33747658125 0.3383762828125 0.33328884375 0.335015109375 0.3116058609375 0.295205196875 0.31324308125
3 0.2960115875 0.31386834375 0.2570981984375 0.3200781578125 0.260043834375 0.34234556875 0.2997716 0.34063642656250004 0.2960115875 0.31386834375
1 0.84801150625 0.11898893125000001 0.8506416874999999 0.141700878125 0.9159314921874999 0.13585952031249998 0.9145503421875001 0.1124491 0.84801150625 0.11898893125000001
2 0.299283584375 0.1805401484375 0.3026603625 0.20512310625 0.846975328125 0.14107174218750002 0.8450664234374999 0.12101177031250002 0.299283584375 0.1805401484375
1 0.24282491093749997 0.191928015625 0.24398962812499997 0.21137810781250002 0.30143521562500003 0.202419771875 0.300743628125 0.1817469421875 0.24282491093749997 0.191928015625