3 0.76825823125 0 0.2915620171875 0.1614641203125 0.2985539734375 0.18654298593750002 0.839108171875 0 0.76825823125 0
0 0.8432650453124999 0.0286417703125 0.8730433218749999 0.14307518125000002 0.9338568 0.12009156562500001 0.90893696875 0.010431721875 0.8432650453124999 0.0286417703125
2 0.8515249609375 0 0.8367907390625 0.0058685859375 0.8453382640625 0.031816564062500004 0.9086144234375 0.0107130546875 0.9056660000000001 0 0.8515249609375 0
0 0.5477601859375001 0.1271720203125 0.5705420625000001 0.2286224796875 0.6268153875 0.2126798671875 0.6050493265625 0.110950215625 0.5477601859375001 0.1271720203125
2 0.54128591875 0.10439882812500001 0.5463331078125 0.129903328125 0.6044229062500001 0.10993468437500001 0.5978880375 0.081899521875 0.54128591875 0.10439882812500001
3 0.33610530625 0.31741790000000003 0.3410241203125 0.33932197343750004 0.93694825625 0.1762614296875 0.928787990625 0.155066709375 0.33610530625 0.31741790000000003
1 0.3280755859375 0.29377558593750003 0.33636419375000004 0.3185707625 0.9386428984374999 0.150491165625 0.9338151874999999 0.12405683593750001 0.3280755859375 0.29377558593750003
0 0.3059354828125 0.210327146875 0.3298898484375 0.2957975703125 0.37345618125 0.2838450984375 0.3494187546875 0.19637280625 0.3059354828125 0.210327146875
2 0.29738799843749997 0.184379175 0.306973090625 0.20889057656249999 0.3523559859375 0.1929121234375 0.344323446875 0.1680040109375 0.29738799843749997 0.184379175
0 0.8812680828125 0.22717377968750002 0.9030161250000001 0.3267128375 0.9630706468750001 0.3114208578125 0.9428634296875 0.20490830937500001 0.8812680828125 0.22717377968750002
2 0.874044759375 0.1964973125 0.8822178875000001 0.2248154328125 0.94377319375 0.20274364843749998 0.9359574500000001 0.1771842015625 0.874044759375 0.1964973125
0 0.580651303125 0.29940819531249996 0.602633278125 0.389218940625 0.652890175 0.3760709125 0.631219865625 0.28620974375 0.580651303125 0.29940819531249996
2 0.576970853125 0.2776336046875 0.5821501265625 0.2980049921875 0.630331803125 0.28638626718750004 0.6251763375 0.2643455953125 0.576970853125 0.2776336046875
0 0.3455060859375 0.356240428125 0.3735975984375 0.44363902031249997 0.4155557 0.4312317671875 0.3930557234375 0.3514319140625 0.3455060859375 0.356240428125
2 0.34032681249999996 0.335869040625 0.345043821875 0.35956731249999996 0.3923011078125 0.3546023578125 0.387227978125 0.3305286625 0.34032681249999996 0.335869040625
3 0.3794711328125 0.45633183749999995 0.38649159375000003 0.4849022515625 0.9783841515624999 0.3553803328125 0.9728602531250001 0.328390978125 0.3794711328125 0.45633183749999995
1 0.37025562343749996 0.442219859375 0.3753188703125 0.46476711093749995 0.9706693625 0.334488503125 0.9654099578125 0.31288335625 0.37025562343749996 0.442219859375
0 1 0.46037164375 0.9863473640624999 0.38592651093749997 0.921663853125 0.39359798125 0.9422572468749999 0.49876590781249996 1 0.48712410000000006 1 0.46037164375
2 0.91971436875 0.366068375 0.9261585140624999 0.39476493437500004 0.9857507515625 0.3827997515625 0.9801984625 0.356020503125 0.91971436875 0.366068375
0 0.6217413281249999 0.458153796875 0.6433790593750001 0.54373904375 0.69202109375 0.534170025 0.6694163421875 0.4462064625 0.6217413281249999 0.458153796875
2 0.6144887453125001 0.4339351265625 0.6207027453125 0.46160682499999994 0.6723424265625 0.449231396875 0.6665058265625 0.42567295625 0.6144887453125001 0.4339351265625
0 0.38971175625 0.50462711875 0.409278140625 0.580988390625 0.449389334375 0.5765119390625 0.43109163281249996 0.4977226015625 0.38971175625 0.50462711875
2 0.39363768593750004 0.48441375000000003 0.39674378906249996 0.5009378484375 0.43213008124999996 0.49426960312499996 0.427989396875 0.47044521875 0.39363768593750004 0.48441375000000003
1 1 0.485521765625 0.4076652171875 0.5791909562499999 0.416416590625 0.6020062765625 1 0.5114085515625 1 0.485521765625
3 1 0.6815067484374999 0.46044621093749993 0.7253754296875 0.4676987203125 0.7495940875 1 0.71187169375 1 0.6815067484374999
1 1 0.8280944218749999 0.49359709531249996 0.8460745265625 0.4987743921875 0.8718225171875 1 0.84878245625 1 0.8280944218749999
0 0.708123853125 0.7539702703125 0.7299917765624999 0.840580275 0.7820898749999999 0.8356313359374999 0.7618055703125 0.7516102250000001 0.708123853125 0.7539702703125
2 0.7024842890625 0.7315491640625 0.7078937078124999 0.752945409375 0.7624112078125 0.7506927078125 0.7569513515625 0.7274695953125 0.7024842890625 0.7315491640625
0 0.47357041874999994 0.7676635078125 0.4910616734375 0.845554184375 0.535205071875 0.8455714875 0.512205071875 0.7659049062500001 0.47357041874999994 0.7676635078125
2 0.46689226718750004 0.7486954 0.4706887390625 0.7682940968749999 0.512526940625 0.7688159625 0.5072421234375 0.7438042968749999 0.46689226718750004 0.7486954