2 0.7574805109375 0.0499685375 0.0923131625 0.0010057171875 0.088124159375 0.02542961875 0.7561000265625 0.0683988234375 0.7574805109375 0.0499685375
3 0.11875 0.004177557834994348 0.059375 0.008355115669988696
0 0.14375 0.07125683143226245 0.128125 0.10039812307124432
3 0.17265625 0.006281475941306567 0.0546875 0.012562951882613135
3 0.23828125 0.008135070173495485 0.0578125 0.01627014034699097
3 0.3046875 0.011426002468622751 0.0546875 0.022852004937245502
3 0.3734375 0.013154434763750018 0.05625 0.026308869527500035
0 0.43203125 0.09028292952196271 0.09375 0.1044452729789593
3 0.4390625 0.015739214221114274 0.05625 0.03147842844222855
3 0.5046875 0.0179083362910662 0.0546875 0.0358166725821324
3 0.565625 0.024690603026945753 0.053125 0.03309190468807692
3 0.62890625 0.026104106266148248 0.053125 0.03465440468807692
0 0.69921875 0.10831702653192879 0.115625 0.09647208667404977
3 0.68671875 0.03333681292912337 0.05 0.03132914558877827
3 0.734375 0.036532861664819075 0.0484375 0.03279151603912896
2 0.07871508125 0.157293884375 0.0761696390625 0.18159183750000002 0.7453948234375 0.2178013328125 0.74318849375 0.1972778546875 0.07871508125 0.157293884375
1 0.1125 0.12482192242524888 0.071875 0.037418459283868756
1 0.14928863750000002 0.11277035625000001 0.147367434375 0.13488957968749998 0.6856324125000001 0.17059190468750002 0.6870129031250001 0.1521615640625 0.14928863750000002 0.11277035625000001
1 0.7171875 0.1610717867109616 0.0625 0.03056768198597286
0 0.1296875 0.22762674737910635 0.128125 0.10977312307124434
3 0.10078125 0.1513541440476188 0.0453125 0.03259125693983034
3 0.14375 0.14938183143226244 0.0453125 0.03259125693983034
3 0.18828125 0.1527781392672568 0.05 0.03601664558877826
3 0.24375 0.1578172902547059 0.04375 0.029366127390180984
3 0.3 0.15968137646733033 0.0453125 0.027903756939830337
3 0.35625 0.1646704626799548 0.0453125 0.027903756939830337
0 0.41796875 0.24509034546880662 0.09375 0.10288277297895923
3 0.40546875 0.16698513186600117 0.04375 0.029366127390180984
3 0.44765625 0.1720941340254695 0.04375 0.029366127390180984
3 0.49765625 0.17592123843669122 0.0421875 0.032390997840531635
3 0.546875 0.1774546576227376 0.0421875 0.029265997840531632
3 0.59765625 0.18045044725913467 0.04375 0.032491127390180986
3 0.64765625 0.1803713016703564 0.04375 0.029366127390180984
0 0.6875 0.2598492481542987 0.115625 0.10428458667404979
3 0.68828125 0.18245543337947404 0.0453125 0.027903756939830337
3 0.7265625 0.18468975941306567 0.0421875 0.03239099784053168
2 0.7335384125 0.3417813078125 0.5043997046875 0.339192728125 0.061354093750000005 0.3170752765625 0.058066515625 0.3393705 0.7316521765624999 0.365055909375 0.7335384125 0.3417813078125
1 0.09921875 0.2819230235972681 0.0734375 0.035956088833518064
1 0.6716793484375 0.319861165625 0.673367225 0.3008416125 0.13418806875 0.2715416171875 0.1326408109375 0.2967761078125 0.6716793484375 0.319861165625
1 0.6756502453125 0.298503546875 0.6743858734375 0.31997219062500004 0.735553346875 0.3224813609375 0.7376774703125 0.3021355609375 0.6756502453125 0.298503546875
0 0.11171875 0.38737198720007354 0.128125 0.10821062307124434
3 0.084375 0.30631175431893665 0.05 0.03289164558877822
3 0.13046875 0.30804543260428174 0.046875 0.03269138648947969
3 0.175 0.31222299043927604 0.046875 0.02956638648947969
3 0.228125 0.31350608575119915 0.05 0.028204145588778217
3 0.284375 0.3169326719638236 0.046875 0.029566386489479603
3 0.33671875 0.31982833205057126 0.046875 0.02800388648947969
0 0.4015625 0.39770420574012444 0.0953125 0.10142040252860855
3 0.3875 0.3228241216869684 0.0453125 0.031028756939830336
3 0.4296875 0.32637062384643667 0.0421875 0.02770349784053163
3 0.48046875 0.32702266348283376 0.0421875 0.029265997840531632
3 0.53125 0.3276747031192308 0.04375 0.029366127390180984
3 0.5828125 0.3306204279808032 0.0421875 0.030828497840531634
3 0.63046875 0.3322539767164989 0.04375 0.029366127390180984
0 0.72261434375 0.446416928125 0.729731790625 0.3663785 0.6244737828125 0.360659309375 0.6163518390625 0.448868890625 0.72261434375 0.446416928125
3 0.671875 0.3327255436507919 0.0421875 0.02770349784053163
3 0.71484375 0.33309698103543556 0.04375 0.029366127390180984
2 0.044780125 0.4734158375 0.041528784375 0.4939815171875 0.717857771875 0.5138662703125 0.7180204828125001 0.491277940625 0.044780125 0.4734158375
1 0.0472715 0.42592501718750003 0.044608196875 0.452659134375 0.1138952234375 0.45550138125000006 0.1174054078125 0.43229345312499995 0.0472715 0.42592501718750003
1 0.113455075 0.45451034375 0.6553669234374999 0.47090227812499996 0.6565095999999999 0.4495432328125 0.44239066562499996 0.44367877499999997 0.3552405796875 0.44010376406249996 0.1174000328125 0.431233503125 0.113455075 0.45451034375
1 0.6583261265625 0.44491198593750003 0.6563127718749999 0.467049109375 0.7217095546875 0.470704753125 0.7232923390625 0.45033674375 0.6583261265625 0.44491198593750003
0 0.09765625 0.5429606531469174 0.1296875 0.1114357526208936
3 0.06953125 0.46429423504060524 0.046875 0.026441386489479513
3 0.1140625 0.4676905428755996 0.046875 0.02800388648947969
3 0.1578125 0.4687931654854186 0.046875 0.02800388648947951
3 0.21171875 0.470026196022517 0.0453125 0.02634125693983034
3 0.2625 0.4706782356589141 0.0484375 0.028104016039128866
3 0.31796875 0.4741548866463631 0.0453125 0.029466256939830338
0 0.3875 0.5493866216869684 0.09375 0.1044452729789592
3 0.3703125 0.4739255467331109 0.040625 0.02916586829088228
3 0.41328125 0.4758594841177546 0.04375 0.026241127390180984
3 0.46328125 0.47812408852897625 0.04375 0.029366127390180984
3 0.515625 0.478675998615724 0.0421875 0.02457849784053163
3 0.56640625 0.480890538252121 0.04375 0.02624112739018116
3 0.6171875 0.47998007788851815 0.04375 0.027803627390180986
0 0.659375 0.5554015800479866 0.115625 0.09959708667404961
3 0.65859375 0.4820141448228112 0.040625 0.027603368290882457
3 0.69921875 0.48175452653192874 0.0421875 0.02457849784053181
2 0.7068049750000001 0.66179295625 0.7072079546875 0.6421616671875 0.031178384375 0.629990446875 0.027957312499999998 0.6555192859375001 0.495231428125 0.659008259375 0.7068049750000001 0.66179295625
1 0.03141766875 0.5882619250000001 0.0298865078125 0.6054964640625 0.099878346875 0.6132795765625 0.10277375 0.5908033640625 0.03141766875 0.5882619250000001
1 0.6476592421875 0.597437046875 0.10341696250000001 0.5887602328125 0.0998424515625 0.6083661484375 0.6458569265625 0.6199581000000001 0.6476592421875 0.597437046875
1 0.7079212859374999 0.6195568953125 0.7097759265625 0.5976751046875 0.6465661984375 0.5973922093749999 0.6453103625 0.619935678125 0.7079212859374999 0.6195568953125
0 0.08203125 0.7025556986434106 0.128125 0.11133562307124442
3 0.05703125 0.6190015214377997 0.0484375 0.031229016039128865
3 0.1015625 0.6223978292727941 0.046875 0.03112888648947969
3 0.14765625 0.6241315075581392 0.0484375 0.024979016039128867
3 0.19765625 0.6256148619693609 0.0453125 0.02634125693983034
3 0.25 0.6261667720561086 0.0484375 0.031229016039128865
3 0.30703125 0.6248557934939084 0.046875 0.029566386489479513
0 0.37265625 0.7050253524086368 0.0921875 0.10278264342931002
3 0.3625 0.6267699444813575 0.04375 0.029366127390180984
3 0.40546875 0.6271413818660012 0.0453125 0.027903756939830337
3 0.45625 0.6254496715023983 0.0453125 0.02790375693983016
3 0.503125 0.6279145350129186 0.0453125 0.027903756939830337
3 0.55234375 0.628666704198965 0.0453125 0.031028756939830336
3 0.60390625 0.6316124290605374 0.04375 0.027803627390180986
0 0.646875 0.707765116445181 0.11875 0.10604734577334832
3 0.64609375 0.6289089312200057 0.0453125 0.02634125693983016
3 0.68828125 0.630892933379474 0.04375 0.030928627390180985
2 0.0154443921875 0.793843178125 0.011799325 0.8208024187499999 0.693209759375 0.8183006687500001 0.6949100359375 0.7967578109375 0.0154443921875 0.793843178125
1 0.0515625 0.7576332248615725 0.075 0.03761871838316751
1 0.0887490953125 0.7489739046875 0.0868533953125 0.7748397828125 0.6330003421875 0.7746485437499999 0.634460346875 0.7501486609375 0.0887490953125 0.7489739046875
1 0.695166753125 0.7732690390625 0.6955733265624999 0.7468594765625001 0.6336736843749999 0.7471691515625001 0.6314628640625 0.7736030234375 0.695166753125 0.7732690390625
0 0.122604625 0.91081589375 0.1320374640625 0.8207227484375 0.011354906250000001 0.8198018109375 0.0019952953125 0.9147097984375 0.122604625 0.91081589375
3 0.03984375 0.7818216964839423 0.05 0.03601664558877822
3 0.084375 0.7836555043189366 0.046875 0.03112888648947969
3 0.12890625 0.7839268121539311 0.0484375 0.029666516039128864
3 0.18515625 0.7865721483665554 0.046875 0.02800388648947951
3 0.2375 0.7871240584533032 0.046875 0.02800388648947951
3 0.2921875 0.7859632742155769 0.046875 0.031128886489479514
0 0.32049693125 0.8182895421874999 0.3114324703125 0.9105482265625 0.399216178125 0.90966486875 0.4097462046875 0.8148035703125001 0.32049693125 0.8182895421874999
3 0.34453125 0.7857339343023246 0.0453125 0.027903756939830337
3 0.408595671875 0.7948758484375 0.41079047187500006 0.7732328515625 0.36701785625 0.77254 0.3645668515625 0.79601681875 0.408595671875 0.7948758484375
3 0.43984375 0.7827510317737161 0.0453125 0.02634125693983034
3 0.49140625 0.7833530066352885 0.0453125 0.02790375693983016
3 0.54375 0.7846861667220362 0.0453125 0.029466256939830338
3 0.59375 0.783825771133258 0.04375 0.027803627390180986
0 0.5836580984374999 0.8178773546875 0.575640375 0.9056910515625001 0.6838895546875 0.90676825 0.692706025 0.8163210671875 0.5836580984374999 0.8178773546875
3 0.63515625 0.784297338067551 0.040625 0.027603368290882457
3 0.67578125 0.7856002197766686 0.04375 0.029366127390180984
1 0 0.937139971875 0.06881564999999999 0.937098675 0.070822259375 0.912621215625 0.0020819328125000003 0.9086892656250001 0 0.9232249984375 0 0.937139971875
1 0.619870159375 0.905672159375 0.069471103125 0.9139088546874999 0.06837125468750001 0.9360980328125 0.6180678421875 0.9281932093749999 0.619870159375 0.905672159375
1 0.6209047187500001 0.9033842390625001 0.6187164468749999 0.927237440625 0.6827627234375 0.9288823640625001 0.685213740625 0.9054054359375 0.6209047187500001 0.9033842390625001