3 0.0766968296875 0.031556298437500005 0.0742253328125 0.05635642187499999 0.6858614640625 0.05309096875 0.68647375 0.028055565625 0.0766968296875 0.031556298437500005
3 0.6919839484375 0.189152734375 0.0687150890625 0.1989491578125 0.065653846875 0.2218075625 0.6932084265625 0.21309957499999999 0.6919839484375 0.189152734375
3 0.6932084265625 0.3589145625 0.056030015625 0.3661618609375 0.05585788125 0.38939239375 0.6981064328125 0.383949921875 0.6932084265625 0.3589145625
3 0.0460793265625 0.5470664937499999 0.040551671875 0.5744364234375 0.7109636859374999 0.5526665375 0.7072901578125 0.524365703125 0.0460793265625 0.5470664937499999
3 0.027708825 0.7320516828125 0.025857701562500002 0.7604391765625 0.7183106484375 0.731049821875 0.716473884375 0.7081914375 0.027708825 0.7320516828125
0 0.12871542656249998 0.085745796875 0.07363507968750001 0.08596370625000001 0.0687150890625 0.177179271875 0.1274909484375 0.173913796875 0.12871542656249998 0.085745796875
2 0.13300119375 0.05635642187499999 0.0728696421875 0.0573998171875 0.0711640921875 0.085745796875 0.13238890781249998 0.08248028125 0.13300119375 0.05635642187499999
0 0.41892117500000003 0.0726838359375 0.3614396015625 0.075082225 0.35708409531249996 0.16738286875 0.418308934375 0.1717368 0.41892117500000003 0.0726838359375
2 0.41769669531250003 0.05309096875 0.3614396015625 0.0519590765625 0.3595330984375 0.0759493109375 0.4158599328125 0.0737723140625 0.41769669531250003 0.05309096875
0 0.6913717562499999 0.08030332500000001 0.6408243125 0.0832433359375 0.642391884375 0.1608518578125 0.6962696687500001 0.161940396875 0.6913717562499999 0.08030332500000001
2 0.68892270625 0.05091395 0.6377625609375001 0.054679446875 0.637493878125 0.08248028125 0.6895349921875 0.0726838359375 0.68892270625 0.05091395
0 0.12136846406249999 0.2479314015625 0.064449828125 0.24918593281249998 0.0595313625 0.344807409375 0.11830722187500001 0.340453415625 0.12136846406249999 0.2479314015625
2 0.121980703125 0.2250730375 0.0662660859375 0.2250730375 0.0650416078125 0.24575440468749998 0.12075622500000001 0.2479314015625 0.121980703125 0.2250730375
0 0.41402316875 0.2392234546875 0.3560815390625 0.24238500625 0.35708409531249996 0.340453415625 0.41708441093750004 0.33827641875 0.41402316875 0.2392234546875
2 0.4146354546875 0.2218075625 0.35531610156250004 0.2192618578125 0.35647185625 0.2435774484375 0.41524769375000004 0.2392234546875 0.4146354546875 0.2218075625
0 0.6987187171875 0.2392234546875 0.64771325 0.23694426562499998 0.6466776046875 0.3306569921875 0.6999431953124999 0.3295684734375 0.6987187171875 0.2392234546875
2 0.697494240625 0.21418809374999997 0.6454169375000001 0.21654148750000002 0.6436163625 0.238134978125 0.6981064328125 0.2337809828125 0.697494240625 0.21418809374999997
0 0.10728673281250001 0.41551627343749997 0.052202828125 0.41648871249999997 0.044837392187500005 0.51565775625 0.1048377296875 0.5145692375 0.10728673281250001 0.41551627343749997
2 0.049906515624999995 0.389285009375 0.0503476375 0.4111190140625 0.112796978125 0.4132960109375 0.112796978125 0.387172153125 0.049906515624999995 0.389285009375
0 0.4121864515625 0.4035428109375 0.35531610156250004 0.40560723125000003 0.3527983296875 0.5058613750000001 0.4134109296875 0.5036842953125 0.4121864515625 0.4035428109375
2 0.4146354546875 0.3828181796875 0.352186090625 0.38826065 0.3540228546875 0.40785353906250005 0.4121864515625 0.40567654218750004 0.4146354546875 0.3828181796875
0 0.704228915625 0.40136585625 0.64771325 0.40560723125000003 0.6558613296875 0.500418903125 0.70790244375 0.49497643125 0.704228915625 0.40136585625
2 0.7023921515625 0.3773757078125 0.6469478125 0.3770433421875 0.6448408406249999 0.40023407187500004 0.7030044375 0.3991455734375 0.7023921515625 0.3773757078125
0 0.0956540046875 0.599385253125 0.0368940765625 0.597393346875 0.03014344375 0.706057728125 0.0938172875 0.7049692078125 0.0956540046875 0.599385253125
2 0.096878528125 0.5754384328125 0.039955826562500005 0.57699056875 0.0393271703125 0.5972082984375 0.0962662890625 0.596119778125 0.096878528125 0.5754384328125
0 0.4115742125 0.5863233765625 0.3491926015625 0.5851516796875 0.3466758453125 0.6962612625 0.412798690625 0.6897303124999999 0.4115742125 0.5863233765625
2 0.4103496875 0.55911101875 0.35225435156249996 0.56202853125 0.3527983296875 0.5874118328125 0.4115742125 0.5852348359375 0.4103496875 0.55911101875
0 0.71280045 0.5776153875000001 0.6546021875 0.5797109390624999 0.654636853125 0.68537631875 0.7134126421875 0.6788453703124999 0.71280045 0.5776153875000001
2 0.71280045 0.551491509375 0.652187803125 0.553668546875 0.654636853125 0.5765268890625 0.7109636859374999 0.5765268890625 0.71280045 0.551491509375
0 0.084021321875 0.790917009375 0.0269433875 0.7959803875 0.0221842203125 0.905208909375 0.0834090359375 0.9019434343749999 0.084021321875 0.790917009375
2 0.091368284375 0.7593506578125 0.02617795 0.76197575625 0.0252454625 0.7930940046875 0.09014380625 0.7898284890625 0.091368284375 0.7593506578125
0 0.39994148281249997 0.7713241187500001 0.335414725 0.775577609375 0.33381863749999996 0.89214696875 0.39810471875000003 0.8845275015625 0.39994148281249997 0.7713241187500001
2 0.39994148281249997 0.745200240625 0.3346492875 0.7538146453125 0.33443087656250003 0.7767665906250001 0.39994148281249997 0.7767665906250001 0.39994148281249997 0.745200240625
0 0.7201474125 0.7604391765625 0.66014705 0.7637046515625 0.66259600625 0.8779965515624999 0.723208653125 0.8779965515624999 0.7201474125 0.7604391765625
2 0.7183106484375 0.737580771875 0.6614911265625001 0.7374924234375 0.66014705 0.7647931296875 0.7201474125 0.7637046515625 0.7183106484375 0.737580771875
1 0.6944329984375 0.16520583125 0.07210420468749999 0.173015559375 0.069939590625 0.1935066859375 0.6944329984375 0.18479874062499999 0.6944329984375 0.16520583125
1 0.70055548125 0.3338792015625 0.059857203125 0.34167852656250003 0.057082359375 0.3654455109375 0.6987187171875 0.36000303906250003 0.70055548125 0.3338792015625
1 0.7109636859374999 0.49384460468749997 0.0430175765625 0.5144220484375001 0.0411639109375 0.5471808015625 0.7109636859374999 0.5188799656249999 0.7109636859374999 0.49384460468749997
1 0.714024928125 0.6821108437500001 0.030770576562500002 0.7062081640625 0.0283067046875 0.7310930875 0.7158616921875 0.7104116796875 0.714024928125 0.6821108437500001
1 0.72443313125 0.8747310781250001 0.024647074999999997 0.902074834375 0.0240209609375 0.9378637375000001 0.721984175 0.900854915625 0.72443313125 0.8747310781250001