2 0.0476650578125 0.20404883749999997 0.047753178125000004 0.23380286875 0.6993441421875 0.22151095937499998 0.6986447796874999 0.20147161875 0.0476650578125 0.20404883749999997
3 0.0485092515625 0.18380569375 0.04733920625 0.20855911093750001 0.10666448125000001 0.21078113906249998 0.10434511718749999 0.1793260546875 0.0485092515625 0.18380569375
0 0.048666259375 0.232736984375 0.0553836734375 0.32025579843749996 0.1629629 0.318376853125 0.1572861390625 0.22915549375 0.048666259375 0.232736984375
3 0.10631331875000001 0.1864609578125 0.10658872187499999 0.20861032499999999 0.1524466828125 0.2099815203125 0.153406709375 0.1849854890625 0.10631331875000001 0.1864609578125
3 0.1674226703125 0.1853936390625 0.1674801375 0.20320257968750002 0.221387265625 0.20769131875000002 0.21853325625000003 0.17841774531250001 0.1674226703125 0.1853936390625
3 0.22552988906250002 0.1770490515625 0.22501198906250003 0.20654197968750002 0.27449463125 0.2067637609375 0.27358552187499996 0.180714403125 0.22552988906250002 0.1770490515625
3 0.286767065625 0.1796443515625 0.28712421875 0.20111291250000002 0.33977265624999997 0.204537603125 0.3389771828125 0.1817443703125 0.286767065625 0.1796443515625
3 0.3569303265625 0.1820837546875 0.3569782875 0.20749524375 0.40401922343749996 0.20775970625 0.40329950937500003 0.1871372484375 0.3569303265625 0.1820837546875
3 0.41263191875 0.183554121875 0.413672496875 0.2043329203125 0.4625068109375 0.2034799953125 0.46228399218750005 0.1795907296875 0.41263191875 0.183554121875
3 0.47507190781249997 0.18124194531249999 0.473991346875 0.20002124375000002 0.526067215625 0.2045419859375 0.525195984375 0.17957797656250002 0.47507190781249997 0.18124194531249999
3 0.5354946390624999 0.1801866203125 0.5357582843750001 0.20220060625 0.5840579953125 0.2035291359375 0.5845212984375 0.1817999671875 0.5354946390624999 0.1801866203125
0 0.5967985609375 0.2272642703125 0.59580943125 0.3099054515625 0.6972094890625 0.30722296875 0.697199725 0.21881414062500001 0.5967985609375 0.2272642703125
3 0.5973758296875 0.1815490578125 0.59813575625 0.204369325 0.6511672796875 0.20127101249999999 0.6511337734375 0.18280865 0.5973758296875 0.1815490578125
3 0.6509781171875 0.1819360484375 0.6531571296875 0.2026822921875 0.7001638156250001 0.20186128750000001 0.69960498125 0.17721018125000002 0.6509781171875 0.1819360484375
0 0.3397667828125 0.23072831093750001 0.3427421125 0.31432545156249997 0.41904035625 0.31208138750000003 0.41662805 0.22827168750000001 0.3397667828125 0.23072831093750001
2 0.06294304218749999 0.366248228125 0.06269477500000001 0.3889171109375 0.7122684687499999 0.3705383453125 0.7128309859375 0.34415284218750003 0.06294304218749999 0.366248228125
3 0.064790946875 0.3395147765625 0.06390035468750001 0.36678913125 0.11720820624999999 0.364099684375 0.1148977765625 0.34040194375 0.064790946875 0.3395147765625
1 0.061608707812499997 0.322728640625 0.0627426953125 0.34017879375 0.11806917343750001 0.33921247656250003 0.11884305625 0.31732454374999997 0.061608707812499997 0.322728640625
1 0.120240553125 0.3176037875 0.11903015624999999 0.33737283281249997 0.6410773578125 0.32916637187500003 0.638714084375 0.30551033906249997 0.120240553125 0.3176037875
1 0.6394186125 0.308535978125 0.639508815625 0.32828230468749997 0.699350378125 0.3245028421875 0.6976264890625 0.30448139375 0.6394186125 0.308535978125
3 0.1171777875 0.3425555328125 0.11715131406249998 0.362469515625 0.16814170781249999 0.36421652187500003 0.167746571875 0.338726884375 0.1171777875 0.3425555328125
3 0.174291240625 0.337602278125 0.17342409375 0.35972831250000004 0.2307772140625 0.35960575625 0.2300106 0.3376394 0.174291240625 0.337602278125
3 0.23824722343750002 0.3374741734375 0.23825091562499998 0.3612336125 0.2881916296875 0.3612405328125 0.2868695125 0.337525521875 0.23824722343750002 0.3374741734375
3 0.3149530140625 0.336134453125 0.3143207109375 0.3590258125 0.36626875000000003 0.3598768625 0.3644524921875 0.33617047968749997 0.3149530140625 0.336134453125
3 0.375608453125 0.337052928125 0.3760905984375 0.35794695781249997 0.42556783437499995 0.3588411609375 0.4232267046875 0.3342647453125 0.375608453125 0.337052928125
3 0.4388016453125 0.3310045515625 0.43934297187500004 0.356842209375 0.48826470781250003 0.3559877578125 0.4874980921875 0.3340214015625 0.4388016453125 0.3310045515625
3 0.500534271875 0.3309152796875 0.5030587890625 0.3548501671875 0.5450929546875 0.3549952125 0.5452840250000001 0.332132928125 0.500534271875 0.3309152796875
3 0.5566395234375 0.32894643125 0.5563359609375 0.351282084375 0.60624604375 0.3504103703125 0.605540759375 0.330201359375 0.5566395234375 0.32894643125
3 0.6184066421875001 0.3298454890625 0.6186000546875 0.35019459999999997 0.6665640390625 0.350236046875 0.6662302703125 0.3265037703125 0.6184066421875001 0.3298454890625
3 0.6649591546875 0.3250766875 0.664958928125 0.3467473671875 0.6995500234375001 0.3461432078125 0.6982893031249999 0.3241854796875 0.6649591546875 0.3250766875
0 0.0632840015625 0.391954515625 0.071196978125 0.4766875703125 0.18127178593749999 0.4712482921875 0.17530168125 0.38519198125 0.0632840015625 0.391954515625
0 0.36048543125 0.381819021875 0.36445142656249996 0.46365296718750004 0.44839710312500003 0.46042845468750004 0.44458768125 0.3796095234375 0.36048543125 0.381819021875
0 0.60998818125 0.375483415625 0.611377584375 0.4549442984375 0.71354589375 0.44964308124999997 0.7117436296874999 0.369668309375 0.60998818125 0.375483415625
2 0.06482843906249999 0.522816834375 0.06726537187500001 0.5464083828125 0.7127300609375 0.5114264671875 0.7105050296875 0.4886036359375 0.06482843906249999 0.522816834375
1 0.0835503265625 0.47862660312500005 0.08379275 0.497568165625 0.139448728125 0.49132091562499997 0.1392989140625 0.4728605625 0.0835503265625 0.47862660312500005
1 0.1400389578125 0.47170639531249997 0.139448728125 0.49132091562499997 0.6529753656249999 0.47092236249999997 0.654863540625 0.45418478437500004 0.1400389578125 0.47170639531249997
1 0.654956834375 0.4528236671875 0.654982725 0.47176648749999994 0.7137569375 0.46986076875 0.7120939671875 0.4505476265625 0.654956834375 0.4528236671875
3 0.0623859640625 0.4971018140625 0.0628158875 0.5223173375 0.107533203125 0.5199106046875 0.105425446875 0.498813078125 0.0623859640625 0.4971018140625
3 0.10712754218750001 0.49723469375 0.1087904265625 0.5166372031249999 0.152250503125 0.5175038562500001 0.150943140625 0.4931408796875 0.10712754218750001 0.49723469375
3 0.15058618906250001 0.4900753921875 0.1525372890625 0.5126216921875 0.19828177656249998 0.513448475 0.1970594046875 0.4915225828125 0.15058618906250001 0.4900753921875
3 0.2035183484375 0.4891508953125 0.20407945624999999 0.5092829140624999 0.24665408437499997 0.510977875 0.24580354999999998 0.48660693593750004 0.2035183484375 0.4891508953125
3 0.2553908078125 0.48733058125 0.2533938671875 0.5076087171875 0.29913832500000004 0.5084354734375001 0.298287790625 0.48406453125000004 0.2553908078125 0.48733058125
3 0.3088049796875 0.485483340625 0.3090762546875 0.50501045625 0.351537509375 0.503455984375 0.35088543437499997 0.48477160625 0.3088049796875 0.485483340625
3 0.3622829328125 0.485463634375 0.362502596875 0.5032644734375 0.4045069921875 0.50171800625 0.403826565625 0.482221221875 0.3622829328125 0.485463634375
0 0.36661061093749997 0.5289750421875 0.370523928125 0.612237071875 0.44940759375 0.6074723515625 0.44600795625 0.523705521875 0.36661061093749997 0.5289750421875
3 0.4033633984375 0.48383181249999996 0.4026511359375 0.500937534375 0.444283725 0.5018361078125 0.4436032984375 0.482339365625 0.4033633984375 0.48383181249999996
3 0.450533978125 0.47798339843750004 0.45064080781250004 0.50002188125 0.4901416921875 0.4993319703125 0.48901605000000004 0.4807235828125 0.450533978125 0.47798339843750004
3 0.5008537890625 0.4771045265625 0.5014750593749999 0.49659386093749996 0.5423741625 0.495032775 0.5416949171875001 0.4755698640625 0.5008537890625 0.4771045265625
3 0.5484970140625001 0.47627240468750004 0.5495718984375 0.4966005125 0.590471003125 0.495039484375 0.59068455 0.4738675296875 0.5484970140625001 0.47627240468750004
3 0.595003165625 0.47355530156250003 0.5970156796875 0.49153822812500003 0.6365165968750001 0.49084831875 0.6363723453125 0.473069559375 0.595003165625 0.47355530156250003
0 0.61028338125 0.512337659375 0.6137786078125 0.59613420625 0.714347590625 0.585063709375 0.711689671875 0.5089044890625 0.61028338125 0.512337659375
3 0.636222584375 0.472835375 0.6351183421875 0.4917194796875 0.6745897249999999 0.49018334374999994 0.6739990765625 0.4732590765625 0.636222584375 0.472835375
3 0.6753007375 0.4721528484375 0.6755415171875 0.49016671875 0.7145960375 0.490331346875 0.712459603125 0.4700471609375 0.6753007375 0.4721528484375
0 0.067264859375 0.5465847921875 0.07494822500000001 0.6301004328124999 0.1885145375 0.623036528125 0.1822594578125 0.5393196015624999 0.067264859375 0.5465847921875
2 0.0742931 0.671229115625 0.077251753125 0.6961050703125 0.712190696875 0.646065865625 0.711570515625 0.6282953906250001 0.0742931 0.671229115625
1 0.0749395265625 0.62835890625 0.075151559375 0.6495716390624999 0.14320731874999998 0.6483829984375 0.14142855468749999 0.6247056765625 0.0749395265625 0.62835890625
1 0.1429580203125 0.6281233359375 0.14410008125 0.646673953125 0.6552684281250001 0.611497440625 0.6531613296875001 0.592059453125 0.1429580203125 0.6281233359375
1 0.6548949296875 0.59346664375 0.6532761140625001 0.6089920281250001 0.7122895234375 0.6079613171875 0.7121156734375 0.5893363218750001 0.6548949296875 0.59346664375
0 0.078401909375 0.6968727046875001 0.08234831718749999 0.773915178125 0.1936531796875 0.77027770625 0.1902240734375 0.6856646375000001 0.078401909375 0.6968727046875001
3 0.074500046875 0.64646256875 0.0743735359375 0.668213290625 0.1148557734375 0.6683529375 0.10897100781249999 0.649827684375 0.074500046875 0.64646256875
3 0.115918778125 0.6514536859375 0.11574853437499999 0.6666438921875 0.1581344421875 0.666750346875 0.1560274734375 0.647312359375 0.115918778125 0.6514536859375
3 0.1602836640625 0.6487739796875001 0.1595031296875 0.6650329593750001 0.19710036250000001 0.6643762984375 0.1964506484375 0.6457596140625 0.1602836640625 0.6487739796875001
3 0.20719225937500002 0.6422401671875 0.207452340625 0.6608085890625001 0.249362334375 0.6609233578125 0.2489817890625 0.6363748296875 0.20719225937500002 0.6422401671875
3 0.2580473875 0.641351946875 0.2589101484375 0.6616032953125 0.3016538375 0.6583165671875 0.30139145625 0.637152909375 0.2580473875 0.641351946875
3 0.310944128125 0.6375708046875 0.31105398906250004 0.654765453125 0.35385674375 0.6531711484375 0.35350576562499997 0.6294688859375001 0.310944128125 0.6375708046875
0 0.3672776671875 0.6708740375 0.37215397031249997 0.7544590859375 0.44856943281249995 0.7471973828125 0.4471030390625 0.6642434859375 0.3672776671875 0.6708740375
3 0.3648450640625 0.631867284375 0.3661124046875 0.6495701890625 0.40698194218749995 0.6471628921875 0.406837690625 0.6293841046875001 0.3648450640625 0.631867284375
3 0.4070686796875 0.6292249796875 0.40897419062499996 0.64966833125 0.44743465000000004 0.6464563578125 0.44622047656249997 0.625309353125 0.4070686796875 0.6292249796875
3 0.4529398609375 0.6236617046874999 0.4539497953125 0.642108934375 0.4919934578125 0.64059775 0.49238413437500006 0.624503071875 0.4529398609375 0.6236617046874999
3 0.502624696875 0.6199366625 0.5038322859375 0.6386974953125 0.5409535578125 0.638049146875 0.540750175 0.6185779390625 0.502624696875 0.6199366625
3 0.5518738734374999 0.619076490625 0.552821853125 0.6369951296874999 0.591341378125 0.635475634375 0.5892048796875 0.6151914656249999 0.5518738734374999 0.619076490625
3 0.597877928125 0.6173205765625001 0.5984801140625 0.6353509515625 0.6374164390625 0.6321307234375 0.634774478125 0.6110086265625 0.597877928125 0.6173205765625001
0 0.6120210703125 0.6542179546875 0.6146374328124999 0.7299024578125 0.7164240625 0.7264312 0.7131424875000001 0.6460492421875 0.6120210703125 0.6542179546875
3 0.63575256875 0.6128493890625 0.636316984375 0.6279162656249999 0.6731100546875 0.631507309375 0.6729658015625 0.6137285218749999 0.63575256875 0.6128493890625
3 0.6735939921874999 0.607426359375 0.67450824375 0.6306361625 0.7101722609375 0.6291665390625 0.7098804125 0.6071566703125 0.6735939921874999 0.607426359375
2 0.08991467343750001 0.8133342921875 0.089225246875 0.8345145437499999 0.7169959375 0.7837538421875 0.7047765953125 0.7611055390625 0.08991467343750001 0.8133342921875
1 0.0837359953125 0.772973175 0.084068003125 0.7959001390625 0.150607378125 0.7921977140625 0.147935884375 0.7702294359375 0.0837359953125 0.772973175
1 0.15225658749999998 0.7717764140625001 0.15239293125 0.7887796234375 0.65383620625 0.7478459125 0.6536623546875 0.729220859375 0.15225658749999998 0.7717764140625001
0 0.61724023125 0.7884180796875 0.619442671875 0.8675904031250001 0.7180488734375 0.85486070625 0.7173537359375 0.780360659375 0.61724023125 0.7884180796875
3 0.6698456359375 0.7455927890625 0.6705993640625 0.764242675 0.714413040625 0.7643241656249999 0.7151615140625001 0.744836303125 0.6698456359375 0.7455927890625
1 0.6553626734375 0.7296545984375 0.6566030484375001 0.7452573515625 0.71519959375 0.7459274031249999 0.7121112390625 0.725659859375 0.6553626734375 0.7296545984375
0 0.08883793281249999 0.83706154375 0.0954213109375 0.9165390796875 0.20461580000000001 0.9070113859375001 0.198685540625 0.8326027421875001 0.08883793281249999 0.83706154375
3 0.09316475625000001 0.7975714265625 0.0928587625 0.815823078125 0.1375061015625 0.8125030734375001 0.1368563875 0.7938863875 0.09316475625000001 0.7975714265625
3 0.139604471875 0.7929506421875 0.139291621875 0.8090849531250001 0.1897976375 0.8098963109374999 0.1876315734375 0.7887659328125001 0.139604471875 0.7929506421875
3 0.2025725828125 0.7861363375 0.2021713953125 0.80968019375 0.251965190625 0.8037301250000001 0.24988772187500002 0.7851383484375 0.2025725828125 0.7861363375
3 0.2649389359375 0.7774277015625 0.2658257984375 0.8051814921875 0.3171654453125 0.8025913578124999 0.31636806875 0.7797435921875 0.2649389359375 0.7774277015625
3 0.3323888953125 0.776249640625 0.33328746875 0.8006163234375 0.380255321875 0.7955623359375 0.3795170109375 0.774406990625 0.3323888953125 0.776249640625
3 0.39114090468749996 0.7714138140625 0.39158865625 0.7928242125 0.4391210671875 0.790300546875 0.4387995578125 0.7674444968749999 0.39114090468749996 0.7714138140625
3 0.449793259375 0.763722465625 0.44994890937500004 0.786724525 0.49742222500000005 0.782508465625 0.49713030937499997 0.760498596875 0.449793259375 0.763722465625
3 0.5133299046875 0.7578506515625001 0.511880234375 0.7737886265625 0.5577452234375 0.7780679765625 0.55754190625 0.758596740625 0.5133299046875 0.7578506515625001
3 0.567330496875 0.755002653125 0.5691967203125 0.778714665625 0.615183184375 0.7728311234375 0.6139098796875 0.74999166875 0.567330496875 0.755002653125
3 0.6234391390625 0.7511654140624999 0.6245538374999999 0.7684338281249999 0.6702416312499999 0.7676358578125 0.6690864546874999 0.7481812156250001 0.6234391390625 0.7511654140624999
1 0.09838773437500001 0.916532759375 0.0993137984375 0.932558946875 0.1615995328125 0.9297776890625 0.1610384140625 0.9136995765625 0.09838773437500001 0.916532759375
1 0.6606482703125 0.865758403125 0.6618251515625 0.8812445671875 0.7187576515625 0.8751698125 0.7175730109375 0.8548690171875 0.6606482703125 0.865758403125