2 0.28855504375 0.1609358703125 0.981761721875 0.2117920671875 0.9839906203125001 0.1844869359375 0.29648501718750003 0.13513398906250002 0.28855504375 0.1609358703125
0 0.8556868421875 0.30048933125 0.9737925015625001 0.3094190421875 0.9820177093750001 0.2086561015625 0.8779701390625 0.200026959375 0.8556868421875 0.30048933125
3 0.9537869140625 0.1840870046875 0.9838229328124999 0.18654119062500002 0.985838003125 0.161855571875 0.9596113484375 0.1620535046875 0.9537869140625 0.1840870046875
3 0.90213478125 0.157091053125 0.8977681453124999 0.181003046875 0.9536049312499999 0.1849074640625 0.9586483265625001 0.1610541078125 0.90213478125 0.157091053125
3 0.8299010062500001 0.1468275234375 0.8239870328125001 0.1756028671875 0.8873834109375001 0.1771163015625 0.8927124265625 0.1545658125 0.8299010062500001 0.1468275234375
3 0.7539341421875 0.14283068125 0.7482926562500001 0.168264846875 0.8039474468750001 0.1729896890625 0.8098090921875001 0.1479747453125 0.7539341421875 0.14283068125
3 0.678824003125 0.139581740625 0.6736379671875 0.16507524843750002 0.7305675953125 0.1682779828125 0.7365855703124999 0.14264593125 0.678824003125 0.139581740625
0 0.587660146875 0.18304269687500002 0.566233890625 0.279641171875 0.654818340625 0.28821088437500003 0.6767892109375 0.18764126406249998 0.587660146875 0.18304269687500002
3 0.6098717578125 0.13987635468749998 0.605323175 0.16460881249999998 0.6579708390625 0.1638764640625 0.66484284375 0.1385651125 0.6098717578125 0.13987635468749998
3 0.5336314296875 0.1349997125 0.529082846875 0.15973216875000001 0.5834618015624999 0.161758071875 0.5892288999999999 0.13608928125 0.5336314296875 0.1349997125
3 0.472693309375 0.1287416796875 0.4663229015625 0.153236571875 0.5205199015625 0.15608296875 0.525457784375 0.1330479640625 0.472693309375 0.1287416796875
3 0.40938740781250005 0.1247074734375 0.4055667265625 0.1461580921875 0.45830689687500004 0.1513470875 0.4623688875 0.12693091875 0.40938740781250005 0.1247074734375
0 0.2922092703125 0.15669402187499998 0.272926775 0.2486024015625 0.381459446875 0.2617612375 0.401529371875 0.169135321875 0.2922092703125 0.15669402187499998
3 0.3482672578125 0.119269946875 0.3435357015625 0.14060176875 0.3964578265625 0.1449702859375 0.39984939218750004 0.1208881234375 0.3482672578125 0.119269946875
3 0.29999109062499996 0.11719562812499999 0.2948040625 0.1384680578125 0.34253331875000004 0.138782678125 0.3467823046875 0.11713282656249999 0.29999109062499996 0.11719562812499999
2 0.255190825 0.3257826171875 0.96615045 0.381861803125 0.9688856609375 0.3695303359375 0.969739084375 0.359075453125 0.259135884375 0.2941066125 0.255190825 0.3257826171875
1 0.90212918125 0.3274178890625 0.9721616328125 0.3293980171875 0.9738119375000001 0.3091809578125 0.906842959375 0.30616621718750003 0.90212918125 0.3274178890625
1 0.3385515515625 0.2539269328125 0.3324445484375 0.278972603125 0.9012709859375001 0.3263120328125 0.9060946828124999 0.3044836359375 0.3385515515625 0.2539269328125
1 0.2728201609375 0.2515703046875 0.2669274171875 0.275650003125 0.33202435937499997 0.2781751234375 0.3376049921875 0.2551923578125 0.2728201609375 0.2515703046875
0 0.8365584109374999 0.3716230359375 0.8155023109374999 0.472108640625 0.942220353125 0.4841926984375 0.9670529875 0.380521734375 0.8365584109374999 0.3716230359375
3 0.9207198999999999 0.357641184375 0.969416696875 0.363024878125 0.9720468328124999 0.33080437812499996 0.92641550625 0.32946760468749997 0.9207198999999999 0.357641184375
3 0.8760773640625 0.327065696875 0.8711244875 0.35078093906249996 0.9219026921875001 0.35480407187499996 0.9276724828124999 0.330566725 0.8760773640625 0.327065696875
3 0.8312123296875 0.32287624375 0.8258413984375 0.34709063281249997 0.871841240625 0.350320740625 0.876394840625 0.325556965625 0.8312123296875 0.32287624375
3 0.7754145890624999 0.316707503125 0.7694462375 0.3408439765625 0.8186124953125 0.3450406515625 0.8226202625000001 0.322004003125 0.7754145890624999 0.316707503125
3 0.7159136593750001 0.31337782187499996 0.7104233734375 0.33813031250000003 0.7588128843749999 0.34167203437500004 0.7638250984375 0.316303559375 0.7159136593750001 0.31337782187499996
3 0.6573945 0.3096225125 0.65250161875 0.33445289375 0.7011891890624999 0.335265175 0.705958184375 0.31094231875 0.6573945 0.3096225125
0 0.5473171734375 0.3500125921875 0.527453821875 0.4441315890625 0.61565904375 0.4528965703125 0.637423440625 0.356227378125 0.5473171734375 0.3500125921875
3 0.6023741609375 0.30687710468749996 0.5978393390625001 0.3300931984375 0.6444959671875 0.33174797031250003 0.648524334375 0.308295896875 0.6023741609375 0.30687710468749996
3 0.556851709375 0.30149460625 0.5523175375 0.32747911093750004 0.5970032296875 0.33109149531250004 0.6018451671875 0.30566818281249997 0.556851709375 0.30149460625
3 0.5023111375 0.2954897890625 0.49634343750000004 0.32239466875 0.5404910671875001 0.3242759296875 0.544858753125 0.3010045375 0.5023111375 0.2954897890625
3 0.45003848125 0.29144170156250004 0.4456236640625 0.3168880984375 0.490787403125 0.3211164921875 0.4951908859375 0.294527809375 0.45003848125 0.29144170156250004
3 0.3999161328125 0.2860130359375 0.39418714062500004 0.311841715625 0.43881346718750003 0.317107359375 0.44320953125000007 0.293284253125 0.3999161328125 0.2860130359375
3 0.34937570625 0.28108350625 0.344124759375 0.30752819531250003 0.386719528125 0.3108679328125 0.39159929843749997 0.2851705265625 0.34937570625 0.28108350625
0 0.253874603125 0.322906834375 0.2339780453125 0.4100278390625 0.34791742187499997 0.4228231875 0.36608220468749997 0.3379747921875 0.253874603125 0.322906834375
3 0.307541821875 0.27452101875 0.302111525 0.3003886671875 0.3445275546875 0.3059197515625 0.34969973125 0.281782359375 0.307541821875 0.27452101875
3 0.26423030000000003 0.27164146875 0.25874001562500004 0.296393959375 0.301992175 0.3009267484375 0.3076498640625 0.2756071671875 0.26423030000000003 0.27164146875
2 0.2294373625 0.45212822499999994 0.2214950625 0.48035845468750005 0.9241657578125 0.55785890625 0.9305101546874999 0.5285938703124999 0.2294373625 0.45212822499999994
0 0.7974511546875 0.540035653125 0.7766757921874999 0.6362252265625 0.8997226875000001 0.6522706375 0.9246643234375 0.55179175625 0.7974511546875 0.540035653125
3 0.8738921218750001 0.5005881640625 0.8694525015625001 0.5230013578125 0.9302332968749999 0.5270952015625 0.9357142203125 0.5047720046874999 0.8738921218750001 0.5005881640625
1 0.866806040625 0.47556185624999997 0.86178079375 0.49821776093750003 0.9377427234375 0.5057921249999999 0.9403306890625001 0.48532914531250004 0.866806040625 0.47556185624999997
1 0.30300228125 0.418359225 0.2974745078125 0.44328072812499997 0.8593917953125001 0.5002373171875 0.865172734375 0.47407200312500003 0.30300228125 0.418359225
0 0.2252310328125 0.47550941562500004 0.20532582187499998 0.5677757812500001 0.3161760375 0.5781940921875 0.33451931875 0.493752328125 0.2252310328125 0.47550941562500004
3 0.23908694062500002 0.4335560734375 0.23485045000000002 0.45629980625 0.28488844687500003 0.46209679374999996 0.28803270937500003 0.4402684328125 0.23908694062500002 0.4335560734375
1 0.238106696875 0.407565659375 0.2315724484375 0.431190378125 0.298857159375 0.43996435468749995 0.303227159375 0.41827170625 0.238106696875 0.407565659375
3 0.81911315 0.49463902187500003 0.8134332828125 0.517848496875 0.86739234375 0.523926790625 0.8729075921874999 0.5001733500000001 0.81911315 0.49463902187500003
3 0.75512740625 0.4882112671875 0.7483111828125 0.5141465515625 0.8037169437499999 0.518497515625 0.8084205156250001 0.4941584375 0.75512740625 0.4882112671875
3 0.683286228125 0.48363315 0.677296046875 0.5058441140625 0.732804521875 0.50733444375 0.7374717296875 0.4873009125 0.683286228125 0.48363315
3 0.6149591515624999 0.47759723593750003 0.6117597781249999 0.4992141515625 0.665098128125 0.50329550625 0.6710461421875 0.48103321718750003 0.6149591515624999 0.47759723593750003
0 0.51324786875 0.5130670328125 0.49312514218750003 0.606314246875 0.58001925 0.6136085875 0.6013445734375 0.522241234375 0.51324786875 0.5130670328125
3 0.5438413359375 0.4721554375 0.5415718421875 0.491977609375 0.5920156171875 0.49472347968749997 0.5966084328125 0.474917859375 0.5438413359375 0.4721554375
3 0.4723082609375 0.45899545 0.46745564531249995 0.48327079062499995 0.5168667734375 0.490672084375 0.5225568203125001 0.464064346875 0.4723082609375 0.45899545
3 0.41256119375000005 0.4550364046875 0.40719169062500005 0.4792443609375 0.453397925 0.4843116796875 0.458715915625 0.4581336953125 0.41256119375000005 0.4550364046875
3 0.3507889234375 0.44739411718750005 0.3452172546875 0.4706917234375 0.3950983140625 0.47719625312499997 0.3988109515625 0.4556237171875 0.3507889234375 0.44739411718750005
3 0.2925817671875 0.44198785625000003 0.28708811875 0.46311164062500004 0.3384613609375 0.46835473437499997 0.3423417015625 0.44826008437500003 0.2925817671875 0.44198785625000003
2 0.1946275921875 0.612899353125 0.1896079125 0.635530159375 0.886558965625 0.716289034375 0.8905947796874999 0.6904927359374999 0.1946275921875 0.612899353125
0 0.7633379796875001 0.709332609375 0.739766109375 0.8105368328125 0.8586198515625 0.8270478453125 0.8831867125 0.7289203640624999 0.7633379796875001 0.709332609375
3 0.8338494296875 0.6689100046875 0.8285188984375 0.690416665625 0.8888440781250001 0.6962647671875 0.8921708484374999 0.6761829515625 0.8338494296875 0.6689100046875
1 0.8291610515625001 0.642060190625 0.8240492390625 0.667632053125 0.8984209 0.673293475 0.9042776859374999 0.65001831875 0.8291610515625001 0.642060190625
1 0.26739262343750003 0.570823484375 0.259994715625 0.5991247625 0.8228509796875001 0.66545745 0.8298114921874999 0.6415689328124999 0.26739262343750003 0.570823484375
0 0.18993474999999999 0.6315231328124999 0.17072900625 0.7181106203125001 0.27964251562500003 0.736362634375 0.2986517390625 0.646371015625 0.18993474999999999 0.6315231328124999
3 0.1997834609375 0.5890649031249999 0.1928437703125 0.6180170390625 0.2456974796875 0.6202440296875 0.2501191046875 0.5946243531250001 0.1997834609375 0.5890649031249999
1 0.2054340640625 0.564762390625 0.20053973749999998 0.5893534390624999 0.26140940625 0.5952725390625 0.2674332390625 0.5720175625 0.2054340640625 0.564762390625
3 0.77798809375 0.66061646875 0.7733113609375 0.6842267171875 0.8272112703125 0.686209453125 0.8310443296875001 0.6644288171875 0.77798809375 0.66061646875
3 0.7129803625 0.653148584375 0.70590825 0.677455646875 0.76481878125 0.6871559765625 0.77114430625 0.6566178093749999 0.7129803625 0.653148584375
3 0.637954909375 0.6453835578125 0.6340401734375 0.6680839953125 0.6889207984375 0.6732221234375 0.6934116859375 0.650264603125 0.637954909375 0.6453835578125
3 0.5726202796875 0.6368638718749999 0.5693581890625 0.6566219109375 0.6212989921875 0.6623858375 0.624253965625 0.63998531875 0.5726202796875 0.6368638718749999
0 0.4819332140625 0.665550346875 0.46283836718750004 0.7592391234375 0.5506682859375001 0.773729428125 0.5715230906250001 0.67689321875 0.4819332140625 0.665550346875
3 0.506087365625 0.6261695796875 0.5014106375 0.64977980625 0.5559643609375 0.65386615 0.55904546875 0.6340042078125 0.506087365625 0.6261695796875
3 0.441406571875 0.619753503125 0.43672980156249996 0.643363725 0.48899635 0.6451334703125 0.4930193078125 0.6253943453125 0.441406571875 0.619753503125
3 0.3772701484375 0.613408375 0.3725934546875 0.637018646875 0.4227915609375 0.6405370125000001 0.42835451406249997 0.61696200625 0.3772701484375 0.613408375
3 0.30982248437500004 0.6043470796875 0.30570074375 0.6299345796875 0.35664103593749996 0.6291129578125 0.3606296375 0.6102009374999999 0.30982248437500004 0.6043470796875
3 0.2489135375 0.5964045046875001 0.244388534375 0.6191403203125 0.2962365609375 0.6259013421875 0.29933339999999997 0.60337378125 0.2489135375 0.5964045046875001
0 0.7213189671875 0.8709006140625 0.7000393078125 0.9643044859375 0.820204853125 0.98503620625 0.8424073468750001 0.8905969 0.7213189671875 0.8709006140625
0 0.44340853750000003 0.8214995828125 0.42300302187499994 0.9160298375 0.508976115625 0.931290403125 0.5303335796875001 0.8372511656249999 0.44340853750000003 0.8214995828125
0 0.160802840625 0.780597934375 0.1424712484375 0.8683117671874999 0.24843434375 0.8821294359375 0.26674538281250004 0.796553525 0.160802840625 0.780597934375
2 0.1681041890625 0.7597945109375 0.16364361562500002 0.7799046359374999 0.84329515625 0.89110455 0.848888678125 0.865880175 0.1681041890625 0.7597945109375
1 0.7869576984375 0.8156782218749999 0.7823745046874999 0.8363411609375 0.8523980578125 0.847497109375 0.8575444796875 0.8255200953124999 0.7869576984375 0.8156782218749999
1 0.232777721875 0.7272142125000001 0.2272118078125 0.7497737890625 0.7833572359375001 0.8344444859375001 0.7878921984375 0.8164373843750001 0.232777721875 0.7272142125000001
1 0.17072900625 0.7181106203125001 0.16701996562500002 0.739899903125 0.2277580421875 0.74984501875 0.2321707578125 0.7275244796875 0.17072900625 0.7181106203125001
3 0.80520645625 0.8423556796874999 0.8016059734375001 0.8611219421874999 0.8487975625 0.8662633296875001 0.8516798968750001 0.8487923937499999 0.80520645625 0.8423556796874999
3 0.758210134375 0.8323665859375 0.7533667875 0.8542024078124999 0.8014933265625 0.862142371875 0.8057400781249999 0.842436671875 0.758210134375 0.8323665859375
3 0.7116999671875 0.8254694796875001 0.7083828265625 0.8466722062500001 0.7530070640625001 0.851659096875 0.7580307562499999 0.8310162078125 0.7116999671875 0.8254694796875001
3 0.6620472375 0.8181626124999999 0.6572931078125 0.8375136984375 0.7028152249999999 0.842617671875 0.70706853125 0.8264503484375 0.6620472375 0.8181626124999999
3 0.6056604390625 0.80997761875 0.601983559375 0.8286370328125001 0.6473262875 0.8345497578125001 0.65139028125 0.8171102078124999 0.6056604390625 0.80997761875
3 0.551248753125 0.8012180359375 0.5473023218749999 0.8190101859375 0.592016740625 0.8256730921875001 0.5960473953125 0.803654496875 0.551248753125 0.8012180359375
3 0.4947703953125 0.7896912640625 0.49073474531250005 0.8099681484374999 0.5351796140625 0.8157637953125001 0.5390242 0.800377934375 0.4947703953125 0.7896912640625
3 0.4524800546875 0.7825123125 0.4469181984375 0.80342229375 0.4915424453125 0.808409215625 0.49569205156249996 0.7874486046875 0.4524800546875 0.7825123125
3 0.4027371265625 0.7735294265625 0.3982525484375 0.793747771875 0.4395548640625 0.7991336265625 0.44371850625000003 0.7796313875 0.4027371265625 0.7735294265625
3 0.3476079390625 0.7680047937500001 0.343482128125 0.7866056671874999 0.3877466328125 0.789049278125 0.390735375 0.773762171875 0.3476079390625 0.7680047937500001
3 0.29723670156250004 0.7597720906250001 0.29490661406249996 0.7786071265625 0.33584921562500003 0.7814497031250001 0.338761828125 0.7659449546875 0.29723670156250004 0.7597720906250001
3 0.245968546875 0.755583053125 0.2427406 0.77430100625 0.2835939828125 0.77962831875 0.287575446875 0.7623896890624999 0.245968546875 0.755583053125
3 0.2054740015625 0.7486382765624999 0.201887284375 0.768973703125 0.2431886171875 0.7701988015625 0.2467142625 0.7539418812500001 0.2054740015625 0.7486382765624999
3 0.1662360078125 0.7401931265624999 0.1613034796875 0.7645136890625001 0.201887284375 0.768973703125 0.20607897656250002 0.7496828359375 0.1662360078125 0.7401931265624999
1 0.7482355015625 0.9725095578125 0.744694753125 0.9903848500000001 0.8196563609374999 0.9895125921875 0.8203826062499999 0.9855689828124999 0.7482355015625 0.9725095578125
1 0.2053851484375 0.8753864312499999 0.1978811359375 0.8998023671875 0.7433683203125 0.9897450250000001 0.7471726875 0.9713211718749999 0.2053851484375 0.8753864312499999
1 0.1478909078125 0.8690629375000001 0.14272011874999999 0.890021009375 0.20026201875 0.8965839593749999 0.20501667031249998 0.8759424046875001 0.1478909078125 0.8690629375000001