2 0.8521726031249999 0.7387915890625 0.8445135140625 0.7179689734375 0.1549939703125 0.9353527484375 0.1608968328125 0.9596784796875 0.8521726031249999 0.7387915890625
3 0.214503165625 0.96703580625 0.2075076453125 0.9438336125 0.15939514531250001 0.9594443796875 0.16838141874999998 0.987544590625 0.214503165625 0.96703580625
3 0.25718775 0.9547955921875 0.2511194953125 0.9302797421875001 0.206912090625 0.94395748125 0.2147923953125 0.9663326765625 0.25718775 0.9547955921875
3 0.3143015609375 0.935071059375 0.3083613921875 0.9161325093749999 0.25760280625 0.9311728499999999 0.26597389531250004 0.9525350671874999 0.3143015609375 0.935071059375
3 0.3743932296875 0.9147272515625 0.3688526453125 0.8923431984375 0.3227227875 0.9109039093750001 0.32956556875 0.9319530265625 0.3743932296875 0.9147272515625
3 0.4268104703125 0.8937380390625 0.422920821875 0.8754937343750001 0.374612328125 0.887782921875 0.3804430921875 0.909812121875 0.4268104703125 0.8937380390625
3 0.48173795625000004 0.8778305812499999 0.47586565781249995 0.856636303125 0.4298036984375 0.872941409375 0.4376389234375 0.8989668625 0.48173795625000004 0.8778305812499999
3 0.5353386578125 0.8666822515625 0.5313209046875 0.8428607187500001 0.484271428125 0.85264646875 0.49086991874999997 0.8815905374999999 0.5353386578125 0.8666822515625
0 0.5684810765625 0.80452088125 0.546122790625 0.7116631296875 0.456388778125 0.73368913125 0.4812573578125 0.8316286937499999 0.5684810765625 0.80452088125
3 0.5811529375 0.8455957515625 0.5768035390625 0.8229639953125 0.5343149125 0.83852579375 0.5405036328125 0.8639115921875 0.5811529375 0.8455957515625
3 0.632703084375 0.8337531828125 0.62643886875 0.80591573125 0.5880513125 0.82286615 0.5937982109375 0.8444204140625 0.632703084375 0.8337531828125
3 0.680951328125 0.81363099375 0.675079034375 0.7924367453125 0.6331859859375 0.8078747671875 0.638343478125 0.8299014359375001 0.680951328125 0.81363099375
3 0.7315741953125 0.80310201875 0.725905546875 0.7751407593749999 0.6857992015625001 0.7902070734375 0.6921963734375 0.8102941328125001 0.7315741953125 0.80310201875
3 0.78140549375 0.7893753875 0.7753372374999999 0.7648595375 0.73477110625 0.7755383890624999 0.7410174328125 0.801190728125 0.78140549375 0.7893753875
0 0.84881053125 0.7226791312499999 0.8257888812499999 0.6322009109375 0.7208340093750001 0.658513475 0.7437236921875 0.7480871140625001 0.84881053125 0.7226791312499999
3 0.8212479874999999 0.773243125 0.81623508125 0.7529908984375 0.778842746875 0.76637199375 0.783640375 0.78602075625 0.8212479874999999 0.773243125
3 0.861218709375 0.7626881437499999 0.8565374468750001 0.74124614375 0.8159033671874999 0.7541806875 0.8222915093750001 0.7737785046875 0.861218709375 0.7626881437499999
2 0.8232414984374999 0.589020265625 0.8190956546875 0.5596214203125001 0.12158538593749998 0.7573723203125 0.127917465625 0.78295403125 0.8232414984374999 0.589020265625
3 0.1932179734375 0.78618400625 0.1841719234375 0.7622875359375 0.1219016921875 0.7763598265625 0.130060503125 0.8042665875000001 0.1932179734375 0.78618400625
1 0.7610684890625 0.6490243687499999 0.7558595593749999 0.625450584375 0.1943412328125 0.7881920078125 0.200083709375 0.8096680484375 0.7610684890625 0.6490243687499999
3 0.2496004953125 0.7710947953125 0.24260492500000003 0.74789255 0.1858228265625 0.766427290625 0.193277640625 0.7869148890625 0.2496004953125 0.7710947953125
3 0.321731465625 0.7538507906249999 0.314871703125 0.7261372374999999 0.2590847421875 0.7411026109375001 0.26592260156249997 0.7697039421875 0.321731465625 0.7538507906249999
3 0.38777873125 0.7322682656249999 0.38137875781249997 0.708942175 0.32578775625 0.7272291515625 0.331436596875 0.7497728953125 0.38777873125 0.7322682656249999
3 0.45706766718749997 0.7111322796875 0.45126323749999997 0.687682290625 0.3989139203125 0.7064158593750001 0.40365041250000006 0.7284483625 0.45706766718749997 0.7111322796875
3 0.529997871875 0.6869973890625001 0.5247211234375 0.6656792406250001 0.473434825 0.6785877640625 0.48008340625 0.705195475 0.529997871875 0.6869973890625001
3 0.594854021875 0.665662571875 0.589841115625 0.6454103453125 0.544238903125 0.666102890625 0.547894259375 0.6826850765625 0.594854021875 0.665662571875
3 0.653882578125 0.6511437171875001 0.648869678125 0.6308915203125001 0.60022949375 0.644370446875 0.6055282140625 0.6664946171875 0.653882578125 0.6511437171875001
3 0.7178114703125 0.6311225890625 0.7141177375 0.6161998453125 0.6628314468750001 0.6291084 0.667381346875 0.648375803125 0.7178114703125 0.6311225890625
3 0.771344221875 0.6222299515625 0.7658715140625 0.59759020625 0.718814428125 0.6174645812499999 0.7238350812500001 0.6345324453125001 0.771344221875 0.6222299515625
0 0.8157182265625 0.5636862453125 0.7902464609375001 0.4759590875 0.6876738125 0.501776209375 0.7101678625 0.5901226328125 0.8157182265625 0.5636862453125
3 0.817406215625 0.6059248390625 0.8120615359375 0.586862446875 0.7687813953125 0.5992265125 0.7735304765625 0.618412878125 0.817406215625 0.6059248390625
0 0.24785236562500002 0.7210231953124999 0.22126498906249997 0.6211995 0.0938068765625 0.6577963984374999 0.11750838593749999 0.75118409375 0.24785236562500002 0.7210231953124999
0 0.4682414546875 0.63483665625 0.439799403125 0.5376402703125 0.3620970671875 0.5728547859375 0.3870698734375 0.6709496609375 0.4682414546875 0.63483665625
1 0.1790402109375 0.63782725 0.1701978015625 0.6071637390625 0.09369422656250001 0.6320417859374999 0.099234815625 0.6544258546874999 0.1790402109375 0.63782725
1 0.7263176 0.4959803390625 0.7197216625 0.469332646875 0.18032238125 0.6050579421875 0.1865691921875 0.63173875 0.7263176 0.4959803390625
2 0.7747444828125001 0.43357072968750004 0.7688721140625 0.41237646406249995 0.06895800156250001 0.55234663125 0.0755196375 0.57917710625 0.7747444828125001 0.43357072968750004
3 0.7831949515625001 0.4575911046875 0.77567175 0.4322570703125 0.7298735828125 0.4496280453125 0.7344414718750001 0.4662976828125 0.7831949515625001 0.4575911046875
1 0.7870048093750001 0.475512615625 0.7816601125 0.4564501609375 0.726204946875 0.470225790625 0.7297136156249999 0.48514487656250005 0.7870048093750001 0.475512615625
0 0.282987484375 0.8907990109374999 0.2563321828125 0.7932310984375001 0.12701950625 0.8324552531249999 0.1534109328125 0.9289572500000001 0.282987484375 0.8907990109374999
1 0.2008091140625 0.8092623828125 0.194605065625 0.7892578984374999 0.1432509234375 0.8044220937500001 0.14908599218750002 0.826579878125 0.2008091140625 0.8092623828125
1 0.8287667171875001 0.63158155625 0.8236256671875 0.6057520953125 0.7558595593749999 0.625450584375 0.7603591890625 0.6469013343750001 0.8287667171875001 0.63158155625
3 0.1475938703125 0.5942719140625 0.1418573359375 0.5685663062499999 0.0817055296875 0.5810771906250001 0.088834771875 0.60688134375 0.1475938703125 0.5942719140625
3 0.20258156249999998 0.5861974984375 0.1969808046875 0.5559804609375 0.1445034421875 0.56913674375 0.1505716890625 0.5936525625 0.20258156249999998 0.5861974984375
3 0.2747125390625 0.5689535218749999 0.26963949062500003 0.540868290625 0.2141163421875 0.556899621875 0.21892293281250003 0.5798245015625 0.2747125390625 0.5689535218749999
3 0.33791007031250003 0.55356756875 0.33243740312500003 0.5289278421875 0.27744967656249997 0.53700233125 0.283504075 0.5632399218749999 0.33791007031250003 0.55356756875
3 0.4078547203125 0.54014065 0.405291946875 0.5171372937500001 0.346067425 0.5283345171875 0.3510605859375 0.54918894375 0.4078547203125 0.54014065
3 0.4763444296875 0.5258955765625 0.470607896875 0.50018996875 0.41912566875 0.5097768828125 0.426369971875 0.5356270875 0.4763444296875 0.5258955765625
3 0.5379512421875 0.5142028984375 0.5295685765625 0.487926825 0.4815918359375 0.49902623281249997 0.48611002968749994 0.5232018421875 0.5379512421875 0.5142028984375
3 0.603199234375 0.49951123593749996 0.5963394703125 0.47179768437499997 0.54240711875 0.484135759375 0.5481469453125001 0.508197246875 0.603199234375 0.49951123593749996
3 0.6648739171875 0.48556284843749997 0.65887354375 0.4587913171875 0.6075194328125 0.47395550625 0.6141487 0.49972371562499995 0.6648739171875 0.48556284843749997
3 0.73111713125 0.4673018640625 0.7265039015625 0.4436042171875 0.6726995609374999 0.46151958593750003 0.6773658375 0.48237201875 0.73111713125 0.4673018640625
0 0.1919077375 0.5278952968749999 0.167830671875 0.4331534671875 0.0471952890625 0.4593650046875 0.06821883437500001 0.554425215625 0.1919077375 0.5278952968749999
0 0.47492802031250003 0.47463422031249997 0.45190628750000006 0.3841559546875 0.37289242031250003 0.40395235312500005 0.3926123359375 0.48615104843749996 0.47492802031250003 0.47463422031249997
0 0.7676131203125001 0.41487985 0.7459784703125 0.3274755078125 0.644333215625 0.3519789125 0.6628278140625 0.430753384375 0.7676131203125001 0.41487985
2 0.7481956375000001 0.28330382656249997 0.7413358828125001 0.2555903046875 0.027874976562499997 0.3737208078125 0.036138695312500003 0.40347527968749997 0.7481956375000001 0.28330382656249997
3 0.10822965625 0.417530221875 0.1015658328125 0.39313824375 0.0420095796875 0.40552526093749997 0.047906046875000004 0.42729818125 0.10822965625 0.417530221875
1 0.116876121875 0.44487219375000003 0.11021227812500001 0.42048021875 0.046750918749999995 0.43480015312500003 0.05191355156250001 0.4600907421875 0.116876121875 0.44487219375000003
1 0.6861584015625 0.33879663125000004 0.6803539796875 0.315346671875 0.11140342031249999 0.420232475 0.11749113281250001 0.43804484062500004 0.6861584015625 0.33879663125000004
1 0.744719559375 0.3299789421875 0.73838745625 0.3043971390625 0.6837236546875001 0.3213704703125 0.6891361687499999 0.338177290625 0.744719559375 0.3299789421875
3 0.16559960625 0.40896029218749996 0.1564254953125 0.37948647343749997 0.101497946875 0.39539382968750003 0.107335153125 0.415988425 0.16559960625 0.40896029218749996
3 0.23422509374999997 0.390203790625 0.225774590625 0.3661834234375 0.1666781296875 0.38295799375 0.1740223953125 0.40316905781249995 0.23422509374999997 0.390203790625
3 0.2988097078125 0.3778917640625 0.29406063437499996 0.3587054265625 0.24138727499999998 0.368540115625 0.24709850625000002 0.3900716984375 0.2988097078125 0.3778917640625
3 0.3856862234375 0.3721510515625 0.381276609375 0.3416862734375 0.3266206109375 0.348570903125 0.332641403125 0.377533834375 0.3856862234375 0.3721510515625
3 0.45119809687499995 0.35852533593749997 0.4463888890625 0.33150602500000004 0.3910015609375 0.3430259515625 0.3974629375 0.371407403125 0.45119809687499995 0.35852533593749997
3 0.5202155078125 0.3464120390625 0.5141472515625 0.3218961890625 0.4625971125 0.3337387890625 0.46619967031250004 0.35500932343749997 0.5202155078125 0.3464120390625
3 0.5832093734375 0.3377931609375 0.5748945953125 0.30926143906250003 0.5289684218749999 0.32105514999999996 0.534772828125 0.34450504843749996 0.5832093734375 0.3377931609375
3 0.6431652 0.32196068125 0.6387478625 0.301584646875 0.5870018296875 0.3101056328125 0.5936164390625 0.333762175 0.6431652 0.32196068125
0 0.74239123125 0.25985392812499997 0.7230030125 0.17646538437499998 0.6160734171875 0.189739328125 0.6359891484375 0.27525962187499997 0.74239123125 0.25985392812499997
3 0.7064907859375 0.3121520453125 0.7010180703125 0.287512265625 0.65549150625 0.2958605671875 0.661172953125 0.3197111984375 0.7064907859375 0.3121520453125
3 0.74149323125 0.3093550625 0.734897309375 0.28270743125000003 0.7014778796875001 0.29189981875000004 0.706022196875 0.31353551562500004 0.74149323125 0.3093550625
0 0.1608813984375 0.3494192953125 0.1367364328125 0.25693321406249997 0.0192509875 0.2753019578125 0.02459285 0.3516941375 0.029834332812499996 0.37326206875 0.1608813984375 0.3494192953125
0 0.4593786203125 0.3030263328125 0.4350978453125 0.21505155937499998 0.3441804484375 0.22723655156250003 0.36555128593749997 0.3135750921875 0.4593786203125 0.3030263328125
1 0.083287015625 0.243392865625 0.017264426562499997 0.2468928 0.019213762500000002 0.2747696140625 0.085917659375 0.2641405125 0.083287015625 0.243392865625
1 0.6598132 0.18176272031250001 0.6562553578125 0.162328559375 0.08143245 0.2460201890625 0.0853047453125 0.262948259375 0.6598132 0.18176272031250001
1 0.7208245125 0.1701938328125 0.7154798203125 0.15113137968749998 0.6562553578125 0.162328559375 0.66034469375 0.181175896875 0.7208245125 0.1701938328125