2 0.3379472453125 0.1697167734375 0.337695375 0.1852331078125 0.8504247359375 0.0940298453125 0.8489100703125001 0.07553175625 0.3379472453125 0.1697167734375
0 0.760689871875 0.10761261250000001 0.767560071875 0.1688092171875 0.8574838874999999 0.158155825 0.8518817921874999 0.0973235234375 0.760689871875 0.10761261250000001
3 0.81248668125 0.06697160156250001 0.8140020328125 0.08431449375 0.8489264640625 0.0783621921875 0.8470486812500001 0.0605186875 0.81248668125 0.06697160156250001
3 0.7790043796874999 0.0722016140625 0.780047375 0.0883716953125 0.8141417843750001 0.0824879859375 0.813231790625 0.06556021875 0.7790043796874999 0.0722016140625
3 0.7427938875 0.0825669515625 0.7423706984375 0.094650421875 0.7800927234375 0.089074746875 0.77801421875 0.0712131984375 0.7427938875 0.0825669515625
3 0.701353559375 0.08642850625000001 0.70097571875 0.099215025 0.73865239375 0.0929363 0.7369385609375 0.079281703125 0.701353559375 0.08642850625000001
3 0.6585931953124999 0.0946839078125 0.6598528265625 0.10799794062500001 0.6955393546875 0.101938640625 0.692933859375 0.0885579703125 0.6585931953124999 0.0946839078125
3 0.620961871875 0.10166571093750001 0.6223121921875 0.1163857890625 0.6530863515625 0.1087440765625 0.65320218125 0.0981105875 0.620961871875 0.10166571093750001
0 0.5523494609374999 0.14681233124999998 0.5544699750000001 0.20558246875 0.62255048125 0.19291241406249998 0.6178354859375 0.1351130640625 0.5523494609374999 0.14681233124999998
3 0.5809160140625 0.108914834375 0.5817776203125 0.1222727296875 0.6118463968750001 0.11612487187500001 0.6126030171875 0.10183990312499999 0.5809160140625 0.108914834375
3 0.5484137234375 0.1146229953125 0.549275328125 0.127980890625 0.5802308453125 0.12315134218749998 0.5788783 0.107328265625 0.5484137234375 0.1146229953125
3 0.5123744859375 0.12142921250000001 0.51367949375 0.135446265625 0.5409620515625 0.12960564375 0.5401457921875 0.1169507828125 0.5123744859375 0.12142921250000001
3 0.470364853125 0.128893809375 0.47056645625 0.1444486078125 0.5034667671874999 0.1386965546875 0.5033093578125001 0.12450899687500001 0.470364853125 0.128893809375
3 0.43224480625000006 0.1345133609375 0.4340838515625 0.150595690625 0.466188146875 0.1449314015625 0.464495125 0.12878902187500002 0.43224480625000006 0.1345133609375
3 0.397092340625 0.14263788125000001 0.39733929375 0.15889575625000002 0.4279421375 0.15481317187500002 0.42718612968749997 0.140866071875 0.397092340625 0.14263788125000001
0 0.3369500765625 0.1801524234375 0.33875045937500003 0.2404329953125 0.4223133484375 0.22826835 0.4190961765625 0.1699309609375 0.3369500765625 0.1801524234375
3 0.3669328390625 0.14737967968750001 0.36744180000000004 0.1614845140625 0.3955657515625 0.156259134375 0.39467093593749997 0.1417971703125 0.3669328390625 0.14737967968750001
3 0.3359975046875 0.164951859375 0.3665097125 0.1594631296875 0.3636126140625 0.145621634375 0.3362846484375 0.1507592421875 0.3359975046875 0.164951859375
2 0.340513440625 0.2737797 0.3409438484375 0.292941590625 0.862386315625 0.20911847031250003 0.8590954765625 0.19251603125 0.340513440625 0.2737797
0 0.7700546703125 0.22641440937500001 0.7780639359375 0.2881394953125 0.869160321875 0.2766714234375 0.8628482156249999 0.2116610734375 0.7700546703125 0.22641440937500001
3 0.8184001203125 0.1801667765625 0.820042890625 0.1991619109375 0.8571691234375001 0.1921178109375 0.8539070843750001 0.177283228125 0.8184001203125 0.1801667765625
1 0.806901084375 0.16373356249999999 0.8066964796875 0.179982225 0.8586070671874999 0.16909521875 0.8580281125000001 0.1602392109375 0.806901084375 0.16373356249999999
1 0.385139878125 0.23458009062500002 0.3873284734375 0.2490897515625 0.80296495625 0.1803936984375 0.8021641 0.168242596875 0.385139878125 0.23458009062500002
1 0.33658291875 0.2391969046875 0.33624713125 0.25988531875 0.38456790625 0.25160680156250004 0.3835381875 0.23375878437500003 0.33658291875 0.2391969046875
3 0.7848742109375 0.191239159375 0.7854043484375001 0.20593169687500001 0.818242721875 0.19714777187500002 0.8165857078125001 0.1813986359375 0.7848742109375 0.191239159375
3 0.7501799671875 0.1946904265625 0.7522516 0.209542603125 0.7845615125000001 0.2040127734375 0.78272895 0.1916912078125 0.7501799671875 0.1946904265625
3 0.7123412390625 0.2008299171875 0.71322310625 0.2145019234375 0.74995608125 0.208484365625 0.74898461875 0.193773503125 0.7123412390625 0.2008299171875
3 0.6672566734375 0.20973543437500003 0.6685491171875 0.2240178609375 0.70441894375 0.21612844843749998 0.7016257828125 0.2006344140625 0.6672566734375 0.20973543437500003
3 0.6274490171875 0.214125003125 0.6303418078125 0.2301979921875 0.663757471875 0.2245462328125 0.662666540625 0.20820778125 0.6274490171875 0.214125003125
0 0.55827609375 0.25901606093749996 0.5627769796875 0.3225509375 0.6290311890625 0.313110725 0.624024496875 0.24866450625 0.55827609375 0.25901606093749996
3 0.5869592296875 0.22252075312500003 0.5879250828125 0.23749486250000001 0.6217933203125 0.233104559375 0.62048160625 0.216136846875 0.5869592296875 0.22252075312500003
3 0.55280636875 0.22825380312500002 0.5549199984375 0.2437570421875 0.5874305171875001 0.23558236406250002 0.5864863609375 0.221524159375 0.55280636875 0.22825380312500002
3 0.514641053125 0.235085 0.5141325421875 0.2502216859375 0.5495917640625 0.2417218578125 0.5474221671875 0.227470425 0.514641053125 0.235085
3 0.47487533437499996 0.24012561406250002 0.4758831828125 0.2557507875 0.5066767640625 0.2497324671875 0.5066196734374999 0.2352470484375 0.47487533437499996 0.24012561406250002
3 0.4408065171875 0.24716075937499998 0.44250953906249996 0.26205358125 0.4656047140625 0.25753985625000003 0.4621831453125 0.2442437328125 0.4408065171875 0.24716075937499998
3 0.40034565312500003 0.25293372187499996 0.40131150781249997 0.26790783125 0.4328841953125 0.26245929375 0.4321777953125 0.24673306875 0.40034565312500003 0.25293372187499996
0 0.34045274375 0.2915728234375 0.34206292031249996 0.3540035078125 0.42316063281250005 0.3436380125 0.42047405781249997 0.2782222203125 0.34045274375 0.2915728234375
3 0.36893155312500003 0.255086375 0.3696127828125 0.2714032328125 0.4003643140625 0.2647338828125 0.3990517015625 0.2512052046875 0.36893155312500003 0.255086375
3 0.36846500937500004 0.270874128125 0.369141521875 0.25834161718750004 0.3396592421875 0.25857371875 0.33893585000000004 0.2734746 0.36846500937500004 0.270874128125
2 0.3391911203125 0.3861705953125 0.3408609046875 0.40410657031249997 0.8657017281250001 0.326300525 0.8649304015625001 0.310437509375 0.3391911203125 0.3861705953125
0 0.777429896875 0.341470265625 0.7867589203125 0.40657991562499995 0.879788590625 0.39360357343749997 0.869693484375 0.3246301859375 0.777429896875 0.341470265625
3 0.8219684781250001 0.2959905546875 0.8247438078125 0.313847065625 0.8671349265625 0.3082166734375 0.864995196875 0.29218818281250003 0.8219684781250001 0.2959905546875
1 0.827566021875 0.28125800624999997 0.8286596046874999 0.298212375 0.8696261359375 0.29013773125000003 0.8684478999999999 0.27505439531250003 0.827566021875 0.28125800624999997
1 0.3920411390625 0.348492434375 0.3937523375 0.3625328875 0.8191064796875 0.2999772671875 0.8177311078124999 0.285092103125 0.3920411390625 0.348492434375
0 0.3400034875 0.3987651015625 0.3442393875 0.46443636718750003 0.4273149015625 0.45618166406249994 0.42435151875 0.3895878625 0.3400034875 0.3987651015625
3 0.3420052421875 0.3709953203125 0.3414571265625 0.384308846875 0.37725811875000004 0.37953274062500003 0.3759694953125 0.36616624062500003 0.3420052421875 0.3709953203125
1 0.341515159375 0.353519809375 0.3432133703125 0.37045459062499997 0.387592646875 0.36342064375 0.3855577421875 0.347511328125 0.341515159375 0.353519809375
3 0.78077453125 0.303400759375 0.78140040625 0.321494271875 0.8259410203125 0.31562687500000003 0.8221513609375 0.2993015984375 0.78077453125 0.303400759375
3 0.7267449265625 0.3131822625 0.7277857203125 0.3293181984375 0.7705917546875 0.32173020937499996 0.7692301390625 0.307526240625 0.7267449265625 0.3131822625
3 0.673069015625 0.3200570046875 0.67470839375 0.3370828328125 0.71703829375 0.3305033109375 0.716385421875 0.3169369703125 0.673069015625 0.3200570046875
3 0.61856326875 0.33084692968749996 0.6190054765624999 0.34609295156250003 0.662532546875 0.34129324375 0.66137221875 0.32419777031249997 0.61856326875 0.33084692968749996
3 0.56918630625 0.3372476453125 0.571424309375 0.35516337343750004 0.606292225 0.3503625890625 0.6051683718749999 0.3339789109375 0.56918630625 0.3372476453125
3 0.5190416453125 0.3456754078125 0.5210339125 0.36202203437499997 0.5557444968749999 0.3548812421875 0.5549381125 0.3412561375 0.5190416453125 0.3456754078125
3 0.4735683421875 0.35317469687499997 0.47364503593749996 0.3689042046875 0.510683809375 0.3615067296875 0.5083666625000001 0.34639154687499996 0.4735683421875 0.35317469687499997
3 0.4233856109375 0.360364928125 0.4234623078125 0.3760944671875 0.46282926562500004 0.36844023125 0.4613456546875 0.3536466609375 0.4233856109375 0.360364928125
3 0.3763562640625 0.36555082968749997 0.377417271875 0.382000146875 0.41585296875 0.3744485859375 0.41535635 0.3587178765625 0.3763562640625 0.36555082968749997
0 0.566614290625 0.3891789015625 0.5715979359375 0.426681571875 0.634443 0.43877780624999996 0.6221928625 0.384754190625 0.566614290625 0.3891789015625
2 0.3412886390625 0.49821193125 0.342726315625 0.5125494484375 0.8855799875000001 0.44362920156249996 0.88400528125 0.427209475 0.3412886390625 0.49821193125
0 0.79062911875 0.458629409375 0.8012668765625 0.5281247718750001 0.8973524218750001 0.5148114609375 0.886366409375 0.44393130625 0.79062911875 0.458629409375
3 0.8392971171875001 0.4179286234375 0.8403415875 0.4341215671875 0.8875333640624999 0.4261997125 0.8853921015624999 0.40894221406250003 0.8392971171875001 0.4179286234375
1 0.82648510625 0.40219932968750005 0.8274135218750001 0.4165930203125 0.8828703078125001 0.4095718375 0.8811207421875 0.3924310203125 0.82648510625 0.40219932968750005
1 0.719542909375 0.42214585 0.71939465625 0.43575223906250005 0.8226105499999999 0.42165266562500003 0.8207751421875 0.40134959062500003 0.719542909375 0.42214585
1 0.4008888171875 0.46000168124999996 0.40046336406250005 0.47726267031249997 0.5609992140625 0.4532184234375 0.557106721875 0.4394813421875 0.4008888171875 0.46000168124999996
0 0.3471941015625 0.51024476875 0.3472394578125 0.57456614375 0.436046434375 0.5756454765625 0.43153329687499997 0.5136287953124999 0.3471941015625 0.51024476875
3 0.342616640625 0.47903934843749996 0.34236526875 0.498999184375 0.380447475 0.4929878625 0.379414496875 0.47832185625 0.342616640625 0.47903934843749996
1 0.34678593750000003 0.4641555609375 0.3437559125 0.48079783281250005 0.3925465546875 0.48175968593749996 0.39064250624999997 0.463497996875 0.34678593750000003 0.4641555609375
3 0.7925566515625 0.4248946703125 0.793717171875 0.44288680156250004 0.8375629296874999 0.43080391875 0.8373621531250001 0.4198991796875 0.7925566515625 0.4248946703125
3 0.7432115921875 0.4312419671875 0.7447653625 0.44737868281250004 0.7895266234375 0.44153689218750003 0.786350175 0.42439209843750003 0.7432115921875 0.4312419671875
3 0.6906365812499999 0.43522733437500005 0.6903852484375 0.45518720312500005 0.7371837375 0.4491207140625 0.7362649765625 0.43331140625 0.6906365812499999 0.43522733437500005
3 0.6383517390625 0.443710784375 0.6386096671875 0.46361444062499996 0.684331528125 0.45676071562500004 0.6810757359374999 0.4380936578125 0.6383517390625 0.443710784375
0 0.5727024140625 0.48356608437500004 0.577344496875 0.5555345859374999 0.6464365890625 0.545197828125 0.6408735078125 0.47553026562499995 0.5727024140625 0.48356608437500004
3 0.5849322 0.45050733750000005 0.58666005 0.4693428984375 0.6248002859375 0.4642312046875 0.6261808859375 0.44658246874999996 0.5849322 0.45050733750000005
3 0.5328213984375 0.461689584375 0.5327312109375 0.47619561250000003 0.5712646953125 0.4692285375 0.5707842125 0.4526910328125 0.5328213984375 0.461689584375
3 0.47719053437500003 0.466011971875 0.4779578046875 0.48585946562500004 0.5206818390625 0.48024231562499997 0.5195705484375 0.4639990671875 0.47719053437500003 0.466011971875
3 0.43164275312499994 0.4755645265625 0.4314365140625 0.4882713703125 0.4676555515625 0.485183490625 0.4653023421875 0.4677189015625 0.43164275312499994 0.4755645265625
3 0.37889366406249997 0.47685111874999997 0.379544921875 0.4948994046875 0.4211922859375 0.4884949515625 0.41896509687499994 0.47509277812499995 0.37889366406249997 0.47685111874999997
2 0.346955921875 0.60993158125 0.3469366546875 0.6334898578125 0.9025359890625 0.5713181796875 0.8999122859375 0.554520075 0.346955921875 0.60993158125
0 0.8041468546875 0.5903215562499999 0.8128054078125 0.66094115625 0.9101996874999999 0.6520135546875 0.9032001953125001 0.57566829375 0.8041468546875 0.5903215562499999
3 0.8503025578125 0.54083773125 0.8515211046875001 0.559729490625 0.8987128640625001 0.5518076359374999 0.895915121875 0.5323179171875 0.8503025578125 0.54083773125
1 0.837485934375 0.5250369390625 0.8396650593749999 0.5429167500000001 0.8974943171875 0.5329159140625 0.89644985 0.5167230046875 0.837485934375 0.5250369390625
1 0.397951259375 0.573504203125 0.39769988437500003 0.5934640046874999 0.8402324078125 0.5437601796875 0.836956340625 0.522969225 0.397951259375 0.573504203125
0 0.3469925828125 0.6280476390625 0.351125403125 0.7000723140625 0.43476828906250004 0.69266114375 0.431338021875 0.623171709375 0.3469925828125 0.6280476390625
3 0.34563421562499996 0.5973932765625001 0.34707197343749996 0.611730803125 0.3861727875 0.6056071578125 0.38547647343749997 0.5948118734375 0.34563421562499996 0.5973932765625001
1 0.3423204328125 0.5778265703125001 0.342520375 0.5968306125 0.3966812796875 0.593576325 0.395273975 0.5750697515625001 0.3423204328125 0.5778265703125001
3 0.8075785265625001 0.5464549140625 0.8057992453124999 0.5665831984375 0.8520304078125 0.5596733296874999 0.845829925 0.5412372234375 0.8075785265625001 0.5464549140625
3 0.752179765625 0.5543756890625 0.7538495875 0.5723116593750001 0.7991782171875 0.5673132953125 0.7962364515625 0.547838015625 0.752179765625 0.5543756890625
3 0.6945697171874999 0.5598223296875 0.6940991750000001 0.5843363578125 0.740388359375 0.578326046875 0.7363100640625 0.553313921875 0.6945697171874999 0.5598223296875
3 0.6426200625 0.5655507921875 0.642368728125 0.5855106234375 0.6867367203125 0.5815241765625 0.6855156140625 0.5611792921875 0.6426200625 0.5655507921875
0 0.576530296875 0.608172684375 0.5800957515625 0.6793538953125 0.650438590625 0.672503253125 0.6455013203125 0.6029524703125 0.576530296875 0.608172684375
3 0.58557734375 0.5718408640625 0.5867958890625 0.590732584375 0.62901058125 0.5851716015624999 0.6287004359374999 0.5651799796875 0.58557734375 0.5718408640625
3 0.5257108374999999 0.582066346875 0.526639253125 0.596460034375 0.5695373640625 0.5935417000000001 0.5677180921875 0.574168765625 0.5257108374999999 0.582066346875
3 0.477764759375 0.578293284375 0.47927343437500003 0.6016830390625 0.5214881265625 0.5961220578125 0.5201073578125001 0.5816830671875 0.477764759375 0.578293284375
3 0.4288258609375 0.5909377859375 0.43094695781250003 0.6079179671875 0.47265238906249996 0.6024131390624999 0.47100560937499997 0.585965346875 0.4288258609375 0.5909377859375
3 0.40114906718750004 0.5912716828125 0.40542342812500004 0.6098264421875 0.42867764687500004 0.6045442015625 0.4277795703125 0.59186400625 0.40114906718750004 0.5912716828125
2 0.3480609078125 0.732084396875 0.345946403125 0.7549676875 0.9145234703125 0.703143053125 0.9119068203125 0.6867906859375 0.3480609078125 0.732084396875
0 0.8134609156250001 0.71881719375 0.8191216109375 0.7906734609375 0.9224084187500001 0.7856260500000001 0.9126477562499999 0.70821975625 0.8134609156250001 0.71881719375
3 0.8648366093750001 0.6723817984375 0.8660551562500001 0.6912735203125 0.9085470843750001 0.6820579328124999 0.9058544078124999 0.6625508671875 0.8648366093750001 0.6723817984375
1 0.854117546875 0.6572917140625 0.856180625 0.6733723703125001 0.9125980218749999 0.6653391671875 0.9121334890625 0.6505370140625 0.854117546875 0.6572917140625
1 0.4035843625 0.6942876921875001 0.402372409375 0.7152594421875 0.8567479875 0.6742157296875 0.854262353125 0.65805058125 0.4035843625 0.6942876921875001
0 0.34724217031250004 0.7512008046875 0.349743884375 0.8297473500000001 0.44255444062500005 0.8213251921875001 0.438822340625 0.7491467828125 0.34724217031250004 0.7512008046875
3 0.346765065625 0.7358513234374999 0.392602978125 0.7307968 0.387964525 0.7162618796875 0.3471905171875 0.7185903015624999 0.346765065625 0.7358513234374999
1 0.3531626125 0.699847671875 0.35324650625 0.71705253125 0.40112162500000004 0.711773365625 0.40017598125 0.696800990625 0.3531626125 0.699847671875
3 0.8173546984375 0.6758055875 0.8182960484375 0.698351909375 0.8579642296875001 0.693071728125 0.8577519499999999 0.672383684375 0.8173546984375 0.6758055875
3 0.7594674171875 0.684906796875 0.7606279359375 0.7028989265625001 0.8062917703125001 0.6951455906249999 0.804829740625 0.67708724375 0.7594674171875 0.684906796875
3 0.700664646875 0.6877669484375 0.7019992453125 0.708457890625 0.7487397484375 0.7014918203125 0.74815958125 0.6833362328125 0.700664646875 0.6877669484375
3 0.6440732046875 0.69310123125 0.644724421875 0.711149521875 0.6874484562500001 0.7055323734375001 0.6857587328125 0.6902171421875 0.6440732046875 0.69310123125
0 0.5812025359375 0.7362741484375 0.5856835125 0.81369648125 0.6607841875 0.80903916875 0.655677634375 0.7308949921875 0.5812025359375 0.7362741484375
3 0.6052495515625 0.6955703140625 0.6035863640625 0.7174978109375 0.6300124484375 0.7136778296874999 0.6291610828125 0.6975902828125 0.6052495515625 0.6955703140625
3 0.5371180765625 0.70489511875 0.537085915625 0.72030075625 0.57812085625 0.7203058796875 0.576585578125 0.6977270265625 0.5371180765625 0.70489511875
3 0.486464303125 0.7068566859375001 0.48603885 0.724117675 0.524862425 0.7216486359375 0.5237358796875 0.703554734375 0.486464303125 0.7068566859375001
3 0.43796378750000003 0.7103927953125 0.43493375937499995 0.7270349984375 0.480887725 0.72377969375 0.47965556875 0.70615115625 0.43796378750000003 0.7103927953125
3 0.3881674328125 0.71769583125 0.3897211640625 0.733832584375 0.42746818593749997 0.7305762328125 0.42602410468749996 0.7098007765625 0.3881674328125 0.71769583125
2 0.3515108421875 0.86486983125 0.3523628765625 0.8857507312499999 0.9338663265625 0.8417295578124999 0.9306697406250001 0.8228551046874999 0.3515108421875 0.86486983125
1 0.86428906875 0.791128815625 0.8656816984375 0.8127194531249999 0.9204550609375 0.8030555187499999 0.91956114375 0.7855755046875 0.86428906875 0.791128815625
1 0.400281684375 0.8259865874999999 0.4007007625 0.8404364765624999 0.8644889734375001 0.810132896875 0.862600946875 0.7873278921875 0.400281684375 0.8259865874999999
1 0.3496278328125 0.8279481640625 0.349260484375 0.84610876875 0.3998562359375 0.8432476109374999 0.39676315624999997 0.8228455406249999 0.3496278328125 0.8279481640625
0 0.8274673609375001 0.8490923515625 0.8339353125000001 0.9340265609375 0.9320667515625001 0.9256041578125 0.9358579578124999 0.8755720625000001 0.9326723203125 0.8462309859375001 0.8274673609375001 0.8490923515625
3 0.88859834375 0.8101563640625 0.8897588640625 0.8281484953125 0.9294270062500001 0.8228683171875 0.9275237859375001 0.8096046828125001 0.88859834375 0.8101563640625
3 0.8543004640625 0.8112203671874999 0.8550097093750001 0.83016825 0.889700840625 0.8272489015625 0.888174875 0.8060186437500001 0.8543004640625 0.8112203671874999
3 0.8093651453125 0.81436334375 0.8125048484375 0.8312312390625 0.8528564078124999 0.8285936749999999 0.8473507890624999 0.8093881484375001 0.8093651453125 0.81436334375
3 0.7581296125 0.8182847437499999 0.7625370593749999 0.8371291937500001 0.801527275 0.8336351843750001 0.795548334375 0.8156797734375001 0.7581296125 0.8182847437499999
3 0.716577475 0.8244775531249999 0.719575034375 0.8426720156249999 0.7547367328125001 0.8363784546874999 0.75409685 0.818237659375 0.716577475 0.8244775531249999
3 0.672503575 0.8269212593749999 0.673690028125 0.845315434375 0.7098604328125 0.8405215187499999 0.7081168625 0.8212949 0.672503575 0.8269212593749999
0 0.5906520468750001 0.867340296875 0.5962369359374999 0.9462541703125 0.67124916875 0.9432263484375 0.6656769734375 0.8653002421875 0.5906520468750001 0.867340296875
3 0.6269681640625 0.8279152515625 0.6277018515624999 0.8463593484375 0.6655400671875 0.8462141265625001 0.6631400796875 0.8222285734374999 0.6269681640625 0.8279152515625
3 0.588379096875 0.8305595718750001 0.58820728125 0.84910351875 0.62307093125 0.845259121875 0.62168859375 0.8247864609375 0.588379096875 0.8305595718750001
3 0.54460324375 0.8305541140624999 0.5446377015625 0.8522970703125001 0.5794497625 0.8476529078124999 0.5786033796875001 0.8285309703125 0.54460324375 0.8305541140624999
3 0.5037109531249999 0.8366805656249999 0.5035906875 0.8560242515625 0.5399158453124999 0.8536295703125001 0.5396095265625 0.8338372749999999 0.5037109531249999 0.8366805656249999
3 0.4640616296875 0.8370255 0.46097826093750005 0.8599176796875 0.4960883375 0.85282435625 0.492239571875 0.83302189375 0.4640616296875 0.8370255
3 0.420492046875 0.84021901875 0.418560675 0.8597624140625 0.4544330296875 0.8574176671875 0.453310178125 0.8393275656249999 0.420492046875 0.84021901875
0 0.35159176406250003 0.8814659953125 0.3531342796875 0.9590777390625 0.4435445171875 0.9569738046875 0.44092815625000004 0.8813464281250001 0.35159176406250003 0.8814659953125
3 0.3847744453125 0.8449630046875001 0.38455097656250004 0.8627072234375 0.416995996875 0.8567132296875 0.4152550671875 0.841510934375 0.3847744453125 0.8449630046875001
3 0.3488504359375 0.8465080265625 0.3488333765625 0.8674512078125 0.3839950046875 0.8611576546874999 0.382925040625 0.8440694765625001 0.3488504359375 0.8465080265625
1 0.8837797234375 0.9320260359375 0.8839725749999999 0.9503578046875001 0.9251851296875 0.94493934375 0.9244698765624999 0.926314984375 0.8837797234375 0.9320260359375
1 0.4070769828125 0.9592471828125 0.40634317812500004 0.9785550390625 0.8834252953125 0.9495441781249999 0.8827730546874999 0.9320049671874999 0.4070769828125 0.9592471828125
1 0.3496392765625 0.9585891906249999 0.3525124984375 0.9801211562500001 0.4063991546875 0.979422840625 0.4056203671875 0.9573179984375001 0.3496392765625 0.9585891906249999