3 0.5761037203125 0.2069878609375 0.1690197625 0.1870470890625 0.169897315625 0.199829725 0.576998434375 0.2213041921875 0.5761037203125 0.2069878609375
3 0.584603675 0.3119427328125 0.1718162515625 0.2953793578125 0.1707920296875 0.3111473921875 0.584156284375 0.326259065625 0.584603675 0.3119427328125
3 0.5738669015625 0.4176929453125 0.15335942656249998 0.418619734375 0.1520027421875 0.43439535781250005 0.5743142921875 0.43121393750000003 0.5738669015625 0.4176929453125
3 0.5868404953125 0.519466396875 0.1555966171875 0.531921371875 0.156029025 0.5465083796875 0.5868404953125 0.5377595187499999 0.5868404953125 0.519466396875
3 0.5935509531250001 0.633170159375 0.14608855625 0.6472107578124999 0.147081746875 0.666574925 0.594892990625 0.64828183125 0.5935509531250001 0.633170159375
3 0.6051823749999999 0.75164599375 0.14776645 0.7793960015625 0.147081746875 0.7961857296875 0.6065244796875 0.769143746875 0.6051823749999999 0.75164599375
1 0.612787546875 0.8598139 0.1427327703125 0.8917037640625001 0.1430554640625 0.9115117875 0.61099811875 0.882083753125 0.612787546875 0.8598139
0 0.1466478546875 0.8141815906250001 0.1417133765625 0.8916279843750001 0.186002409375 0.8860605140625 0.19002869218750001 0.8160695328124999 0.1466478546875 0.8141815906250001
2 0.19092340624999998 0.793035984375 0.14776645 0.796291859375 0.1448449265625 0.8153057765625 0.1913707625 0.8145104375000001 0.19092340624999998 0.793035984375
0 0.40789489999999995 0.801753171875 0.36812975468750003 0.8012612296875 0.3640532234375 0.8757209421875001 0.40789489999999995 0.8709488109375 0.40789489999999995 0.801753171875
2 0.3875 0.7921875 0.04375 0.01328125
0 0.607866584375 0.7922089703124999 0.5705955328125001 0.7923163625 0.5707353671875001 0.8621999499999999 0.6101034046875 0.8590185296874999 0.607866584375 0.7922089703124999
2 0.5890625 0.78125 0.03515625 0.02109375
1 0.5993666296875 0.7333529015625 0.1444106625 0.7595185203125 0.1426081078125 0.7802786875 0.5993666296875 0.7524413640625001 0.5993666296875 0.7333529015625
0 0.1846603046875 0.6848364484375 0.14608855625 0.6869657171875 0.14350282187500002 0.7595995140625 0.1851076609375 0.7580088046875 0.1846603046875 0.6848364484375
2 0.165625 0.6734375 0.04140625 0.01953125
0 0.399394978125 0.674496846875 0.36141818125 0.67305148125 0.35868487031249996 0.743692471875 0.398947621875 0.7428971328125 0.399394978125 0.674496846875
2 0.3796875 0.66640625 0.040625 0.0203125
0 0.5966824875000001 0.66892940625 0.5588502796875 0.6680821109374999 0.5555250218750001 0.7349436109374999 0.5966824875000001 0.731762190625 0.5966824875000001 0.66892940625
2 0.57734375 0.659375 0.03359375 0.01640625
0 0.19360758281249998 0.5608247125 0.150003640625 0.562731465625 0.148423834375 0.6284296421875 0.1918181203125 0.6268389328125 0.19360758281249998 0.5608247125
2 0.1703125 0.553125 0.0453125 0.01640625
0 0.397158159375 0.5584386625 0.359180990625 0.557762096875 0.35644805 0.6236575421875 0.397158159375 0.622862171875 0.397158159375 0.5584386625
2 0.37890625 0.55 0.0390625 0.01875
0 0.5872878187499999 0.552871190625 0.54934221875 0.554780475 0.549709278125 0.6149086500000001 0.5895246375000001 0.6149086500000001 0.5872878187499999 0.552871190625
2 0.56640625 0.5453125 0.03671875 0.0171875
0 0.1882392296875 0.4526568359375 0.150003640625 0.4514175765625 0.1506606546875 0.5178757171874999 0.186002409375 0.51867105625 0.1882392296875 0.4526568359375
2 0.1703125 0.44296875 0.0375 0.01796875
0 0.39492133906250004 0.449475415625 0.35862169375 0.449429828125 0.3568954078125 0.5131035859375 0.394026625 0.5131035859375 0.39492133906250004 0.449475415625
2 0.37578125 0.440625 0.03828125 0.0171875
0 0.575656396875 0.4502708015625 0.543749240625 0.449429828125 0.5456829609375 0.509126825 0.5778932171875 0.505945434375 0.575656396875 0.4502708015625
2 0.55859375 0.43984375 0.0328125 0.015625
0 0.1695790609375 0.32718332499999997 0.1672131046875 0.3930686546875 0.20389696562499998 0.3930686546875 0.20658114218749998 0.33103119531249997 0.1695790609375 0.32718332499999997
2 0.18984375 0.31953125 0.03671875 0.0203125
2 0.39921875 0.3265625 0.0640625 0.021875
0 0.5538166 0.34606693125 0.5546302390625 0.401817515625 0.5868404953125 0.401817515625 0.5863931046874999 0.342961478125 0.5538166 0.34606693125
2 0.5671875 0.33515625 0.03125 0.0171875
0 0.2061337859375 0.216500478125 0.1673418703125 0.2148755625 0.164081571875 0.273765821875 0.20389696562499998 0.2785379375 0.2061337859375 0.216500478125
2 0.18828125 0.20625 0.03828125 0.0171875
1 0.580577359375 0.2928858828125 0.16454538125 0.274508003125 0.163634196875 0.2928858828125 0.581919465625 0.31038363593749996 0.580577359375 0.2928858828125
0 0.39581608749999997 0.22604470937499999 0.359180990625 0.22580817656250002 0.359579584375 0.2849007640625 0.3962634453125 0.283310084375 0.39581608749999997 0.22604470937499999
2 0.378125 0.21953125 0.0375 0.01484375
0 0.57878793125 0.2347935703125 0.545427134375 0.2347530421875 0.5483671718750001 0.292854284375 0.581919465625 0.2944449796875 0.57878793125 0.2347935703125
2 0.5609375 0.22578125 0.03515625 0.0125
0 0.3905016640625 0.3361281921875 0.3877635234375 0.3930686546875 0.42176317343749997 0.401817515625 0.42176317343749997 0.34534752812499997 0.3905016640625 0.3361281921875
1 0.5850509984375 0.40420356562500004 0.166782571875 0.39576063281249996 0.1685552109375 0.4153385078125 0.5850509984375 0.41931526874999997 0.5850509984375 0.40420356562500004
1 0.57878793125 0.5099221953125 0.1494443421875 0.5170132625 0.149318565625 0.5329873890625 0.5774458250000001 0.5226478171875 0.57878793125 0.5099221953125
1 0.5895246375000001 0.61729473125 0.1444106625 0.629321025 0.144397553125 0.649108815625 0.5899720296875001 0.6316110625 0.5895246375000001 0.61729473125