2 0.0017088749999999999 0.4909656296875 0 0.5157038875 0.7034496375 0.5585229921875 0.7039130734375 0.5321727890625 0.0017088749999999999 0.4909656296875
3 0.0044255843750000004 0.46827742343749995 0.00383329375 0.4880339921875 0.050336829687499994 0.4908508421875 0.051922182812499995 0.4692550765625 0.0044255843750000004 0.46827742343749995
3 0.054461184375000006 0.46827742343749995 0.054564418749999996 0.4908508421875 0.09525502500000001 0.494606625 0.09525502500000001 0.47113296718750003 0.054461184375000006 0.46827742343749995
3 0.09756115625 0.4709184171875 0.0968403796875 0.492728734375 0.1438724015625 0.5002403 0.1444008125 0.4730108859375 0.09756115625 0.4709184171875
3 0.15354157968749998 0.474439740625 0.1523275515625 0.49930136875000003 0.20147333750000002 0.503996084375 0.20147333750000002 0.477705628125 0.15354157968749998 0.474439740625
3 0.21298981718749999 0.476200403125 0.2109854 0.5002403 0.2606596578125 0.505874028125 0.2611881 0.47864453281249997 0.21298981718749999 0.476200403125
3 0.27144725 0.47884139687499994 0.2712286328125 0.50775189375 0.3193175375 0.5086908265625001 0.32037442031249996 0.48427820937500005 0.27144725 0.47884139687499994
3 0.327971578125 0.4849329578125 0.3276045421875 0.5098103125 0.3731538890625 0.51274261875 0.3728238078125 0.4869382390625 0.327971578125 0.4849329578125
3 0.3731478640625 0.48713236562500006 0.3721637 0.5115696921875 0.4173829859375 0.5145020140625001 0.41771304843749996 0.489284090625 0.3731478640625 0.48713236562500006
3 0.42636924218749994 0.49098133125 0.42530460625 0.5145020140625001 0.4692036203125 0.5180207921875 0.46986378437500004 0.4963216609375 0.42636924218749994 0.49098133125
3 0.478662340625 0.4926308875 0.4771252421875 0.5162614109375 0.5200340859375 0.5209531140625 0.5206942125 0.49866751249999997 0.478662340625 0.4926308875
3 0.5300271578125 0.50032881875 0.5289459328125 0.5203666421875 0.5708645906250001 0.5250583609375 0.5705344515624999 0.5027727421875 0.5300271578125 0.50032881875
3 0.5799561734374999 0.5057394687500001 0.5785997359375 0.52550270625 0.6228202625 0.5269488015625 0.6230915796875001 0.506703528125 0.5799561734374999 0.5057394687500001
3 0.62336286875 0.5076676015625 0.6214638234375001 0.5274308249999999 0.6613436859374999 0.5288769062500001 0.6627001546875 0.508631646875 0.62336286875 0.5076676015625
3 0.6625025890625 0.5093044515625 0.6621576109375 0.5312870625 0.7012235796875 0.5336972171875 0.703122625 0.511523825 0.6625025890625 0.5093044515625
0 0.0025777984375 0.514898853125 0.0008693062499999999 0.6095765609375 0.129243153125 0.6161641109375 0.128779690625 0.5214679828125 0.0025777984375 0.514898853125
0 0.326251559375 0.5349718796875 0.3243528765625 0.6243985734375 0.41148024687499996 0.62522200625 0.4133339921875 0.5404072281250001 0.326251559375 0.5349718796875
0 0.5960521046875 0.54809655 0.5917597671875 0.6326330359375001 0.699742146875 0.63675024375 0.7025227640625 0.5535823296875 0.5960521046875 0.54809655
1 0.003012259375 0.608315628125 0.003186528125 0.6318096515625 0.078727815625 0.63675024375 0.079191253125 0.6153406796875001 0.003012259375 0.608315628125
2 0.003931221875 0.65291210625 0.004430365625 0.683448128125 0.6944755781249999 0.7034655734374999 0.6963532765625 0.683448128125 0.003931221875 0.65291210625
1 0.0781740859375 0.6152639828125 0.078727815625 0.6392205875 0.6330062437499999 0.65321916875 0.634396553125 0.635926859375 0.0781740859375 0.6152639828125
3 0.646651265625 0.6576687453125001 0.6461142343749999 0.680259153125 0.6951323109375 0.6826343921875 0.696023534375 0.6628400578125 0.646651265625 0.6576687453125001
1 0.634719171875 0.63379293125 0.6330062437499999 0.65321916875 0.6974249109375 0.6573363765625 0.69927865625 0.6351033796875 0.634719171875 0.63379293125
3 0.0047501046875 0.6314768125 0.0050402875 0.6548660328125 0.05972661875 0.658983240625 0.060653504687500005 0.635926859375 0.0047501046875 0.6314768125
3 0.059710590625000004 0.636140721875 0.061718421875 0.65844004375 0.1178663796875 0.6623989203125 0.1178663796875 0.638645709375 0.059710590625000004 0.636140721875
3 0.1298928203125 0.6398524515624999 0.12989810468750002 0.65844004375 0.1842636015625 0.664774228125 0.1838179640625 0.6394374484375 0.1298928203125 0.6398524515624999
3 0.1992395484375 0.6435641796875 0.198969 0.6655659890625001 0.25066077343750004 0.6671495359375 0.25066077343750004 0.6402292328125 0.1992395484375 0.6435641796875
3 0.26816852343750003 0.644306525 0.26759428281250003 0.6671495359375 0.3232966140625 0.666597525 0.32374222656249996 0.643636165625 0.26816852343750003 0.644306525
3 0.34211051718749996 0.644306525 0.3413110078125 0.6667989328124999 0.39389403125 0.6691742406250001 0.39567650468750004 0.6446292671875 0.34211051718749996 0.644306525
3 0.4102039890625 0.6480182531249999 0.409936290625 0.6683824796875 0.461628090625 0.6691742406250001 0.461182428125 0.6446292671875 0.4102039890625 0.6480182531249999
3 0.471195690625 0.6465335609375 0.47187731718750003 0.6683824796875 0.52134100625 0.6707577859375 0.52178661875 0.6517552359375001 0.471195690625 0.6465335609375
3 0.5367826546875001 0.6480182531249999 0.5360464046875 0.6731331171875 0.5855101453125 0.675508446875 0.5868469296875001 0.653338759375 0.5367826546875001 0.6480182531249999
3 0.5986098578125 0.6509876359375 0.59798743125 0.6747166625000001 0.6461142343749999 0.680259153125 0.6478967828125 0.6588811812500001 0.5986098578125 0.6509876359375
2 0.0078917859375 0.807746740625 0.0095939703125 0.831076925 0.688842534375 0.8452559609374999 0.6897814109375 0.8260725624999999 0.0078917859375 0.807746740625
3 0.012086934375 0.7868368875 0.0124214296875 0.8130364015625 0.0543096015625 0.8122446406250001 0.0547552125 0.7916585203125 0.012086934375 0.7868368875
3 0.054263928125000006 0.7902968578125 0.055111465625 0.8121630734374999 0.10184290781250001 0.8109596578125 0.10116563125 0.7880957625 0.054263928125000006 0.7902968578125
3 0.101247521875 0.789168615625 0.10184290781250001 0.8115613312500001 0.1478970734375 0.8133663875 0.14721983593750002 0.7868923453125001 0.101247521875 0.789168615625
3 0.16283412343749998 0.789168615625 0.1627969578125 0.8163748249999999 0.207496590625 0.817578171875 0.20783523750000002 0.7911041828125 0.16283412343749998 0.789168615625
3 0.2196588734375 0.7919892234375 0.2200260546875 0.8169764984375 0.2633711546875 0.817578171875 0.26404845 0.791705821875 0.2196588734375 0.7919892234375
3 0.276483625 0.79480983125 0.27590060156249996 0.819383228125 0.3182297765625 0.8199849015625 0.318907071875 0.794714225 0.276483625 0.79480983125
3 0.326641784375 0.7942457109375 0.3260183859375 0.817578171875 0.36970215156249997 0.8181798812500001 0.36970215156249997 0.794714225 0.326641784375 0.7942457109375
3 0.37045080937499997 0.795373953125 0.3692307078125 0.81889565 0.41257580781250003 0.8200989984374999 0.413930321875 0.7924215734375 0.37045080937499997 0.795373953125
3 0.4212438828125 0.795373953125 0.42002575000000003 0.8182939421875 0.463709478125 0.8213023453125 0.4633708484375 0.797836740625 0.4212438828125 0.795373953125
3 0.4710845859375 0.79706631875 0.4694662390625 0.81889565 0.510102271875 0.822505796875 0.50976364375 0.796633359375 0.4710845859375 0.79706631875
3 0.5180681796875 0.798758684375 0.5172136234375 0.8213023453125 0.56022005625 0.8213023453125 0.5608973125000001 0.797836740625 0.5180681796875 0.798758684375
3 0.5685437953125 0.79706631875 0.5666541125 0.820700671875 0.6093219546875 0.8243107828125 0.6093219546875 0.7996417796874999 0.5685437953125 0.79706631875
3 0.6088607968749999 0.8004510484375 0.6093219546875 0.8213023453125 0.6499579890625 0.823709109375 0.6509739125 0.802048509375 0.6088607968749999 0.8004510484375
3 0.6507650828125 0.8010151703125 0.6499579890625 0.822505796875 0.6892394687500001 0.8243107828125 0.6899167640625 0.798438415625 0.6507650828125 0.8010151703125
0 0.0061315359375 0.680281865625 0.008655146875 0.7676882734375 0.1311733578125 0.7685223453125001 0.130703946875 0.6842821765625 0.0061315359375 0.680281865625
0 0.32473699218749996 0.69122976875 0.3245738078125 0.7735267078125 0.408599725 0.7735267078125 0.4109467828125 0.688452465625 0.32473699218749996 0.69122976875
0 0.5878945390625 0.69826770625 0.585101125 0.77853106875 0.6907202875 0.7810332609375 0.6958838109375 0.704299646875 0.5878945390625 0.69826770625
1 0.0091245453125 0.7643520328125 0.0091245453125 0.7893738640625 0.08000674375 0.7885397921874999 0.0809455671875 0.76935639375 0.0091245453125 0.7643520328125
1 0.081822334375 0.7663011078124999 0.0809455671875 0.786871671875 0.628287559375 0.7993825875 0.6287569703125 0.7801991890625 0.081822334375 0.7663011078124999
1 0.628820378125 0.7788129968749999 0.62922638125 0.7993825875 0.688842534375 0.8027188515624999 0.6902508218750001 0.7801991890625 0.628820378125 0.7788129968749999
0 0.010532162500000001 0.830424540625 0.011941053125 0.91531709375 0.1321122078125 0.921155528125 0.1321122078125 0.82857473125 0.010532162500000001 0.830424540625
0 0.3251770546875 0.8374624796875001 0.3245738078125 0.918653334375 0.40813026093750004 0.9194873828125001 0.4104773703125 0.836915334375 0.3251770546875 0.8374624796875001
0 0.5834939109375 0.839026465625 0.5818151390625 0.9244917687499999 0.6841483671875 0.9253258171875001 0.688842534375 0.8444218890625 0.5834939109375 0.839026465625
1 0.0180132296875 0.9133158109374999 0.0180435078125 0.9370026843750001 0.082823265625 0.9395048765625 0.082353828125 0.918653334375 0.0180132296875 0.9133158109374999
1 0.08446271093749999 0.9187897625 0.08470093749999999 0.9395048765625 0.6221851046875 0.9420070218750001 0.62312398125 0.9236577203125 0.08446271093749999 0.9187897625
1 0.6230995609375001 0.922699728125 0.6226546234375 0.940338925 0.680393021875 0.940338925 0.680393021875 0.9236577203125 0.6230995609375001 0.922699728125