3 0.5136819703125 0.7447783984375 0.109901425 0.7282651640625 0.1066004515625 0.740952953125 0.510071459375 0.7589967234375 0.5136819703125 0.7447783984375
3 0.5407387640625 0.6405978484375 0.1320234828125 0.6171442 0.1300198984375 0.6329917078125 0.5384459015624999 0.6549413375 0.5407387640625 0.6405978484375
3 0.5511055109375 0.5348319109374999 0.1370970015625 0.4922693640625 0.135418371875 0.508155459375 0.5480859515625001 0.548297421875 0.5511055109375 0.5348319109374999
3 0.583736396875 0.42956291718750006 0.16244534375 0.3806459015625 0.159237059375 0.395177740625 0.580245371875 0.447837428125 0.583736396875 0.42956291718750006
3 0.6127340125 0.3199040265625 0.17657438125 0.25986710625 0.1719038703125 0.2791189453125 0.60853255 0.334875165625 0.6127340125 0.3199040265625
3 0.6472185921875 0.200249825 0.2013090546875 0.13038817656249999 0.1987771609375 0.1472246765625 0.64256170625 0.2176046109375 0.6472185921875 0.200249825
1 0.6731639578124999 0.0878419390625 0.2193647453125 0.014803971874999999 0.215267809375 0.034561746875 0.6706708406249999 0.11025601562500001 0.6731639578124999 0.0878419390625
0 0.247267953125 0.11452979375000001 0.2566719859375 0.0442345390625 0.214252528125 0.03454238125 0.204317365625 0.1123701609375 0.247267953125 0.11452979375000001
2 0.24828803124999999 0.1162124640625 0.2027618296875 0.1110789796875 0.20200153437499999 0.13034600937500002 0.243750684375 0.137623346875 0.24828803124999999 0.1162124640625
0 0.47163697656250003 0.08002434375 0.42950494375000003 0.0711684375 0.419297440625 0.1459325625 0.458431815625 0.1491495796875 0.47163697656250003 0.08002434375
2 0.4364754679396331 0.1570646192258783 0.045667056006354304 0.02401132697140156
0 0.6678838265625 0.11080025468750002 0.629840340625 0.103950646875 0.6163666046875 0.1737500890625 0.6529379609375 0.17733323437499998 0.6678838265625 0.11080025468750002
2 0.6325595353100731 0.18630635376392685 0.03952615016215581 0.029751143940863402
1 0.6370037296875 0.2162676796875 0.19388127187499998 0.1458618265625 0.191689146875 0.166768975 0.6333609250000001 0.2353367203125 0.6370037296875 0.2162676796875
0 0.23135640156249998 0.1720725171875 0.1908133078125 0.1666033984375 0.179490628125 0.2394044359375 0.21695312812499998 0.24512870156250002 0.23135640156249998 0.1720725171875
2 0.19604929099211602 0.25470412014396226 0.04421365016215582 0.03013378121376693
0 0.43841561406249996 0.20711131875 0.3990383625 0.202561925 0.38824087500000004 0.273385946875 0.425801440625 0.2754837296875 0.43841561406249996 0.20711131875
2 0.4046606319015065 0.28136298862093445 0.04421365016215582 0.03013378121376702
0 0.6304221296875 0.23667549375000002 0.5906218234375 0.2296590046875 0.581126765625 0.2967625859375 0.6184312421875 0.299444346875 0.6304221296875 0.23667549375000002
2 0.5976878831193224 0.3069535646742521 0.03631932954530477 0.02480855242559432
0 0.2129123703125 0.3037347375 0.1706124390625 0.2980987390625 0.15962574375 0.3638774 0.20207119687500003 0.36984867499999996 0.2129123703125 0.3037347375
2 0.177556615262415 0.37557460059912484 0.047284103084255104 0.02726387272903601
0 0.413751521875 0.326857265625 0.3739350703125 0.32226611875 0.36404285000000003 0.3883493890625 0.40145706406250004 0.39121522343750004 0.413751521875 0.326857265625
2 0.3815622767886565 0.39792860634900074 0.04262387662320544 0.02844373545613248
0 0.601094615625 0.3527426046875 0.5620048234375 0.3490294625 0.550169709375 0.409062228125 0.58705945 0.41450833906250006 0.601094615625 0.3527426046875
2 0.5652827118538484 0.4203782069481255 0.039471603084255055 0.0266261439408634
0 0.1865600921875 0.41125018906250005 0.1517106015625 0.40874878125 0.13838281562500002 0.47507803125 0.176158125 0.47740584531249997 0.1865600921875 0.41125018906250005
2 0.15691110430536637 0.48569889969073926 0.04103410308425506 0.02675368969849785
0 0.3897309390625 0.4362121296875 0.3532763734375 0.432749309375 0.34281982499999997 0.4965192734375 0.378466671875 0.4998590015625 0.3897309390625 0.4362121296875
2 0.3578190393705582 0.5067454969558842 0.04103410308425506 0.02675368969849785
0 0.5688808296875 0.4605102171875 0.5378646796875 0.4543281671875 0.524573740625 0.5137840875 0.5560599328125 0.5159195999999999 0.5688808296875 0.4605102171875
2 0.5369337950526012 0.5248902348279125 0.0347295560063543 0.02311850666795969
0 0.1709549875 0.6006182843750001 0.1801588328125 0.5383936234375 0.144143471875 0.534972521875 0.133892884375 0.6010114625 0.1709549875 0.6006182843750001
2 0.15238547118933918 0.610890218327191 0.03952615016215577 0.029751143940863402
2 0.35891216071875787 0.6228966554406151 0.06776024431795716 0.038296967578284935
0 0.5461222796875 0.624121034375 0.5577934875 0.5653666046875 0.526170209375 0.56236270625 0.5147320640624999 0.6179806875 0.5461222796875 0.624121034375
2 0.5257314679429282 0.6303430093737198 0.03475682954530477 0.024681006667959693
0 0.1583020140625 0.6528078078124999 0.1183014859375 0.653861925 0.11026386875000001 0.712996315625 0.1486589625 0.7149907515625 0.1583020140625 0.6528078078124999
2 0.12935529992386505 0.7235495860552573 0.04103410308425506 0.02675368969849785
1 0.535513071875 0.656248521875 0.12151110000000001 0.6347195953125 0.11889847812500001 0.6531637515625001 0.5308561859375 0.6736033078125 0.535513071875 0.656248521875
0 0.3480736515625 0.6659804281249999 0.3123618515625 0.6609702640624999 0.3006934078125 0.7199655546875 0.33670603125 0.723145815625 0.3480736515625 0.6659804281249999
2 0.3180768806869858 0.7276477993814785 0.03944432954530477 0.0250636439408634
0 0.5324713703125 0.6721709609375 0.49922694375 0.670630984375 0.48525255625 0.728398925 0.5180131421875 0.7314696328125 0.5324713703125 0.6721709609375
2 0.4988768672943052 0.7386337414958725 0.03782728246740401 0.02181109818322895
0 0.3849477953125 0.606384184375 0.39572441875000003 0.549971653125 0.3606747375 0.5555408390625 0.352496571875 0.6126787234375 0.3849477953125 0.606384184375
1 0.559375840625 0.5477197671875 0.14971105625 0.5128504921875 0.1442345171875 0.53224313125 0.5564919515625 0.5628160953125 0.559375840625 0.5477197671875
1 0.571629040625 0.4437831046875 0.15327685156249998 0.39352732343749997 0.1503518640625 0.40949692656250003 0.5705181546875 0.45662094375000006 0.571629040625 0.4437831046875
1 0.6047213109375 0.33609890937500003 0.1706059046875 0.27706511875 0.166842509375 0.296833996875 0.6015499703125 0.35035895156249997 0.6047213109375 0.33609890937500003