3 0.7794772812499999 0.712187153125 0.7730894125 0.68652965 0.13597720156249998 0.881948240625 0.141944171875 0.910545534375 0.7794772812499999 0.712187153125
0 0.1899027984375 0.8307185609375001 0.162876484375 0.729536121875 0.10820675312500001 0.7482913734375 0.1290144796875 0.8493982656249999 0.1899027984375 0.8307185609375001
2 0.198145009375 0.86136713125 0.19041382812500002 0.8327711624999999 0.13055308906250002 0.8527904765625 0.1353595421875 0.8794907828125 0.198145009375 0.86136713125
0 0.4816350390625 0.74443945 0.4602450390625 0.646238653125 0.402311915625 0.6592574546875001 0.426293596875 0.762719825 0.4816350390625 0.74443945
2 0.492315871875 0.7701401421875 0.486570575 0.742149125 0.4261330375 0.7623088953125 0.433240946875 0.79062454375 0.492315871875 0.7701401421875
0 0.77060750625 0.6642750828125 0.741726815625 0.5581015875 0.689685478125 0.57512829375 0.716605103125 0.6756969328125 0.77060750625 0.6642750828125
2 0.77616308125 0.6890466921875 0.7689430078124999 0.6625033640625 0.7117763609375001 0.6786010640625 0.717905821875 0.7039560953125 0.77616308125 0.6890466921875
3 0.7357842453125001 0.5366897578125001 0.7312507203124999 0.5160233171875 0.0968400625 0.6977217515625 0.10195727343750001 0.722292571875 0.7357842453125001 0.5366897578125001
1 0.74307013125 0.5610400515625 0.7366822562500001 0.5353825171875 0.10098660625 0.7217480328125 0.1056055578125 0.7438566718749999 0.74307013125 0.5610400515625
0 0.14678652812499998 0.6550807187500001 0.123476396875 0.5540818546875 0.0660542796875 0.569153290625 0.08926039218750001 0.671294290625 0.14678652812499998 0.6550807187500001
2 0.155992515625 0.6822289609375 0.14800582812500002 0.6526067359375001 0.0898754328125 0.6722047234375 0.0971727515625 0.69386118125 0.155992515625 0.6822289609375
0 0.44184797343750004 0.5723450234375 0.41699729999999996 0.47498693437500006 0.3613054890625 0.4896369 0.3861767859375 0.58776588125 0.44184797343750004 0.5723450234375
2 0.4472137765625 0.5938973015625 0.4407601828125 0.5704329015625 0.38474712968749997 0.5862496593750001 0.390365778125 0.6091983125 0.4472137765625 0.5938973015625
0 0.7242990781249999 0.4888341953125 0.6972094156249999 0.3931448140625 0.641642796875 0.40609472343749997 0.6692598515625 0.5046163140625 0.7242990781249999 0.4888341953125
2 0.7298416609375 0.515277871875 0.7229427640625 0.48756776718749995 0.66974788125 0.5048753421875001 0.675085478125 0.5296604921875 0.7298416609375 0.515277871875
3 0.6881655703125 0.3696292984375 0.683983853125 0.3471501359375 0.052204778125 0.512743446875 0.0590161875 0.541055740625 0.6881655703125 0.3696292984375
1 0.6964954890625 0.3936157796875 0.690338175 0.37077861093750003 0.0592456921875 0.542918321875 0.06640384375 0.5707289906249999 0.6964954890625 0.3936157796875
0 0.107309834375 0.4783449421875 0.07898261875 0.37782614375 0.026607765625 0.39477590937499996 0.050947653125000006 0.49266495781249997 0.107309834375 0.4783449421875
2 0.1137148546875 0.5002827562500001 0.1080528515625 0.475646465625 0.05073600625 0.49547806406249995 0.0564409203125 0.5165050671875 0.1137148546875 0.5002827562500001
0 0.4052411078125 0.39824296718749996 0.3785405171875 0.3023631578125 0.32582235625 0.31603970000000003 0.35141197968750004 0.4155648109375 0.4052411078125 0.39824296718749996
2 0.40655783124999995 0.420580559375 0.40123913437500003 0.3992174890625 0.34649467968750003 0.41422668281249997 0.35264693281250004 0.43650783437499996 0.40655783124999995 0.420580559375
0 0.6780741875 0.3234133828125 0.6522629234374999 0.22731705937500002 0.59998941875 0.2408853234375 0.6238623359375 0.334271071875 0.6780741875 0.3234133828125
2 0.683983853125 0.3471501359375 0.6770386109375 0.321147965625 0.62466376875 0.3380977734375 0.6297724609375 0.3580096734375 0.683983853125 0.3471501359375
1 0.649003953125 0.2255930625 0.6442255921875 0.20829437031250003 0.020996459375000002 0.36844895625 0.0268955015625 0.390729546875 0.649003953125 0.2255930625