2 0 0.5974985421875 0.670943265625 0.50990304375 0.6687964609375 0.4839445859375 0 0.5727096375 0 0.5974985421875
3 0 0.5697329812499999 0.0124577140625 0.568102884375 0.0119013453125 0.5465981203125 0 0.5486288312500001 0 0.5697329812499999
3 0.014338371875 0.54515374375 0.016676703125 0.5672961 0.057656459375 0.5632181234375 0.055332004687500005 0.5401722328125 0.014338371875 0.54515374375
3 0.0576122 0.5395214953125 0.05905263125 0.5610719078125 0.10673281718750001 0.5594710890625 0.10456379062500001 0.53263704375 0.0576122 0.5395214953125
3 0.11382745624999999 0.5322954531249999 0.1150777921875 0.5569357046875 0.16458850625000002 0.5521659796875 0.1619851234375 0.526354621875 0.11382745624999999 0.5322954531249999
3 0.173329125 0.52267904375 0.173709309375 0.5466633734374999 0.2238404046875 0.5427146984375 0.2216714015625 0.5158805671875 0.173329125 0.52267904375
3 0.231929178125 0.5141160078125 0.23457383593749997 0.5425413812500001 0.28265790625 0.5342860093749999 0.2812952078125 0.5101165765625 0.231929178125 0.5141160078125
3 0.2889417484375 0.509309565625 0.2910389109375 0.53380361875 0.3367859796875 0.5279899390625 0.33390131875 0.5027187921875 0.2889417484375 0.509309565625
3 0.334243940625 0.502847540625 0.33568165781250003 0.527027353125 0.38109933749999997 0.5212766765625 0.37893155156249997 0.4964553203125 0.334243940625 0.502847540625
3 0.38773820625 0.4964697 0.389004846875 0.5197649328125 0.4331630140625 0.5148419828125 0.43167310312499996 0.493412296875 0.38773820625 0.4964697
3 0.44008828906249997 0.48810968125 0.440894303125 0.5116029171875 0.4841804625 0.5080204796875 0.48263243906250003 0.48601501875 0.44008828906249997 0.48810968125
3 0.492110909375 0.4858649703125 0.4930161078125 0.5057439765625 0.535314096875 0.502350521875 0.53277781875 0.48053402343749996 0.492110909375 0.4858649703125
3 0.5424741546875 0.48164866406250006 0.543077509375 0.501310609375 0.5873512890625 0.4942913921875 0.5856172890625 0.4743632765625 0.5424741546875 0.48164866406250006
3 0.5859834937499999 0.47525800937499996 0.5860453421875 0.4950234921875 0.6259872859375 0.488832625 0.62533623125 0.4686974359375 0.5859834937499999 0.47525800937499996
3 0.6252056921875 0.46939568125 0.62703821875 0.49104353281249996 0.6662633921875 0.48595449375 0.665962878125 0.4638227625 0.6252056921875 0.46939568125
0 0 0.6905831828125 0.10361255312499999 0.676074203125 0.093772853125 0.583192196875 0 0.5962547 0 0.6905831828125
0 0.29218027812499997 0.558764859375 0.29914083593749996 0.646924246875 0.38617253281249997 0.63110545625 0.37962381562499997 0.5474825156249999 0.29218027812499997 0.558764859375
0 0.5627317109375001 0.52016214375 0.5668192375000001 0.6039772375 0.6749896859375 0.58741226875 0.6695290359375 0.5052292984375 0.5627317109375001 0.52016214375
1 0 0.7128892062500001 0.055238481250000006 0.7059254390625 0.05358091875 0.6848175859375 0 0.6901539234375 0 0.7128892062500001
2 0 0.7636339984375 0.676340240625 0.6539168859375 0.6762319156250001 0.6339058890625 0 0.733445871875 0 0.7636339984375
1 0.052558225 0.6849364015625 0.05548310468749999 0.708350765625 0.6100203390625001 0.616316825 0.60969546875 0.5990743140625 0.052558225 0.6849364015625
3 0.624078221875 0.6180813265625 0.6257792734375001 0.6403625484375 0.674932853125 0.6333399890625 0.6738621515625 0.6137362937499999 0.624078221875 0.6180813265625
1 0.6098061218749999 0.59691770625 0.6100203390625001 0.616316825 0.67471568125 0.608065471875 0.674364059375 0.5858838671875 0.6098061218749999 0.59691770625
3 0 0.7358540546875 0.03847753125 0.7313794296875 0.037119400000000004 0.7085663265625 0 0.7127248500000001 0 0.7358540546875
3 0.0361995796875 0.7089562359375 0.040411492187499995 0.7304660203125 0.09683727187499999 0.723637584375 0.09448513593749999 0.7003172359375001 0.0361995796875 0.7089562359375
3 0.10660661093749998 0.699206884375 0.1084525015625 0.717454740625 0.1633346546875 0.7132984890625 0.16038097812500002 0.6885084734375 0.10660661093749998 0.699206884375
3 0.176179840625 0.689616978125 0.178088546875 0.7112694734375 0.22983198906250002 0.702959403125 0.227166234375 0.6765296765625 0.176179840625 0.689616978125
3 0.24504212500000003 0.6771915234375 0.24673105624999997 0.6997278453125 0.302265428125 0.68855576875 0.300436409375 0.6659278015625001 0.24504212500000003 0.6771915234375
3 0.31883372187500003 0.6630805765625001 0.320263125 0.685315675 0.3729744078125 0.6776128546875 0.3723227171875 0.6531750062499999 0.31883372187500003 0.6630805765625001
3 0.38715624375 0.6537298390624999 0.38890563437500003 0.6737740484375 0.44057069843749996 0.6646866171875 0.43769540312500005 0.640673984375 0.38715624375 0.6537298390624999
3 0.44787686875 0.6406326640625 0.450720675 0.6619533421875 0.50031896875 0.6548458078125 0.49888196718750005 0.6361045078124999 0.44787686875 0.6406326640625
3 0.5134774515625 0.6295738109375 0.515229671875 0.6543715046874999 0.56482801875 0.6472639828125 0.5639667546875 0.625243190625 0.5134774515625 0.6295738109375
3 0.5754729390625 0.6206900984375 0.5772015203125 0.6441054859374999 0.6257792734375001 0.6403625484375 0.625441265625 0.6190339765624999 0.5754729390625 0.6206900984375
2 0.0014792734375 0.887324028125 0.005488240625 0.90990421875 0.68475929375 0.7941983859375 0.6837966453125001 0.7751854 0.0014792734375 0.887324028125
3 0.0035953125000000004 0.8659946265625 0.006523504687499999 0.891652865625 0.048248075 0.8828816765624999 0.0466542609375 0.8625856640625 0.0035953125000000004 0.8659946265625
3 0.0460291390625 0.8613425703124999 0.0490402296875 0.88264856875 0.0955574546875 0.8725489468750001 0.092617484375 0.8502309562500001 0.0460291390625 0.8613425703124999
3 0.092805446875 0.8512686296875 0.09561703437499999 0.8731396546875001 0.1417562734375 0.8661229296874999 0.1384588484375 0.8402605734374999 0.092805446875 0.8512686296875
3 0.1542667828125 0.8395155624999999 0.1569237578125 0.8662330781250001 0.20165163281249998 0.8588841046875 0.19936803281249998 0.83282793125 0.1542667828125 0.8395155624999999
3 0.21125525937499998 0.83144044375 0.21409603281249998 0.855902296875 0.25741255 0.8482211109375 0.2555264859375 0.8226909859375 0.21125525937499998 0.83144044375
3 0.2682437390625 0.8233653265624999 0.2700952546875 0.8476021781249999 0.3123979140625 0.84011486875 0.31057143125 0.8151754546875001 0.2682437390625 0.8233653265624999
3 0.3182440171875 0.8132394 0.3199323578125 0.836265634375 0.36358685468749996 0.8285198546875 0.36126319375 0.80548181875 0.3182440171875 0.8132394
3 0.3620756578125 0.805986653125 0.3631872484375 0.8293125484375 0.40656334687499995 0.8222220734375 0.405174378125 0.794790528125 0.3620756578125 0.805986653125
3 0.4127654203125 0.7962934015625 0.41381939062499995 0.8190281781250001 0.457712171875 0.8136452406249999 0.455050575 0.7906718796875001 0.4127654203125 0.7962934015625
3 0.46267233281250003 0.7884434234375 0.463218903125 0.8101837937499999 0.5041297734375 0.8059732515625001 0.5012298453125 0.7806369171875 0.46267233281250003 0.7884434234375
3 0.509727946875 0.781138690625 0.5111074906249999 0.8034346140625 0.5540264500000001 0.7952273484375 0.5523786734375 0.77206011875 0.509727946875 0.781138690625
3 0.5599333125 0.769844496875 0.5603878390625 0.7934087765625 0.6033263828125001 0.788810453125 0.6008835625 0.7645909984375 0.5599333125 0.769844496875
3 0.6005034796875 0.7654735265625 0.6030284765625 0.7858568390625 0.6438201859375 0.780464840625 0.642689125 0.759005090625 0.6005034796875 0.7654735265625
3 0.6423783937499999 0.7580304359375 0.643701028125 0.7792834578125001 0.683081346875 0.7735591484375 0.6811952828125001 0.7480290078125 0.6423783937499999 0.7580304359375
0 0 0.8475316578125 0.12062594062500001 0.825287615625 0.11181569375 0.742672159375 0 0.76046523125 0 0.8475316578125
0 0.30614205625 0.7124642546875 0.31412857031249997 0.7932926140625 0.39798358125 0.777257271875 0.3919014796875 0.693285453125 0.30614205625 0.7124642546875
0 0.5694612734375 0.6691534609375 0.5746215328125001 0.7484872499999999 0.6802736453125 0.7307876875 0.6778282046874999 0.6544670171875 0.5694612734375 0.6691534609375
1 0 0.8602250781249999 0.0008901703125000001 0.869050709375 0.071545603125 0.8547048140625 0.0705829015625 0.8356918375 0 0.84429143125 0 0.8602250781249999
1 0.0711553390625 0.8325249093749999 0.0723173328125 0.8528879312500001 0.619784925 0.7607171703125 0.618353765625 0.741793775 0.0711553390625 0.8325249093749999
1 0.6182797796874999 0.74042074375 0.6207218375 0.7605380078125 0.680547103125 0.7524364421875 0.679722540625 0.7300584078125001 0.6182797796874999 0.74042074375
0 0.0063599234375 0.9090846796875001 0.016172340625 0.9921613421875 0.136677215625 0.97496015 0.12750950156250002 0.8840664796875 0.0063599234375 0.9090846796875001
0 0.321061759375 0.8559481421875 0.32849957500000004 0.93577455625 0.41196866875 0.9206476531250001 0.406134396875 0.839132421875 0.321061759375 0.8559481421875
0 0.5790080765625001 0.808186940625 0.585795828125 0.8924151578125 0.688003503125 0.8737049328125 0.6846767 0.7933795140625 0.5790080765625001 0.808186940625
1 0.0220339921875 0.9890377265625 0.0229780453125 0.9982762515625 0.088652846875 0.99712989375 0.0867722640625 0.9819993484375 0.0220339921875 0.9890377265625
1 0.626938059375 0.8837130109375 0.0888903671875 0.981730834375 0.0906235609375 0.9970954937500001 0.12037527343750001 0.9965761765625001 0.6278181109375 0.9019071000000001 0.626938059375 0.8837130109375
1 0.6268188234375 0.8827771359375 0.6281214937499999 0.9001798000000001 0.6857424546875001 0.8891611140625001 0.684090615625 0.8727838968749999 0.6268188234375 0.8827771359375