2 0.0310179265625 0.14561285156249998 0.031007525 0.167638071875 0.83764866875 0.2115278390625 0.8382658765625 0.1851940046875 0.0310179265625 0.14561285156249998
0 0.032561107812500004 0.171664115625 0.027921675 0.27736249218750003 0.1667849203125 0.285043209375 0.17048793125 0.1797077828125 0.032561107812500004 0.171664115625
3 0.0337120234375 0.112862359375 0.032324484375000004 0.143147890625 0.0861693890625 0.14762120625 0.087679075 0.1207813171875 0.0337120234375 0.112862359375
3 0.086946290625 0.1176107703125 0.087175859375 0.14583185625 0.1400143328125 0.1485158375 0.138504646875 0.1207813171875 0.086946290625 0.1176107703125
3 0.1410518046875 0.120964690625 0.1390078625 0.152989153125 0.1938592375 0.15477848593750002 0.1948657078125 0.12525463125 0.1410518046875 0.120964690625
3 0.20270692499999998 0.1220826625 0.20243536718750002 0.15233059531249998 0.2562802703125 0.15590924374999998 0.2567834875 0.1290693546875 0.20270692499999998 0.1220826625
3 0.2668785796875 0.1254365828125 0.2668479578125 0.15233059531249998 0.3222025484375 0.15769861093749998 0.3222025484375 0.130858721875 0.2668785796875 0.1254365828125
3 0.32853370000000004 0.12767252812500002 0.3282412546875 0.15680391093749999 0.3810797265625 0.162171925 0.3810797265625 0.13622666875 0.32853370000000004 0.12767252812500002
0 0.3952086734375 0.186746425 0.3926691234375 0.29052943125 0.49573653906250004 0.2960156515625 0.49758802031249993 0.191777453125 0.3952086734375 0.186746425
3 0.39522189218750003 0.1343803671875 0.393660315625 0.1603825578125 0.44700200468749995 0.16575053906249998 0.44800843593749995 0.13712133437500001 0.39522189218750003 0.1343803671875
3 0.447440003125 0.138852259375 0.44700200468749995 0.1639612234375 0.49782757499999997 0.1684345390625 0.4993372609375 0.1406999828125 0.447440003125 0.138852259375
3 0.510982525 0.144442125 0.5099049484375 0.167539871875 0.560227303125 0.172907853125 0.5597240484375 0.1460679640625 0.510982525 0.144442125
3 0.5770415828125001 0.1433241515625 0.576480171875 0.1684345390625 0.6252928421874999 0.17469716875000002 0.624789625 0.1469626140625 0.5770415828125001 0.1433241515625
3 0.6283122140625 0.1469626140625 0.6288154296874999 0.1720131875 0.680144215625 0.1764865015625 0.6811506484375001 0.14875198125 0.6283122140625 0.1469626140625
3 0.6892022546875001 0.14785728125 0.6871893921875001 0.1755918703125 0.7395246109375 0.1800651671875 0.7395246109375 0.154119928125 0.6892022546875001 0.14785728125
0 0.7100176234375 0.20045761718750002 0.710511709375 0.312474315625 0.838883084375 0.3157660390625 0.8401174062500001 0.20713888749999998 0.7100176234375 0.20045761718750002
3 0.7399872578125 0.1511499640625 0.7395246109375 0.1764865015625 0.7883372796875 0.179170484375 0.7878341015625 0.154119928125 0.7399872578125 0.1511499640625
3 0.7934636375 0.15562185625 0.7923630828125 0.1809598171875 0.838659634375 0.18543313125 0.838659634375 0.162171925 0.7934636375 0.15562185625
2 0.0292805375 0.329429278125 0.0282067015625 0.3573981 0.8338173421875 0.3950233015625 0.8338173421875 0.3711939640625 0.0292805375 0.329429278125
0 0.025752759375 0.3545047703125 0.022563171875 0.4677653265625 0.160123684375 0.47529034843750007 0.1622399671875 0.369939834375 0.025752759375 0.3545047703125
3 0.0292805375 0.3059210046875 0.02679581875 0.3298062515625 0.0909907015625 0.33607711875 0.09028527343750001 0.30848529375 0.0292805375 0.3059210046875
1 0.030307687500000003 0.2770208125 0.029623959374999998 0.3027330515625 0.1106542953125 0.30868598281250004 0.1113239578125 0.28725544062499997 0.030307687500000003 0.2770208125
1 0.11737953906250001 0.27999633125 0.1160116953125 0.30392361874999996 0.7609061265625 0.33726002187500004 0.7609061265625 0.3110671640625 0.11737953906250001 0.27999633125
0 0.7092596624999999 0.3936852265625 0.7075439140625 0.4915945921875 0.8338173421875 0.49661130625 0.835228196875 0.39126074375000003 0.7092596624999999 0.3936852265625
3 0.781579103125 0.3356981515625 0.78161494375 0.362414740625 0.8317010046875 0.3674314296875 0.8324064859375 0.3423479859375 0.781579103125 0.3356981515625
1 0.8391961531250001 0.341756190625 0.8393086578125001 0.3213093921875 0.76286176875 0.309185290625 0.7633706953125 0.33451821718749997 0.8391961531250001 0.341756190625
3 0.09454442187499999 0.3059210046875 0.09451789375 0.33106040625 0.147425771875 0.337331271875 0.147425771875 0.31350203125 0.09454442187499999 0.3059210046875
3 0.171273584375 0.3074882234375 0.1692943515625 0.337331271875 0.23419471406249998 0.3410938078125 0.2334892875 0.3160103390625 0.171273584375 0.3074882234375
3 0.26211385625 0.312189878125 0.26241225 0.3410938078125 0.316730984375 0.344856365625 0.3174364125 0.319772896875 0.26211385625 0.312189878125
3 0.3458985734375 0.3137570953125 0.34424309218750004 0.3423479859375 0.4034999265625 0.3473646734375 0.40420535468749996 0.319772896875 0.3458985734375 0.3137570953125
0 0.3961694046875 0.37801304375 0.395740115625 0.48532372500000004 0.4937960078125 0.4928487953125 0.4973232 0.38248156875 0.3961694046875 0.37801304375
3 0.42262773593749997 0.32002596875 0.4232521703125 0.3461104953125 0.48039272187500004 0.3511272328125 0.48039272187500004 0.323535384375 0.42262773593749997 0.32002596875
3 0.5046485640625 0.327862059375 0.5050830656249999 0.34987300625 0.5615180828125 0.3561438734375 0.5615180828125 0.33106040625 0.5046485640625 0.327862059375
3 0.5796138375 0.3215931875 0.584092196875 0.35488971875 0.63629459375 0.3573981 0.6348837390625001 0.33106040625 0.5796138375 0.3215931875
3 0.6616346656250001 0.3341309328125 0.66169041875 0.3599064078125 0.7096601421875001 0.364923096875 0.710365625 0.33983962968750003 0.6616346656250001 0.3341309328125
3 0.721606884375 0.330996496875 0.72024171875 0.3599064078125 0.7780877515625 0.364923096875 0.7780877515625 0.344856365625 0.721606884375 0.330996496875
2 0.016933315625 0.5237643421875 0.0155087890625 0.5530491093750001 0.8281738125 0.575624221875 0.8295846687499999 0.5492865984375 0.016933315625 0.5237643421875
0 0.015169428125 0.5535414890625 0.0140979328125 0.66216220625 0.1573019203125 0.6646705625 0.160123684375 0.5593199765625 0.015169428125 0.5535414890625
3 0.021343037500000002 0.50025606875 0.0204468625 0.522948928125 0.078292815625 0.5242031296875 0.0797036984375 0.5028821734375 0.021343037500000002 0.50025606875
1 0.0186972046875 0.46577726718749995 0.0140979328125 0.49661130625 0.10157227656250001 0.5028821734375 0.09945599375 0.47654455 0.0186972046875 0.46577726718749995
1 0.10157227656250001 0.47278199218749994 0.10439404062499999 0.49911966249999995 0.7590408296875 0.5204406203125 0.7597463109375 0.4953571515625 0.10157227656250001 0.47278199218749994
0 0.69837319375 0.5743700671874999 0.6976677125 0.6734497859374999 0.8295846687499999 0.68097480625 0.8309956312500001 0.575624221875 0.69837319375 0.5743700671874999
3 0.7718777140624999 0.5190626875000001 0.7745605609374999 0.5455240875 0.8309956312500001 0.5480323968749999 0.8302901500000001 0.5242031296875 0.7718777140624999 0.5190626875000001
1 0.7604124375 0.48928554062499996 0.7597463109375 0.5179322625 0.8366390515625 0.525457284375 0.8366390515625 0.50162801875 0.7604124375 0.48928554062499996
3 0.09189858906250001 0.50025606875 0.09169615625000001 0.522948928125 0.1551855828125 0.5242031296875 0.1565964921875 0.5053905296875 0.09189858906250001 0.50025606875
3 0.1686277515625 0.49712163125000003 0.166472640625 0.5342365078125 0.2285511859375 0.5354906625 0.22996209531249998 0.5003738156249999 0.1686277515625 0.49712163125000003
3 0.24447496875 0.5065249406250001 0.244776290625 0.527965640625 0.30544398125 0.5342365078125 0.30544398125 0.5078988859375 0.24447496875 0.5065249406250001
3 0.3282596859375 0.5065249406250001 0.3259017046875 0.532982353125 0.389391159375 0.5367448640625 0.39080201406250004 0.5091530390625 0.3282596859375 0.5065249406250001
0 0.3838221828125 0.5629447984375 0.382336775 0.66717891875 0.4867416234375 0.6721956796875 0.48744710625 0.566844996875 0.3838221828125 0.5629447984375
3 0.408516625 0.5065249406250001 0.408437975 0.5317281515625 0.46981114531249996 0.5354906625 0.46981114531249996 0.514169753125 0.408516625 0.5065249406250001
3 0.4878916203125 0.5096593781250001 0.48533076875000003 0.5342365078125 0.5431766953125 0.5392532203125 0.5452930312500001 0.5166780609375 0.4878916203125 0.5096593781250001
3 0.56197495 0.5143610328125 0.5622235640625 0.540507375 0.6214803453125 0.5442698859374999 0.618658634375 0.5179322625 0.56197495 0.5143610328125
3 0.6342943890625 0.5159282515625 0.6341782578124999 0.53799901875 0.7004895296875 0.5455240875 0.6990785671874999 0.5204406203125 0.6342943890625 0.5159282515625
3 0.7101416078125 0.5159282515625 0.710365625 0.54301573125 0.7717387421875 0.5480323968749999 0.7703278874999999 0.5216947734375 0.7101416078125 0.5159282515625
1 0.016051371875 0.6569778937499999 0.01621424375 0.6834831640625 0.0888743921875 0.6910082796875 0.09028527343750001 0.6659248125 0.016051371875 0.6569778937499999
2 0.0070886875 0.7284551609375 0.0039697375 0.7507181 0.8399522109375 0.7617821109375 0.8399522109375 0.7322781109375 0.0070886875 0.7284551609375
1 0.093662478125 0.6616795484375 0.0931070109375 0.6922623390625 0.752691928125 0.7035500140625001 0.753397409375 0.68097480625 0.093662478125 0.6616795484375
1 0.7542388265625 0.67735173125 0.7519864453125 0.7048040734375001 0.8274684390625 0.7073124296875 0.8274684390625 0.685991471875 0.7542388265625 0.67735173125
0 0.003630784375 0.7514978171875 0.0032782828125000004 0.866275471875 0.1526349703125 0.8588994015625 0.15125200781249998 0.7568647625 0.003630784375 0.7514978171875
3 0.008113871875000001 0.688322259375 0.00704355 0.7261250312499999 0.059951428125 0.7236166734375 0.06065685625 0.696024896875 0.008113871875000001 0.688322259375
3 0.0610305359375 0.689889478125 0.0613622828125 0.7198541640625 0.11568104531250001 0.722362615625 0.11568104531250001 0.6897540296875 0.0610305359375 0.689889478125
3 0.1165930328125 0.6945911312499999 0.11709195312500001 0.722362615625 0.1685889234375 0.7261250312499999 0.1699998328125 0.6947706953125 0.1165930328125 0.6945911312499999
3 0.179211084375 0.6945911312499999 0.178465071875 0.722362615625 0.23137295 0.7248708765625 0.23207837812499998 0.696024896875 0.179211084375 0.6945911312499999
3 0.2427110796875 0.6945911312499999 0.2419545265625 0.722362615625 0.292040640625 0.7273792328125 0.294156978125 0.6997874078125 0.2427110796875 0.6945911312499999
3 0.3150305203125 0.6977255687499999 0.3139092203125 0.7236166734375 0.36328990625 0.7248708765625 0.3639953875 0.696024896875 0.3150305203125 0.6977255687499999
0 0.3857292234375 0.7561063484375 0.38289314375 0.8650460640625001 0.48730456406249995 0.8711927265625 0.49145335 0.7568647625 0.3857292234375 0.7561063484375
3 0.3802944046875 0.6992927875 0.3809258671875 0.7236166734375 0.43312831718749994 0.7273792328125 0.4317174625 0.7022957640625 0.3802944046875 0.6992927875
3 0.43321106875000004 0.6961583499999999 0.43383374531249996 0.722362615625 0.4839199140625 0.7261250312499999 0.4839199140625 0.6947706953125 0.43321106875000004 0.6961583499999999
3 0.49759300937499995 0.6977255687499999 0.4973232 0.7261250312499999 0.5481147953125001 0.7311417437500001 0.545998459375 0.7022957640625 0.49759300937499995 0.6977255687499999
3 0.5602110609375 0.6992927875 0.559401853125 0.7261250312499999 0.61230973125 0.7286334828125 0.6101933953125 0.7010415625 0.5602110609375 0.6992927875
3 0.6237110578125 0.7039944421875 0.6243021625 0.7261250312499999 0.6736828499999999 0.7311417437500001 0.67297736875 0.7022957640625 0.6237110578125 0.7039944421875
0 0.7073143359375 0.7607148796875001 0.705807834375 0.8675046921874999 0.84064371875 0.8638167031249999 0.8385693 0.7642407859375 0.7073143359375 0.7607148796875001
3 0.6933846640625 0.7039944421875 0.6920241828125 0.7311417437500001 0.7414048703125 0.7361584078125001 0.7414048703125 0.70856663125 0.6933846640625 0.7039944421875
3 0.74005903125 0.7070524812500001 0.7403069359375001 0.732572353125 0.791147096875 0.7340788640625 0.7902997734375 0.70846920625 0.74005903125 0.7070524812500001
3 0.7903779609375 0.70611125 0.791147096875 0.732572353125 0.838174271875 0.7340788640625 0.8394452890625 0.7069627515625 0.7903779609375 0.70611125
1 0.014868973437499999 0.866711096875 0.014341729687499999 0.8884033546874999 0.08763715 0.8896327156250001 0.08763715 0.8625873890625 0.014868973437499999 0.866711096875
1 0.0883494421875 0.862102565625 0.0883286046875 0.8920913421875 0.761816628125 0.8933207031249999 0.761816628125 0.8675046921874999 0.0883494421875 0.862102565625
1 0.7626408062500001 0.8682472734375001 0.76250803125 0.8945500171875 0.828197309375 0.8933207031249999 0.830271728125 0.8675046921874999 0.7626408062500001 0.8682472734375001