3 0.0884669046875 0.013340279687500001 0.087858028125 0.0413514421875 0.68244545625 0.102055953125 0.68244545625 0.08007669843750001 0.0884669046875 0.013340279687500001
3 0.0884669046875 0.19775000468749998 0.089035434375 0.2213716296875 0.67832448125 0.2737030859375 0.67832448125 0.24858401093750002 0.0884669046875 0.19775000468749998
3 0.0855229140625 0.36777315625 0.0843258125 0.39607549999999997 0.6700827125 0.42538110781249994 0.6712600953125001 0.40758842343749996 0.0855229140625 0.36777315625
3 0.10613084843750001 0.5351805671875 0.10610773124999999 0.5666760390625 0.6795019546875001 0.58551535625 0.6795019546875001 0.5583030140624999 0.10613084843750001 0.5351805671875
3 0.09845463125000001 0.7016496125 0.09786593906249999 0.7246754609375 0.6706714484375 0.72990860625 0.6706714484375 0.704789490625 0.09845463125000001 0.7016496125
0 0.11484375 0.121875 0.05703125 0.1015625
2 0.11640625 0.05859375 0.05859375 0.028125
0 0.39296875 0.146875 0.0515625 0.09921875
2 0.39375 0.08671875 0.05546875 0.03125
1 0.086994909375 0.16897685625 0.087858028125 0.2004806484375 0.677735834375 0.24757895937500002 0.6789132171875 0.2245531109375 0.086994909375 0.16897685625
0 0.6578125 0.17734375 0.0484375 0.0921875
2 0.65703125 0.1125 0.04609375 0.02890625
0 0.1140625 0.2984375 0.0484375 0.096875
2 0.11328125 0.23515625 0.05078125 0.02734375
0 0.39375 0.31484375 0.05625 0.09296875
2 0.39296875 0.25625 0.05234375 0.02578125
1 0.09080153125 0.344832278125 0.09080153125 0.365764840625 0.674203596875 0.4055367796875 0.674203596875 0.3825109296875 0.09080153125 0.344832278125
0 0.65078125 0.33515625 0.0484375 0.08984375
2 0.65234375 0.2796875 0.04765625 0.01953125
0 0.11328125 0.46796875 0.06015625 0.0953125
2 0.1109375 0.4078125 0.05546875 0.025
0 0.39140625 0.48125 0.0578125 0.0875
2 0.38984375 0.42421875 0.05234375 0.02734375
1 0.1031868578125 0.509023159375 0.10139815468749999 0.5331839 0.66478444375 0.559349628125 0.66478444375 0.5373704328125 0.1031868578125 0.509023159375
0 0.64375 0.49375 0.05078125 0.08359375
2 0.646875 0.4359375 0.05078125 0.0265625
0 0.1359375 0.6390625 0.053125 0.0921875
2 0.134375 0.57890625 0.0515625 0.03203125
0 0.40625 0.63984375 0.0515625 0.08828125
2 0.40703125 0.58671875 0.04921875 0.02109375
0 0.6546875 0.64609375 0.046875 0.078125
2 0.653125 0.5953125 0.04453125 0.021875
0 0.1265625 0.79765625 0.053125 0.0859375
2 0.1234375 0.7390625 0.059375 0.03046875
0 0.39296875 0.79296875 0.05 0.08359375
2 0.3921875 0.7390625 0.05625 0.0234375
0 0.640625 0.79453125 0.04609375 0.0796875
2 0.64453125 0.74140625 0.0515625 0.02734375
1 0.10833884062500002 0.677738440625 0.1084625421875 0.7016496125 0.6736149499999999 0.7058361046875 0.6736149499999999 0.684903521875 0.10833884062500002 0.677738440625
1 0.09950686875 0.8386064984375 0.099043321875 0.8606956453124999 0.6641957078125 0.8565091140625001 0.663606971875 0.8345299171875 0.09950686875 0.8386064984375