3 0.0189011140625 0.27209334687500003 0.024779885937500003 0.29671730625000003 0.6412056578125 0.2009119984375 0.6352470015625 0.175944128125 0.0189011140625 0.27209334687500003
0 0.0304848921875 0.3266681046875 0.056756248437500004 0.4221184453125 0.10875551718750001 0.4124835078125 0.08513370625 0.3135037734375 0.0304848921875 0.3266681046875
2 0.024287312499999998 0.296799790625 0.030671587500000003 0.3235510765625 0.0863985953125 0.312364578125 0.0788163671875 0.2848865625 0.024287312499999998 0.296799790625
0 0.3174913171875 0.27830349375 0.3413259453125 0.37817497499999997 0.3940975109375 0.367483378125 0.3689310828125 0.270616990625 0.3174913171875 0.27830349375
2 0.31019391406249996 0.25113721093749997 0.316360328125 0.2757108359375 0.370408759375 0.2703695453125 0.3642372859375 0.244509928125 0.31019391406249996 0.25113721093749997
0 0.5970799796875 0.237874640625 0.6179356453125 0.3309277390625 0.6726105640625 0.3217721046875 0.6507461703125 0.22157069843750002 0.5970799796875 0.237874640625
2 0.58943535 0.207854425 0.595232 0.233648890625 0.6491346109375 0.22554994375 0.643109009375 0.2024479609375 0.58943535 0.207854425
3 0.061599274999999995 0.45100650625 0.06537395625 0.47325324999999996 0.68777746875 0.37459225625000003 0.67963581875 0.34906258437500004 0.061599274999999995 0.45100650625
1 0.0578482765625 0.42120373281249995 0.062289281249999995 0.44530287187499995 0.679274640625 0.3475491796875 0.672531640625 0.3171486125 0.0578482765625 0.42120373281249995
0 0.07208843125 0.5014666812499999 0.09794205624999999 0.5985054796875 0.1514831578125 0.5886823406249999 0.1265064765625 0.4899788421875 0.07208843125 0.5014666812499999
2 0.0669975203125 0.475763421875 0.0715454265625 0.49911284062499994 0.1262873015625 0.48809130781250004 0.1217393859375 0.46474191718749996 0.0669975203125 0.475763421875
0 0.3582554953125 0.4559579203125 0.382115184375 0.5509190375 0.435914953125 0.5401951859375 0.4115903765625 0.442239884375 0.3582554953125 0.4559579203125
2 0.35128745 0.43279413125 0.35562256406250004 0.4552518515625 0.4111367296875 0.4431736359375 0.40567063281250004 0.4181232828125 0.35128745 0.43279413125
0 0.6360579859375 0.4070267 0.6586812640625 0.5071785734375001 0.7126159578125 0.49900431406249995 0.6913443015625 0.3979656 0.6360579859375 0.4070267
2 0.6317344640625 0.3850955 0.636665346875 0.40726224687499996 0.691553134375 0.39899832343749997 0.68446343125 0.3714378078125 0.6317344640625 0.3850955
3 0.1092305203125 0.6254722390625 0.114756771875 0.6471328484375001 0.7247416859375 0.5458446515625 0.7185185796875 0.5237373843750001 0.1092305203125 0.6254722390625
1 0.0986892359375 0.5999062203125 0.10306871875000001 0.6259406453125 0.71877716875 0.5228366859375 0.7114354296875 0.49405768125 0.0986892359375 0.5999062203125
0 0.119037421875 0.667035221875 0.14520127656249998 0.76942074375 0.1964988890625 0.7590444734374999 0.173684703125 0.6655160984374999 0.119037421875 0.667035221875
2 0.1172256875 0.6497541859375 0.120003665625 0.670039753125 0.1738136640625 0.66192205 0.1674601515625 0.6352996625 0.1172256875 0.6497541859375
0 0.3987026484375 0.6218783609375 0.42236864687500003 0.7194350296875001 0.4759736796875 0.7104585546875 0.45335293125 0.611539146875 0.3987026484375 0.6218783609375
2 0.39440382500000004 0.5999896812500001 0.3985297296875 0.6216127296875 0.44400583437499996 0.61578370625 0.44104895937500005 0.593058103125 0.39440382500000004 0.5999896812500001
0 0.677105090625 0.5811197265625 0.69921366875 0.6784343609375 0.7497674578125 0.6690757406250001 0.7276211359375 0.5700768875 0.677105090625 0.5811197265625
2 0.6694311453124999 0.5557072468750001 0.6738110921875 0.578194571875 0.730197959375 0.570538503125 0.72425435625 0.5456337125 0.6694311453124999 0.5557072468750001
3 0.15117717656250002 0.7939550843750001 0.156142134375 0.8173322234375 0.7591447375 0.7145697171875 0.7555085265625 0.6910647296875 0.15117717656250002 0.7939550843750001
1 0.143128475 0.7718569890625 0.1483630703125 0.7930051765624999 0.7588267875 0.692565715625 0.752473275 0.665943328125 0.143128475 0.7718569890625
0 0.1616964015625 0.8457842031249999 0.18612964062499998 0.9409181312499999 0.23973467343750002 0.93194165625 0.215755284375 0.831463596875 0.1616964015625 0.8457842031249999
2 0.156052471875 0.8182592937500001 0.15977834062500001 0.8408372625 0.2144726109375 0.8343576703125001 0.2088628890625 0.8067176109374999 0.156052471875 0.8182592937500001
0 0.4450291875 0.7908023 0.467297009375 0.8911557125 0.522735121875 0.883658490625 0.49896068125 0.78403920625 0.4450291875 0.7908023
2 0.44083514843750005 0.7678725078124999 0.4440614015625 0.789659934375 0.4994995140625 0.7821627140625 0.493491434375 0.75905490625 0.44083514843750005 0.7678725078124999
2 0.708124775 0.7207874546874999 0.7136502859375 0.7471950406250001 0.76562724375 0.7375980765625 0.7587993046875 0.711055134375 0.708124775 0.7207874546874999
0 0.7200166265625 0.7589890625 0.7420395281250001 0.8496140015625 0.7907718328125 0.8450259203125 0.771008934375 0.751879759375 0.7200166265625 0.7589890625
1 0.1858368953125 0.9430615093749999 0.19084354375 0.9606702515625001 0.797857675 0.8643809234375001 0.7906958234375 0.8405731265625 0.1858368953125 0.9430615093749999