3 0.16526245 0.040571359375 0.15580358125 0.0658807390625 0.74496439375 0.2610476984375 0.7541110859375 0.23720991093750002 0.16526245 0.040571359375
0 0.1463573171875 0.097156065625 0.11830316874999999 0.18977817187499998 0.16579242031250002 0.2066915453125 0.198350821875 0.10781066718750001 0.1463573171875 0.097156065625
2 0.1563897953125 0.07071404375 0.1484948640625 0.0938341046875 0.198739284375 0.106719459375 0.2039294671875 0.08657283906249999 0.1563897953125 0.07071404375
0 0.42728485000000005 0.188287884375 0.39415660468749997 0.2815117359375 0.4458505234375 0.2996038046875 0.4802109546875 0.20122810625 0.42728485000000005 0.188287884375
2 0.4337397625 0.1597177578125 0.42279445156250006 0.1899323921875 0.47689108906250005 0.2086980703125 0.48677875937500004 0.1790674703125 0.4337397625 0.1597177578125
0 0.6845688609375 0.27431476250000003 0.6476788296875 0.3622838328125 0.6950047140625 0.3782640359375 0.733605890625 0.288708821875 0.6845688609375 0.27431476250000003
2 0.6962738125 0.24379754843749998 0.6847603921875 0.27057220625 0.7354292203125 0.28597675625 0.743763134375 0.2607109390625 0.6962738125 0.24379754843749998
3 0.107748903125 0.2159619859375 0.0999913734375 0.2367595421875 0.670160540625 0.4203081328125 0.68074781875 0.398537409375 0.107748903125 0.2159619859375
1 0.11909258125 0.193367265625 0.10956740000000001 0.21685607812500002 0.6884187390625 0.3967643390625 0.6963219140625 0.374563959375 0.11909258125 0.193367265625
0 0.095067409375 0.2665272078125 0.06640803437500001 0.3565993046875 0.11287274218750001 0.3727175296875 0.1452062171875 0.27870355 0.095067409375 0.2665272078125
2 0.098676996875 0.24144537968750002 0.091033425 0.263516809375 0.14262655625 0.2779803703125 0.151301559375 0.2536118953125 0.098676996875 0.24144537968750002
0 0.36037430625 0.35056738906249996 0.32797690625000003 0.4395164078125 0.3785690984375 0.45679169843749995 0.411449396875 0.36602333125 0.36037430625 0.35056738906249996
2 0.3680854765625 0.323661925 0.3592281640625 0.3469484484375 0.40845481875 0.3648717390625 0.417312075 0.3415851828125 0.3680854765625 0.323661925
0 0.6123908671875 0.4295705265625 0.5814814859374999 0.5116143625 0.628462225 0.5278772828125 0.6619511140625 0.44655655312500003 0.6123908671875 0.4295705265625
2 0.6187632390625 0.401742290625 0.6107926875 0.430871934375 0.6646008812499999 0.4438948984375 0.672274909375 0.422338203125 0.6187632390625 0.401742290625
3 0.0660082515625 0.3840172953125 0.0581625359375 0.406857715625 0.6143983890625 0.568976940625 0.6239538203125 0.5469169546875 0.0660082515625 0.3840172953125
1 0.074596490625 0.358398309375 0.06995257656250001 0.3785207484375 0.6158729484375 0.5552715203125 0.625548909375 0.528091303125 0.074596490625 0.358398309375
0 0.052443684375 0.4266034828125 0.0260144765625 0.519477803125 0.07381381406250001 0.531847078125 0.102962165625 0.44518636875000006 0.052443684375 0.4266034828125
2 0.05850046875 0.40510700312500003 0.050154853124999996 0.42935165781249995 0.10177888906250002 0.44691627343749996 0.10927065625000001 0.4242776703125 0.05850046875 0.40510700312500003
0 0.31558734843749997 0.503272184375 0.2870448578125 0.589562434375 0.3322954125 0.6043095171874999 0.363872040625 0.520391171875 0.31558734843749997 0.503272184375
2 0.3199091671875 0.48515506718749996 0.31364440781249997 0.5052795875 0.364418865625 0.5236367703125 0.371425584375 0.50395458125 0.3199091671875 0.48515506718749996
0 0.5579621984375 0.577017884375 0.530351290625 0.6536475265624999 0.5757532671875001 0.6663754640625 0.608423496875 0.58894845 0.5579621984375 0.577017884375
2 0.5684851046875 0.5519412609375001 0.5575286484374999 0.5757113828125 0.60605705 0.59240814375 0.614883478125 0.5660205984375 0.5684851046875 0.5519412609375001
3 0.018518996875 0.539830271875 0.013851578125 0.555237859375 0.5593115375 0.7029975328125 0.566287353125 0.6802143765625 0.018518996875 0.539830271875
1 0.027193818749999998 0.52293346875 0.0231352 0.5403171328124999 0.5666828953125 0.6854791890625 0.57453914375 0.6650043296875 0.027193818749999998 0.52293346875
0 0 0.6596911109375 0.030442026562500002 0.671213421875 0.054492823437500004 0.5893084796875 0.0057509203124999995 0.581673309375 0 0.60613584375 0 0.6596911109375
2 0.013059000000000001 0.5566618796875 0.0058747859375 0.580832853125 0.055221925000000005 0.5936359484375 0.0620154734375 0.5697709 0.013059000000000001 0.5566618796875
0 0.264397278125 0.6425847234375001 0.2375714484375 0.718971996875 0.28433892968749996 0.73105203125 0.31118260000000003 0.654053053125 0.264397278125 0.6425847234375001
2 0.268747959375 0.6273749984375 0.2632009453125 0.64060193125 0.311364875 0.65513491875 0.31536871093749996 0.6438879625 0.268747959375 0.6273749984375
0 0.5024191250000001 0.71511010625 0.47747956562500005 0.786227565625 0.5191186250000001 0.7999622093750001 0.5507570984375 0.7222458640625 0.5024191250000001 0.71511010625
2 0.5110073625 0.68949111875 0.5029886640625 0.7129776453125001 0.5504234296875 0.7231831515625 0.5604947546875 0.7012677 0.5110073625 0.68949111875
3 0 0.6997847828125 0.503333115625 0.8299592671875 0.5104912046875001 0.8082579796875 0 0.67739898125 0 0.6997847828125
1 0 0.6818501734375 0.511503246875 0.81019676875 0.515324903125 0.79786785625 0 0.6591884765625 0 0.6818501734375
2 0 0.7234135703125 0.0169983359375 0.7296981515625001 0.0248546640625 0.70922334375 0 0.702535503125 0 0.7234135703125
0 0.2155966828125 0.7796678203125 0.190425678125 0.8545945609375 0.2353117015625 0.8671778578125 0.263672240625 0.7875118156250001 0.2155966828125 0.7796678203125
2 0.2224788171875 0.7603355890625 0.2162683375 0.7804073828125 0.264219096875 0.7907575109375 0.27240899375 0.7693454187500001 0.2224788171875 0.7603355890625
0 0.4539578921875 0.8377918203125001 0.42659860156249996 0.9084336234375 0.46684128437499994 0.9197152125000001 0.497024578125 0.8508680109375 0.4539578921875 0.8377918203125001
2 0.46132369375 0.8185951796875001 0.4529882234375 0.8374921109375 0.4965087125 0.8507233937500001 0.5060641171875 0.8286633078125 0.46132369375 0.8185951796875001
1 0 0.8243941265625001 0.45959047656249996 0.9321134515624999 0.4661430375 0.9184886671875001 0 0.8078284640625 0 0.8243941265625001