2 1 0.28149471406250004 0.6767697874999999 0.219909621875 0.380827259375 0.1530026140625 0.3722259109375 0.17881191875 1 0.3069259421875 1 0.28149471406250004
0 1 0.3075737125 0.953645965625 0.2978152453125 0.9363370140624999 0.3871313234375 1 0.39969486875000004 1 0.3075737125
3 1 0.2559194515625 0.979341240625 0.2523671046875 0.9763990250000001 0.276572290625 1 0.278850434375 1 0.2559194515625
3 0.9092030859375001 0.24116952500000002 0.9036756265625 0.26225372187499996 0.9608952234375 0.2749998125 0.9665426953124999 0.24990488906250002 0.9092030859375001 0.24116952500000002
3 0.8389408359375 0.22764513437499997 0.8342742890625001 0.2478637609375 0.8901392203125 0.257885934375 0.8940087109375 0.2355084765625 0.8389408359375 0.22764513437499997
3 0.7707700843749999 0.21365220625 0.766227640625 0.236197621875 0.82036814375 0.2422332484375 0.8256276093749999 0.222452071875 0.7707700843749999 0.21365220625
2 1 0.448935896875 0.3518243296875 0.30723635625 0.34605321093749997 0.3266342328125 1 0.4725652921875 1 0.448935896875
1 0.41779569531250005 0.2792699515625 0.41312915468750006 0.29948855937499996 0.982369971875 0.4225657359375 0.9890151156250001 0.3974250390625 0.41779569531250005 0.2792699515625
0 0.668905278125 0.24252645312499999 0.6488895625 0.332112525 0.7355164921874999 0.3463437671875 0.7544951171875 0.25998273125 0.668905278125 0.24252645312499999
3 0.6982923203125 0.1982695734375 0.6937497968749999 0.2208149421875 0.7477688765625 0.23024153906249997 0.751432903125 0.2088066640625 0.6982923203125 0.1982695734375
3 0.621879684375 0.1884775390625 0.6193045953125 0.2082276109375 0.6701256484375 0.2200524875 0.6735010328125 0.195242259375 0.621879684375 0.1884775390625
3 0.5628142359375 0.17513586718750002 0.5583933015625 0.19429033906249998 0.6036767359375 0.2043283578125 0.6074727984375 0.18165818281249999 0.5628142359375 0.17513586718750002
3 0.4989504765625 0.162532734375 0.49428394375 0.18275130312500001 0.54153481875 0.189994003125 0.545597446875 0.1694141140625 0.4989504765625 0.162532734375
0 0.37640882656249997 0.17787481249999998 0.3609432171875 0.2620687671875 0.4671379390625 0.286044090625 0.4853978671875 0.20146439374999997 0.37640882656249997 0.17787481249999998
3 0.440870059375 0.15065220625 0.4358337296875 0.16960810937499998 0.48530023125 0.17870914843750002 0.48925927343750003 0.15895672656249998 0.440870059375 0.15065220625
3 0.387463659375 0.1357063875 0.38328833125 0.153796728125 0.43238764218750003 0.1673527796875 0.43596611249999995 0.1481949984375 0.387463659375 0.1357063875
3 1 0.42909225937500006 0.9962760828125001 0.4281962 0.9902549078125 0.44569094218750005 1 0.44824613125 1 0.42909225937500006
1 1 0.40307424375 0.9899889249999999 0.4010130171875 0.9842158609375 0.4231613484375 1 0.4267553015625 1 0.40307424375
0 0.34476423125 0.324694221875 0.3293722671875 0.4064379609375 0.4359046703125 0.43308607656250003 0.452848475 0.35315572031250003 0.34476423125 0.324694221875
3 0.353522771875 0.2845114890625 0.3487688140625 0.3086871390625 0.3978813125 0.31953515 0.40341864843749997 0.295721153125 0.353522771875 0.2845114890625
1 0.4130075609375 0.3028794734375 0.41902623281249995 0.279667009375 0.35918510000000003 0.26497595 0.3549245453125 0.2852812328125 0.4130075609375 0.3028794734375
3 0.936471225 0.412329178125 0.9305766515625 0.43786845 0.9853325093749999 0.44410263125 0.9873629921875 0.4239162484375 0.936471225 0.412329178125
3 0.8684245765625 0.4006630390625 0.862651546875 0.422811421875 0.9234387859375 0.4344218953125 0.9278405093750001 0.41114450625 0.8684245765625 0.4006630390625
3 0.7949617953125 0.383819209375 0.790910571875 0.4042363203125 0.8450537078125 0.41598970937499996 0.85115364375 0.39540808437499997 0.7949617953125 0.383819209375
3 0.727406359375 0.3700248046875 0.72421599375 0.38957638437500003 0.775528275 0.3992729203125 0.780003953125 0.381458340625 0.727406359375 0.3700248046875
3 0.6602205765625 0.35749309687499997 0.6553084203124999 0.378775871875 0.710433990625 0.38627269218750004 0.7121757093750001 0.3660065828125 0.6602205765625 0.35749309687499997
3 0.5922954375 0.3424360171875 0.590335659375 0.36238463125 0.6427544578125 0.3701514796875 0.6473924828125 0.3502504875 0.5922954375 0.3424360171875
3 0.5280619828125 0.32857016875 0.52401075 0.3489873171875 0.575692728125 0.35994656875 0.58011924375 0.3388384296875 0.5280619828125 0.32857016875
3 0.4621273046875 0.3166982078125 0.45806285 0.3360973125 0.50932465 0.34121140625 0.5139154078125 0.32414111874999996 0.4621273046875 0.3166982078125
3 0.40263688750000004 0.29893078906250004 0.3984964921875 0.320447828125 0.4489912078125 0.32888519843749997 0.4541705703125 0.30727460156249997 0.40263688750000004 0.29893078906250004
0 1 0.484119215625 0.9224653359375001 0.46350318437500004 0.8993644171874999 0.553490815625 1 0.5802957625 1 0.484119215625
0 0.636364328125 0.39474623593749997 0.6187574437500001 0.4817848859375 0.706810109375 0.50247018125 0.7250593109375 0.4149010671875 0.636364328125 0.39474623593749997
2 1 0.6245605421875 0.3217791765625 0.4539184609375 0.3175770046875 0.47212510312499995 1 0.6514315328125 1 0.6245605421875
1 1 0.5824246703125 0.9485173390625 0.56691623125 0.94451526875 0.58425589375 1 0.5991398203125 1 0.5824246703125
1 0.3910928359375 0.42431429375 0.3859892125 0.444093190625 0.9437127593750001 0.5830654328125 0.94786195625 0.5662878671875 0.3910928359375 0.42431429375
1 0.32893428281250003 0.408915384375 0.3250333171875 0.428150765625 0.384786553125 0.4446366765625 0.3902787046875 0.4251653859375 0.32893428281250003 0.408915384375
3 1 0.59970833125 0.96561204375 0.5908659 0.9604093515625 0.6134074734375 1 0.623839084375 1 0.59970833125
3 0.9176898265625001 0.579129053125 0.9127883390625 0.6026993796875 0.9606094578125 0.6125404796875 0.9650115359375 0.591742090625 0.9176898265625001 0.579129053125
3 0.86966860625 0.570154934375 0.8656665359375 0.5874946046875 0.912487134375 0.6016706265625 0.9174177125 0.577433459375 0.86966860625 0.570154934375
3 0.8193389046874999 0.5548466000000001 0.814936625 0.5739202437500001 0.8608536687499999 0.585010075 0.8649756453125 0.5657542531249999 0.8193389046874999 0.5548466000000001
3 0.7626945328125 0.5412269421875 0.7580921515625 0.5611675593750001 0.8051108171875001 0.56981819375 0.8082474968750001 0.5516436078125 0.7626945328125 0.5412269421875
3 0.7059490937499999 0.5257115625 0.7004451953124999 0.5472243890625 0.7465623390625 0.557447240625 0.75163283125 0.5396664828125 0.7059490937499999 0.5257115625
0 0.5985934796875 0.5404433531249999 0.5790844374999999 0.62730345 0.66570755 0.653391003125 0.6863465296875 0.5626355281250001 0.5985934796875 0.5404433531249999
3 0.65140893125 0.5099762125 0.6471077578125 0.53094558125 0.690318209375 0.5420936234375 0.69490293125 0.520313015625 0.65140893125 0.5099762125
3 0.607197928125 0.5031630734375 0.6043985843749999 0.519959271875 0.6464063421875 0.5316508046874999 0.6509195437499999 0.51136316875 0.607197928125 0.5031630734375
3 0.5577697390624999 0.48628255156250005 0.5527671546875 0.5079571281249999 0.5945727390625 0.5158572218749999 0.5980252968750001 0.49639270468749996 0.5577697390624999 0.48628255156250005
3 0.50262926875 0.473148146875 0.49882933906250004 0.49427924062499995 0.5414375125 0.50336985 0.5450193171875 0.4845315421875 0.50262926875 0.473148146875
3 0.4539046015625 0.46022082031249995 0.45060590781250004 0.4815136765625 0.4921124640625 0.49304345625 0.497216153125 0.473264609375 0.4539046015625 0.46022082031249995
3 0.40437945 0.4507614203125 0.3995769671875 0.4715690171875 0.4427874171875 0.48271707499999994 0.44622473281249997 0.461041140625 0.40437945 0.4507614203125
0 0.31827835000000004 0.4714198578125 0.3017750078125 0.5545920359375 0.40864590468750006 0.5769658828125 0.423909228125 0.499972459375 0.31827835000000004 0.4714198578125
3 0.365779659375 0.438306440625 0.3603768625 0.4617150078125 0.40047847968749994 0.4699968296875 0.40539785312500004 0.448915996875 0.365779659375 0.438306440625
3 0.3256760046875 0.425366209375 0.32077655625 0.45359494375000003 0.3593743078125 0.4613915140625 0.36524836562499996 0.43910633125 0.3256760046875 0.425366209375
0 1 0.6512726234375 0.8801133984374999 0.6135818171875 0.8595027359375 0.7028811140625 0.9818168546875 0.7376904109375 1 0.658104834375 1 0.6512726234375
1 0.9073259374999999 0.7173806609375 0.9021232484375 0.7399222187500001 0.97531035 0.7588797375 0.9809600921875001 0.735283765625 0.9073259374999999 0.7173806609375
2 0.291666684375 0.591387109375 0.28626389531249996 0.6147956328124999 0.9676136468750001 0.80856308125 0.9720667453124999 0.7816913609375 0.291666684375 0.591387109375
1 0.36333120937499996 0.567933521875 0.35872883125 0.587874121875 0.901520865625 0.737864753125 0.907539796875 0.714738621875 0.36333120937499996 0.567933521875
1 0.305684315625 0.5539903875000001 0.305391396875 0.5715953015624999 0.35812648281250004 0.5858166703125 0.3632617171875 0.568473253125 0.305684315625 0.5539903875000001
3 0.9278894453125 0.747304640625 0.9231880484375001 0.770007965625 0.9705078703125001 0.7796873203125 0.9731875640625001 0.761083990625 0.9278894453125 0.747304640625
3 0.8823726125 0.7344808359375 0.8790740265625001 0.755773709375 0.9187753921875 0.7657895265625 0.9232246078124999 0.7439140109375 0.8823726125 0.7344808359375
3 0.8382585375 0.7202465625000001 0.8325545609375 0.7426264203125 0.8790740265625001 0.755773709375 0.8838642484375001 0.733310521875 0.8382585375 0.7202465625000001
3 0.7814140890625 0.707493934375 0.7768117109375 0.7274345375 0.8242326578125001 0.7390096140625 0.827925228125 0.71840605 0.7814140890625 0.707493934375
3 0.72516789375 0.6874818703125001 0.720066271875 0.7119191500000001 0.7643803765625 0.72528645 0.7705196828124999 0.701979928125 0.72516789375 0.6874818703125001
3 0.668121240625 0.6709377734374999 0.6613156609375 0.6957567515624999 0.7078350828125 0.7089040609375 0.7142419624999999 0.6859177203125 0.668121240625 0.6709377734374999
3 0.6159885296875001 0.6587739 0.6113861609375 0.678714471875 0.653996303125 0.6924634703125 0.6574003328125 0.6696735546875 0.6159885296875001 0.6587739
3 0.5731782937500001 0.6458918515625001 0.5684769125 0.6685951828125 0.6112850890625 0.676818765625 0.615559109375 0.65931801875 0.5731782937500001 0.6458918515625001
3 0.5221471734375001 0.6312887546875 0.5175468984375 0.6558878015625 0.55854996875 0.6625973843749999 0.563228775 0.6445295109375 0.5221471734375001 0.6312887546875
3 0.47292112968750005 0.6181996453124999 0.46821981562500004 0.640903 0.5098252953125 0.6496700875 0.514732340625 0.6288811859375001 0.47292112968750005 0.6181996453124999
3 0.4261006 0.6040236328125 0.4201964953125 0.6272704265625 0.45939659375 0.637124465625 0.4644324390625 0.6157962875 0.4261006 0.6040236328125
3 0.3727652 0.5924032328125 0.367061196875 0.6147830484375 0.41177544218750006 0.6264163359375 0.4178547078125 0.604960875 0.3727652 0.5924032328125
3 0.334266509375 0.581844 0.33146920468749996 0.6032985937500001 0.366559884375 0.6146212906249999 0.372291315625 0.5923558546875001 0.334266509375 0.581844
3 0.2967703796875 0.571608234375 0.2948745921875 0.5914906249999999 0.3308667890625 0.60124111875 0.33597573125 0.5816863703124999 0.2967703796875 0.571608234375
0 0.8432591781250001 0.7729675765625 0.822547446875 0.86037115 0.9462664328124999 0.8984284140625001 0.9663246515624999 0.809195196875 0.8432591781250001 0.7729675765625
2 0.263742671875 0.7377522437499999 0.2591403 0.7576928171875 0.425766475 0.8012109703125001 0.493241315625 0.8239145999999999 0.9285682921875 0.9681076125000001 0.9355819890625 0.9397679374999999 0.263742671875 0.7377522437499999
1 0.8717755281249999 0.8781186828124999 0.8677734578124999 0.895458346875 0.9401601734374999 0.9178837609375 0.945830128125 0.8979912984375 0.8717755281249999 0.8781186828124999
1 0.33298565468749997 0.7107883875 0.330287346875 0.7294802812500001 0.8668719578124999 0.8970305546875 0.87297199375 0.8723852875 0.33298565468749997 0.7107883875
0 0.5671483375 0.6903958265625 0.5506449890625 0.773568034375 0.632356196875 0.7999337578125 0.6509895984375 0.7210760203125 0.5671483375 0.6903958265625
0 0.286730065625 0.6148182203125 0.27353151875 0.690672796875 0.3750923828125 0.7197171828125 0.3904657453125 0.6474974 0.286730065625 0.6148182203125
3 0.8883407046875 0.9020290078125001 0.8834392125000001 0.9255992828125 0.935571915625 0.9377631875000001 0.9374919343749999 0.91836674375 0.8883407046875 0.9020290078125001
3 0.8305926625 0.886190109375 0.8267927703125 0.9073211984375 0.8795278578125 0.921542565625 0.88470941875 0.900286978125 0.8305926625 0.886190109375
3 0.7666268640625 0.8646187421875 0.7605227171875 0.8887325718750001 0.8118529140625 0.8997059171874999 0.8176038875 0.8786340609375 0.7666268640625 0.8646187421875
3 0.700255753125 0.8441343484375 0.6946528546875 0.8684098812500001 0.74387883125 0.8814989671875001 0.748694890625 0.8595445734375 0.700255753125 0.8441343484375
3 0.6294740156249999 0.8240898734375 0.6264765999999999 0.846411475 0.6780089968749999 0.8611763218749999 0.6835080609374999 0.84270456875 0.6294740156249999 0.8240898734375
0 0.535550246875 0.836634859375 0.5176440703125 0.9212175109375 0.60206186875 0.947525021875 0.61856045625 0.8668313546874999 0.535550246875 0.836634859375
3 0.559892928125 0.7988435296875 0.5549913671875 0.8224138468750001 0.6066248703125 0.8390744109374999 0.6123416625 0.8176444328124999 0.559892928125 0.7988435296875
3 0.49823351406249994 0.778947909375 0.492127271875 0.7984032609375 0.53964928125 0.8118740750000001 0.54275526875 0.7962394671874999 0.49823351406249994 0.778947909375
3 0.437776821875 0.7585088234375 0.432475134375 0.7838130953125 0.48069848750000005 0.796578665625 0.485574940625 0.7788375624999999 0.437776821875 0.7585088234375
3 0.2667379828125 0.7107721953125 0.26143629375 0.7360764671875 0.3111635875 0.74932728125 0.31572568749999996 0.7271777234375 0.2667379828125 0.7107721953125
1 0.27124136249999997 0.6935942921875 0.269345575 0.71347668125 0.32799508906249997 0.7277433296875 0.3326985046875 0.7096984234375 0.27124136249999997 0.6935942921875
3 0.3738130625 0.7415958500000001 0.3691117515625 0.764299203125 0.41703600625000004 0.7806944515625001 0.422078096875 0.757300609375 0.3738130625 0.7415958500000001
3 0.31586496249999996 0.7266239796875 0.3100619609375 0.7517664921875 0.3573818375 0.7614458640625 0.36286733125000004 0.7381950953125 0.31586496249999996 0.7266239796875
0 0.921173228125 1 0.9298398953125 0.9672717734375 0.807652803125 0.9225710250000001 0.7922378484375 1 0.921173228125 1
1 0.762025578125 1 0.3047934671875 0.8516055390625 0.299390671875 0.8750140921874999 0.699724421875 1 0.762025578125 1
0 0.2557322828125 0.7584563109375 0.24233160156250003 0.8305194468750001 0.345699640625 0.865736265625 0.3616435390625 0.7881258734375 0.2557322828125 0.7584563109375