2 1 0.0709227765625 0.6196110296875 0.11359910625 0.3216218625 0.1364494046875 0.3181217046875 0.1644479109375 1 0.0972110875 1 0.0709227765625
0 1 0.0981971109375 0.9012486328125 0.10729870156250002 0.9011554109375 0.20045521718749998 1 0.1900420953125 1 0.0981971109375
3 1 0.047008137500000005 0.9739484328125 0.049083078125 0.9724965265625001 0.07262781874999999 1 0.0694014421875 1 0.047008137500000005
3 0.9175906093749999 0.054832165625 0.9192525421875001 0.0795537640625 0.9739141625000001 0.0681630515625 0.9746536265625 0.0473606953125 0.9175906093749999 0.054832165625
3 0.8478337765624999 0.06483656875 0.8464209390624999 0.087259609375 0.9040008859374999 0.08265426875000001 0.9047837484375 0.056245139062500005 0.8478337765624999 0.06483656875
3 0.7775245515625 0.0725865484375 0.776781440625 0.0938989328125 0.832547803125 0.08701708124999999 0.832120434375 0.0638175140625 0.7775245515625 0.0725865484375
3 0.7091462453124999 0.0792478796875 0.7089555296875 0.10281466875 0.7623167578125 0.09252364375 0.7637133046875 0.07146429374999999 0.7091462453124999 0.0792478796875
2 1 0.2400541890625 0.3223164390625 0.2970490328125 0.3203549375 0.317884309375 1 0.2637931484375 1 0.2400541890625
1 0.3807705234375 0.24972216249999998 0.3800274125 0.27103452968749997 0.9521603828125 0.2215498453125 0.9538973687500001 0.19479645625 0.3807705234375 0.24972216249999998
0 0.6162282078125 0.1382324359375 0.6135734937499999 0.23246655781249997 0.6998040609375 0.220505378125 0.702057784375 0.1297585421875 0.6162282078125 0.1382324359375
3 0.63635379375 0.0858320828125 0.6361629921875 0.1093988515625 0.690037590625 0.10248395156250001 0.6895872390625 0.0802743328125 0.63635379375 0.0858320828125
3 0.5608042109375 0.0991023484375 0.5619919734375001 0.1193260875 0.6132268140625 0.1157322265625 0.6118703328125 0.09028483281250001 0.5608042109375 0.0991023484375
3 0.5013325 0.1036746390625 0.5006284984375 0.12386530312499999 0.5461879656249999 0.1201721890625 0.545635315625 0.0967063484375 0.5013325 0.1036746390625
3 0.437368334375 0.1104131953125 0.43662522499999995 0.131725521875 0.48356325624999996 0.12468935625 0.48365648749999995 0.1032022703125 0.437368334375 0.1104131953125
0 0.3219834546875 0.162270615625 0.322716403125 0.2498296609375 0.4296393421875 0.24159736875 0.4315308390625 0.152820465625 0.3219834546875 0.162270615625
3 0.3791187484375 0.11612915312500001 0.3777840453125 0.1363087953125 0.42720543125 0.13043846406249998 0.427352575 0.1097973984375 0.3791187484375 0.11612915312500001
3 0.32480904375 0.11742453125 0.32414415625 0.1364935 0.37403962812499997 0.13512095156249998 0.37393013750000004 0.1151796625 0.32480904375 0.11742453125
3 1 0.2208461375 0.9666250234374999 0.22292509531250002 0.9640683718749999 0.24196099218749997 1 0.24048504999999998 1 0.2208461375
1 1 0.193731546875 0.9555041375 0.1980381765625 0.9540521906249999 0.22158291718749998 1 0.218133078125 1 0.193731546875
0 0.3187504984375 0.316360159375 0.3190989015625 0.40148394062500004 0.4268446484375 0.3957827765625 0.42833076718749996 0.31197960625 0.3187504984375 0.316360159375
3 0.319729675 0.27415835 0.31963800625 0.29939416093750004 0.36904266093750004 0.29535055312499997 0.3699574390625 0.270236015625 0.319729675 0.27415835
1 0.380540609375 0.27441065 0.3820316703125 0.24974421093750002 0.321560609375 0.25322011718750004 0.32122534375 0.2744961015625 0.380540609375 0.27441065
3 0.9059703015625 0.2252319359375 0.9050316359374999 0.2521527984375 0.9590235234375 0.24187279843749998 0.957229153125 0.22138265625 0.9059703015625 0.2252319359375
3 0.838144390625 0.2341476734375 0.8366924828125001 0.257692453125 0.8975036062499999 0.2508988125 0.8974224359375 0.2266533140625 0.838144390625 0.2341476734375
3 0.7641298140624999 0.23958814843749998 0.764017321875 0.2609115 0.8184442734375 0.2562510203125 0.8205029328125001 0.2341512828125 0.7641298140624999 0.23958814843749998
3 0.696382125 0.2462604859375 0.696939315625 0.26647323749999996 0.7482523796875 0.26063590312499996 0.74925834375 0.24174845781249998 0.696382125 0.2462604859375
3 0.6292258984375 0.25406558437500004 0.628443675 0.2764996875 0.6830270703125 0.267352371875 0.680939253125 0.2468703046875 0.6292258984375 0.25406558437500004
3 0.560886703125 0.25960519843749996 0.5627050828125 0.2798399609375 0.6147269875 0.2717702875 0.615501640625 0.2507792890625 0.560886703125 0.25960519843749996
3 0.4963310328125 0.2652109921875 0.49621853906249996 0.286534384375 0.5481231109375 0.281829809375 0.548469221875 0.2597133359375 0.4963310328125 0.2652109921875
3 0.43050464218749995 0.2732906890625 0.430190090625 0.293615390625 0.48060236874999995 0.283280015625 0.481857771875 0.265091103125 0.43050464218749995 0.2732906890625
3 0.36979994843749997 0.273631565625 0.369805940625 0.2960649578125 0.4200960203125 0.28923265625 0.421075109375 0.266395559375 0.36979994843749997 0.273631565625
0 1 0.27615989375 0.9019718375 0.27983242656249996 0.8964149499999999 0.3753872125 1 0.3715533109375 1 0.27615989375
0 0.6131345453125 0.29790951718750003 0.6123303812499999 0.388912371875 0.7011367 0.3828801421875 0.702461984375 0.291162225 0.6131345453125 0.29790951718750003
2 1 0.41555098125 0.32060121874999997 0.4505237125 0.3199320546875 0.469715271875 1 0.4421447484375 1 0.41555098125
1 1 0.3737020984375 0.946337859375 0.3738699296875 0.9457005625000001 0.392147609375 1 0.3902384953125 1 0.3737020984375
1 0.381975671875 0.4005815640625 0.3807290671875 0.4215919375 0.9447048796875 0.39121579687499997 0.94558865625 0.373447596875 0.381975671875 0.4005815640625
1 0.3191369625 0.4040552578125 0.3189497140625 0.42416967968749997 0.379669709375 0.42248785624999996 0.38134839062500003 0.40166392812499996 0.3191369625 0.4040552578125
3 1 0.39082509062500004 0.96728545 0.3923312921875 0.9664569625 0.41609228906249995 1 0.41475662656249995 1 0.39082509062500004
3 0.9188639984375 0.3951425625 0.9185174265624999 0.4198264375 0.9664888265625 0.4151783921875 0.9668689578125 0.3933743140625 0.9188639984375 0.3951425625
3 0.8708607328125 0.4007044890625 0.8702234328125 0.41898217656250003 0.918035509375 0.418903559375 0.9182861546875 0.3935541984375 0.8708607328125 0.4007044890625
3 0.8194522546874999 0.400720203125 0.818751225 0.42082566874999994 0.8651176234375001 0.4179784640625 0.8655143203125 0.39777763125 0.8194522546874999 0.400720203125
3 0.762264896875 0.404292684375 0.7615320031249999 0.4253120234375 0.8085077765625 0.41973214218750005 0.8081548312500001 0.400891671875 0.762264896875 0.404292684375
3 0.704627521875 0.4060284078125 0.7033171171875 0.4288665328125 0.749715378125 0.42510544843750003 0.751301553125 0.406072946875 0.704627521875 0.4060284078125
0 0.6037818234375 0.45273084375000006 0.6011091093750001 0.5441282562499999 0.6895406015625001 0.5438453140624999 0.6925792453125 0.44827256406249993 0.6037818234375 0.45273084375000006
3 0.649077065625 0.406886175 0.648826090625 0.4288283921875 0.6925917828125 0.426850159375 0.692965503125 0.40402393906249995 0.649077065625 0.406886175
3 0.6051520140625 0.413433825 0.60557414375 0.4308155875 0.6482804437499999 0.4297332890625 0.6488627640625 0.4083989234375 0.6051520140625 0.413433825
3 0.554321046875 0.41163077656249997 0.553524425 0.43447787499999996 0.5953306578124999 0.4297220765625 0.5950426421875 0.40951644531250003 0.554321046875 0.41163077656249997
3 0.49867499843749996 0.41523019375 0.498937734375 0.43718137500000004 0.5417397359375 0.433357421875 0.541692865625 0.413729775 0.49867499843749996 0.41523019375
3 0.44925791875 0.4171096125 0.4500343625 0.43906980781250005 0.49222698906250006 0.43797849843750003 0.49347366406250004 0.41696815625 0.44925791875 0.4171096125
3 0.39971330625 0.42264458437499997 0.39894854999999996 0.44457780468749997 0.44271424374999996 0.442599590625 0.442000321875 0.4202205390625 0.39971330625 0.42264458437499997
0 0.32047763125 0.4688103734375 0.3200193015625 0.555674275 0.42729688125000004 0.5456619453125 0.4277076453125 0.46525524999999995 0.32047763125 0.4688103734375
3 0.36015332031249997 0.421953009375 0.3592929671875 0.4466279015625 0.3995260609375 0.44275904062500004 0.4003527953125 0.4205216625 0.36015332031249997 0.421953009375
3 0.31905205937500003 0.42123448906250005 0.3195736546875 0.4505057484375 0.35826547343750004 0.446609940625 0.3597894234375 0.42290013125000003 0.31905205937500003 0.42123448906250005
0 1 0.44140124375 0.88901364375 0.440342796875 0.88573155625 0.5344728859375001 1 0.532273721875 1 0.44140124375
1 1 0.5304988421875 0.9345711765625 0.5344122484375 0.9337426890625 0.5581732296874999 1 0.5552455421875 1 0.5304988421875
2 1 0.5785525859375 0.3171078328125 0.594944396875 0.31624748125 0.6196192453125 1 0.6063260578125 1 0.5785525859375
1 0.3818942484375 0.5503548890625 0.381161353125 0.5713742125 0.932778890625 0.556327503125 0.9342862562500001 0.5317460140625 0.3818942484375 0.5503548890625
1 0.32367942968749996 0.553909415625 0.32667032812499996 0.5713360546875 0.380197590625 0.5695284890625001 0.38192755625 0.5509073 0.32367942968749996 0.553909415625
3 1 0.5577063859375 0.959976625 0.5577174046875 0.9596619000000001 0.58148738125 1 0.5775290046875 1 0.5577063859375
3 0.9136739578125 0.5587368328125 0.914450509375 0.5806970109375 0.9546198359375 0.5786559578125 0.9548451609375 0.5557768984375 0.9136739578125 0.5587368328125
3 0.8684625140625 0.557946459375 0.867120278125 0.58169850625 0.914450509375 0.5806970109375 0.9148955921875 0.5571369015625 0.8684625140625 0.557946459375
3 0.8112433250000001 0.562432859375 0.8105104328125 0.583452184375 0.8584181390625 0.5806319078125 0.8581499062500001 0.5592324734375 0.8112433250000001 0.562432859375
3 0.7532515281250001 0.559590159375 0.75287305625 0.5851878984375001 0.7981162953125 0.5850644203125 0.7997062640625 0.560269171875 0.7532515281250001 0.559590159375
3 0.6951322359375001 0.560403040625 0.6931806265625 0.5868876875 0.7405108203124999 0.5858862234375 0.7424185015625 0.5613260734375001 0.6951322359375001 0.560403040625
3 0.6425687703125 0.5640563640625 0.6418358765625001 0.5850756546875 0.6855059796875 0.5858390828125 0.6845528 0.5623728734375 0.6425687703125 0.5640563640625
3 0.5988668078125 0.5642067875000001 0.5985521015625 0.5879767640625 0.6413858625 0.5832389140625 0.6422556078125 0.5647210296875 0.5988668078125 0.5642067875000001
3 0.546912684375 0.565127415625 0.5470480296875 0.5907341359375 0.5878585640625 0.585046478125 0.589013425 0.56584865625 0.546912684375 0.565127415625
3 0.4969817515625 0.5669978515625 0.4966671140625 0.590767834375 0.5384414828125 0.5869259296875 0.5393106078125001 0.5649797671875 0.4969817515625 0.5669978515625
3 0.4491697453125 0.5670764546875 0.44779561250000005 0.5917423515625 0.48745119375 0.589692284375 0.48834431718750004 0.5671763734375 0.4491697453125 0.5670764546875
3 0.3955468875 0.5716256953125 0.3942046171875 0.5953777125 0.43951151718750003 0.5934264375 0.4413877453125 0.570472271875 0.3955468875 0.5716256953125
3 0.35643695000000003 0.5727708953125 0.3577272484375 0.594740025 0.3936908359375 0.5953687296875 0.3950808359375 0.5717211390625 0.35643695000000003 0.5727708953125
3 0.31835450781249996 0.573934025 0.32022231875 0.594084375 0.356763415625 0.5928943 0.3580568296875 0.5721030921875 0.31835450781249996 0.573934025
0 1 0.60723026875 0.8830906765625001 0.6083709749999999 0.879358571875 0.70066430625 1 0.7010284609374999 1 0.60723026875
2 1 0.7449762796875 0.3173803125 0.7474708203125 0.316647421875 0.7684901109375 0.48551316250000004 0.761383321875 0.5548397046875 0.76350970625 1 0.7749358265625 1 0.7449762796875
1 1 0.7009323828125 0.9301576734375001 0.7033812687500001 0.9295203734375 0.7216589484375 1 0.7220202546875 1 0.7009323828125
1 0.379177521875 0.7001502671875001 0.380049634375 0.7193687718749999 0.9289428796875001 0.7234777296875 0.930246025 0.6973757484374999 0.379177521875 0.7001502671875001
0 0.6013238890625 0.6098462796875 0.6008655593750001 0.6967102140625 0.6846093921875 0.6981741984375 0.6879252109375 0.6149207640625 0.6013238890625 0.6098462796875
0 0.3167014765625 0.619501696875 0.31807120625 0.6981675859375 0.421465603125 0.6963173140625 0.422870171875 0.6205790999999999 0.3167014765625 0.619501696875
3 1 0.7232860765625 0.95058701875 0.721962675 0.9502404312499999 0.7466465015625 1 0.7431880875 1 0.7232860765625
3 0.8919220984375 0.723680425 0.89218486875 0.7456315921875001 0.94571213125 0.743824025 0.9467593531249999 0.7213359109375 0.8919220984375 0.723680425
3 0.8261918874999999 0.7216169109374999 0.8247859578125001 0.747196721875 0.8763537250000001 0.7426115234374999 0.877984521875 0.720133609375 0.8261918874999999 0.7216169109374999
3 0.7583429625 0.721345234375 0.7574507453125 0.74693399375 0.8073816062500001 0.7450635578125 0.8079462234375001 0.7219968046874999 0.7583429625 0.721345234375
3 0.6863201265625001 0.7228294671875 0.68757855625 0.7457125078125 0.7400464265625 0.7448008625 0.7419176359375 0.7249592921875 0.6863201265625001 0.7228294671875
0 0.5980278859375 0.7633502703125 0.5964782625 0.8520240046875 0.6828227984375 0.852619015625 0.6837374046875 0.7681975828125001 0.5980278859375 0.7633502703125
3 0.6144885125 0.718830415625 0.6141418671875 0.74351430625 0.667059790625 0.7444394015625 0.6685910171875 0.721619028125 0.6144885125 0.718830415625
3 0.5512952734375001 0.717725690625 0.5490211078125 0.7387180703125 0.5973788296875 0.73773456875 0.5974685640625 0.7214048828124999 0.5512952734375001 0.717725690625
3 0.4891614640625 0.7157250484375 0.4887511640625 0.74223666875 0.5376544609375 0.74034826875 0.5390607875 0.7214130109375 0.4891614640625 0.7157250484375
3 0.315253640625 0.7200003796875001 0.314843340625 0.746512 0.3652879859375 0.7446505140624999 0.3655712734375 0.7214677046875 0.315253640625 0.7200003796875001
1 0.3164047203125 0.70173168125 0.31827253125 0.7218820312500001 0.3775149109375 0.7183454671875 0.378697784375 0.6991628859375 0.3164047203125 0.70173168125
3 0.4242994234375 0.7182489015625 0.42398478749999996 0.74201888125 0.4732744078125 0.743794984375 0.4737894609375 0.7192427625 0.4242994234375 0.7182489015625
3 0.365602690625 0.7208805671875 0.3646786078125 0.7473832046875 0.4121362984375 0.7427261875 0.41310578593749997 0.7181819078125 0.365602690625 0.7208805671875
0 1 0.77361315 0.8765527640625 0.7663905140625 0.8760307046875001 0.8550821796875001 0.997247603125 0.85811569375 1 0.8160044296875 1 0.77361315
1 0.9267979421874999 0.8587129906250001 0.925069384375 0.8788005015625 0.995969065625 0.880039946875 0.9962799562500001 0.8601137187499999 0.9267979421874999 0.8587129906250001
1 0.37815963125 0.8472929859375 0.377299278125 0.8719678640625 0.9236236874999999 0.8760318828125 0.9258071734375 0.8578525390625 0.37815963125 0.8472929859375
0 0.31350106875 0.7702640484375001 0.31397076562500004 0.84525641875 0.42025659062500004 0.8489433500000001 0.4212093078125 0.7677249234375 0.31350106875 0.7702640484375001