3 0.32015177499999997 0.1712529875 0.317892040625 0.19608373125 0.952451553125 0.2380403171875 0.955085025 0.21176993125000002 0.32015177499999997 0.1712529875
0 0.8940782374999999 0.26006075 0.879710946875 0.3610724703125 0.9313923531249999 0.363390684375 0.9471171015625 0.2696750453125 0.8940782374999999 0.26006075
2 0.898476178125 0.2388876046875 0.8942097359375 0.25893525781250004 0.9466314796875 0.265896015625 0.94972898125 0.2421734984375 0.898476178125 0.2388876046875
0 0.5904774296874999 0.24003125781249998 0.5780096625 0.341253890625 0.634123196875 0.34406426093750003 0.6454117921875 0.24793306718750002 0.5904774296874999 0.24003125781249998
2 0.5943736687500001 0.2176623109375 0.590190121875 0.247979909375 0.64883638125 0.25107146875 0.6523019859375 0.2198376578125 0.5943736687500001 0.2176623109375
0 0.3159608203125 0.22517213906250003 0.3114033625 0.3200230984375 0.3625125578125 0.32312077499999997 0.3679425125 0.230329228125 0.3159608203125 0.22517213906250003
2 0.31915829218749997 0.1962243296875 0.3155008 0.22204003125 0.36945186093750004 0.22689041250000003 0.37083976875 0.198542553125 0.31915829218749997 0.1962243296875
3 0.315491265625 0.3435334390625 0.31549978749999996 0.3670360015625 0.927202890625 0.4124342296875 0.9293809453125 0.390852571875 0.315491265625 0.3435334390625
1 0.31184924375 0.3162067703125 0.3091739578125 0.3391046734375 0.927290834375 0.39098557500000003 0.9290421249999999 0.3663291 0.31184924375 0.3162067703125
0 0.866348409375 0.43348210312499996 0.8539663093750001 0.5300308328125001 0.9043387796875001 0.5326862375 0.9183525671874999 0.44104192500000006 0.866348409375 0.43348210312499996
2 0.872004190625 0.40864991249999993 0.8690676328125001 0.4337840328125 0.9234520328125001 0.439822621875 0.9263100328125 0.41713664375 0.872004190625 0.40864991249999993
0 0.5799846109375 0.413732903125 0.56957285 0.50756273125 0.624296096875 0.5107012546874999 0.63433574375 0.41868707968749996 0.5799846109375 0.413732903125
2 0.58556165625 0.3895747578125 0.5832818843750001 0.413802528125 0.6370303765625 0.415853553125 0.6393100828125 0.39162579062499997 0.58556165625 0.3895747578125
0 0.311283871875 0.393690009375 0.3056954578125 0.47924229843750005 0.356611890625 0.4819580734375 0.36491935625 0.3967077234375 0.311283871875 0.393690009375
2 0.31262311875000004 0.3680820421875 0.3100254 0.3903160390625 0.36581540156250003 0.39846916875 0.371551703125 0.3693104546875 0.31262311875000004 0.3680820421875
3 0.301295490625 0.4980419609375 0.300216340625 0.5214237515625 0.889333290625 0.5809611296875 0.8923503953124999 0.5575084484375 0.301295490625 0.4980419609375
1 0.30830175937500004 0.48051088281250004 0.3050263703125 0.5085450890625001 0.8911688109375 0.5511051234375001 0.895931140625 0.5312809859375001 0.30830175937500004 0.48051088281250004
0 0.8304937156250001 0.5989087515625 0.818471328125 0.6876636125 0.8683920546874999 0.6941857703125 0.8857380046875001 0.6008432921875 0.8304937156250001 0.5989087515625
2 0.834066190625 0.5777622499999999 0.8308116890624999 0.600902584375 0.886622625 0.604161821875 0.8898089515625 0.579260784375 0.834066190625 0.5777622499999999
0 0.5545388984375 0.5702265468750001 0.5460054828125 0.6574102796875 0.5946334703125 0.66085120625 0.607050940625 0.5726535 0.5545388984375 0.5702265468750001
2 0.55494039375 0.5526448375 0.5525685640625 0.5729454328125 0.6079485890625 0.57517763125 0.6112081484375 0.55475299375 0.55494039375 0.5526448375
0 0.296756834375 0.5416036328125 0.292164103125 0.6233494546875 0.3400223953125 0.6286634156249999 0.3489493921875 0.5495037453125 0.296756834375 0.5416036328125
2 0.30109894531250003 0.5185840625 0.29739273125 0.5455911515625 0.34994054375 0.5484880953125 0.350490803125 0.52304984375 0.30109894531250003 0.5185840625
3 0.2947077375 0.6392997046875 0.290909409375 0.6623795703125 0.86355631875 0.7308598203125001 0.866171521875 0.7152700890625 0.2947077375 0.6392997046875
1 0.29390855312499997 0.622563928125 0.29196754999999996 0.6438916375 0.8616694562499999 0.7140033296875 0.8657402203125001 0.69686009375 0.29390855312499997 0.622563928125
0 0.8104940203125001 0.7465112875 0.795886234375 0.8291035546875 0.8420208984374999 0.83030919375 0.8591551921875 0.7576419750000001 0.8104940203125001 0.7465112875
2 0.812322015625 0.72615028125 0.8078669062499999 0.7501364703125 0.8594191312499999 0.756839865625 0.8636497109375 0.732434078125 0.812322015625 0.72615028125
0 0.5431695078125001 0.7099741109375 0.5333642328125 0.789182796875 0.5821972921875 0.79558415625 0.591743375 0.71693255625 0.5431695078125001 0.7099741109375
2 0.543868059375 0.699280075 0.542512728125 0.71088040625 0.593747040625 0.715590003125 0.5945632328125 0.7016378703124999 0.543868059375 0.699280075
0 0.29016902187500004 0.6828613421874999 0.2844886734375 0.7644864828125 0.3293097796875 0.7675047109375 0.338230334375 0.6942922859375 0.29016902187500004 0.6828613421874999
2 0.29059145937499997 0.6603858265625 0.2900560734375 0.6838280765625 0.338663209375 0.6921628484375 0.3418110796875 0.668064821875 0.29059145937499997 0.6603858265625
3 0.28875310625 0.7751385546875 0.28561155625 0.7973121234375 0.830932478125 0.868633609375 0.833164925 0.8474847671875001 0.28875310625 0.7751385546875
1 0.288952309375 0.764002828125 0.28694025 0.7765095718749999 0.8339847390624999 0.8519393718750001 0.840785075 0.8308868734375 0.288952309375 0.764002828125
0 0.7827648 0.8848284937500001 0.7692446765625001 0.967541615625 0.8178726875000001 0.9709825984375 0.8334784234375 0.8934248406249999 0.7827648 0.8848284937500001
2 0.7839359828125 0.8653738078125001 0.7819950765625 0.8867014984375 0.8324804875 0.8883902203125 0.834490365625 0.8715026765625 0.7839359828125 0.8653738078125001
0 0.527086875 0.847626084375 0.517486609375 0.929795196875 0.5648010359375 0.9350487703124999 0.5752239890624999 0.858322740625 0.527086875 0.847626084375
2 0.5271704171875 0.8280506578125 0.5251164687500001 0.850345046875 0.5742675 0.8587402390625 0.577553646875 0.8383830984375 0.5271704171875 0.8280506578125
0 0.28203910468750004 0.8184586843749999 0.2790067046875 0.891564684375 0.321426578125 0.8962747906249999 0.32788785468750004 0.8225967453124999 0.28203910468750004 0.8184586843749999
2 0.28366210000000003 0.7951371968750001 0.2825828796875 0.8185190640625001 0.3289225484375 0.8226851515625 0.329707678125 0.8026004953125 0.28366210000000003 0.7951371968750001
1 0.2802073828125 0.890718753125 0.28014472968750004 0.9054003093749999 0.8132334140624999 0.9871144578125 0.8166181796875 0.9714279140625001 0.2802073828125 0.890718753125