3 0.4825475265625 1 0.797137525 0.9391283046875 0.7938860125 0.920855071875 0.3591870359375 1 0.4825475265625 1
3 0.7496283312500001 0.745168290625 0.11187958906249999 0.8437539078125 0.117662103125 0.8736178359375 0.7529917484374999 0.7671889296875001 0.7496283312500001 0.745168290625
3 0.7100907125 0.5913182531250001 0.7044843171874999 0.562150715625 0.059143876562499996 0.6708333640624999 0.0643103 0.6913976890625 0.7100907125 0.5913182531250001
3 0.675190728125 0.42662467656249997 0.6675651453125 0.397805 0.023161448437500003 0.48498167968750006 0.029750159375 0.5153534343749999 0.675190728125 0.42662467656249997
3 0 0.3280070890625 0.0027635015625 0.33800425 0.6341591359375001 0.25294302968750004 0.627580128125 0.22896530781250002 0 0.3109222265625 0 0.3280070890625
0 0.1790659046875 1 0.20507644218749999 0.9971472406249999 0.1790978765625 0.889878096875 0.128728225 0.9023236515624999 0.14599230624999998 1 0.1790659046875 1
0 0.4821367515625 0.8351526421875001 0.4241014953125 0.847663353125 0.44488682500000004 0.9458906921875 0.502357103125 0.9383916593749999 0.4821367515625 0.8351526421875001
2 0.5025808015625 0.9458864874999999 0.44619128750000003 0.9530914046875001 0.45474355937500005 0.9834162859375001 0.5066172984375 0.9677911765625 0.5025808015625 0.9458864874999999
0 0.766702703125 0.7886322984375 0.7163329984375 0.8010778609375 0.737353015625 0.90177385625 0.792008190625 0.8960174140625 0.766702703125 0.7886322984375
2 0.7898390703125 0.8989022999999999 0.7353570375 0.9020118671875 0.7417862000000001 0.928526525 0.794175184375 0.9157330359375001 0.7898390703125 0.8989022999999999
1 0.7677492765625 0.7934742515625001 0.7606469828125 0.76707555 0.1274220203125 0.8736706765625 0.133645171875 0.89910514375 0.7677492765625 0.7934742515625001
0 0.12326240828799966 0.7688236228251613 0.0876938797834557 0.12045605518880328
2 0.13791829018302643 0.830223064111873 0.058767246239076296 0.03719326929603213
0 0.42539922129926566 0.7181187634964619 0.08438702335696498 0.11396925684847722
2 0.4384698711409811 0.7801810556130105 0.070022994985435 0.04895956348717299
0 0.7093399637774183 0.6738648137108877 0.08305184389007839 0.1216633576783142
2 0.7216293636191338 0.735867906242355 0.06359113855894431 0.042235966806520864
0 0.07070101260291932 0.5839741035291294 0.08939277210332378 0.1252619543589663
2 0.08526596628470075 0.6484985448158411 0.0684150308788124 0.04727866431700996
0 0.37424120124100596 0.538856393370593 0.08296091567683313 0.1185383576783142
2 0.3857720831360327 0.6000190363169787 0.06519910266556703 0.04391686597668389
0 0.6603665693459793 0.5002487923402633 0.08286998746358769 0.1154133576783142
2 0.6781701832943173 0.561103781967301 0.044704746239076346 0.03612767676456467
1 0.637824259375 0.24728928906249997 0.0025441234375 0.3379161859375 0.00441154375 0.362705728125 0.642234146875 0.2741518953125 0.637824259375 0.24728928906249997
0 0.039439270058259715 0.4068545738601353 0.07887854011651943 0.1122883576783142
2 0.049732946226441026 0.47042016639160245 0.06372753087881239 0.04692346680652104
0 0.33546952091618953 0.36444746660602834 0.08277905925034235 0.1122883576783142
2 0.34773618870459366 0.4272318091374956 0.06662521034569897 0.03934776514684692
0 0.6231346569678514 0.32673951474586166 0.08121655925034225 0.11216995850815117
2 0.6362280388628783 0.3880205568624104 0.06350021034569905 0.03911096680652095
1 0 0.1859614390625 0.6066507265625 0.109526121875 0.6001836203125 0.08929580312499999 0 0.1640427109375 0 0.1859614390625
0 0.026292063869195838 0.23734663464801597 0.052584127738391676 0.11531826929603192
2 0.030396890670515403 0.29401103174358656 0.060793781341030806 0.04114706348717308
0 0.30102162773839164 0.20289373735195274 0.08144387978345566 0.11998245850815119
2 0.3165496878466638 0.261227378223746 0.06340928213245363 0.035985966806520955
0 0.585720888163233 0.15948023715146004 0.07974498746358769 0.11517655933798814
2 0.5996409841648823 0.2192579788530903 0.05904003087881229 0.04656826929603193
1 0.40212685735092757 0.6568493767738535 0.650586336368231 0.23014885727732892
1 0.6756126124999999 0.4253463203125 0.0254507171875 0.5084928234375 0.03244119375 0.5311441265625 0.6776298781250001 0.44759892656250005 0.6756126124999999 0.4253463203125