3 0.0775645875 0.1135610796875 0.0768230875 0.14068895625 0.688754478125 0.1806970140625 0.6894168078125 0.1548094796875 0.0775645875 0.1135610796875
0 0.080047978125 0.1731365171875 0.0821211890625 0.2713034640625 0.1397381171875 0.270126740625 0.138413571875 0.17128333125 0.080047978125 0.1731365171875
2 0.0750811953125 0.1378325546875 0.07748535937499999 0.1701066421875 0.1404003703125 0.1724600875 0.138413571875 0.1442190578125 0.0750811953125 0.1378325546875
0 0.36191291875 0.187478753125 0.364907725 0.278363734375 0.42053779843749994 0.28660062656249996 0.4231868875 0.1901106953125 0.36191291875 0.187478753125
2 0.3643963109375 0.15989753125 0.36292088906250003 0.1854038203125 0.42583589999999993 0.1901106953125 0.425173646875 0.159516253125 0.3643963109375 0.15989753125
0 0.6326025984375 0.20182098750000002 0.6271640125 0.2924841734375 0.6781582734375 0.2924841734375 0.6854432109374999 0.20305442812500002 0.6326025984375 0.20182098750000002
2 0.6326025984375 0.1731365171875 0.6317998609375 0.20305442812500002 0.664250878125 0.206584546875 0.664250878125 0.1854038203125 0.6326025984375 0.1731365171875
3 0.080047978125 0.29339064375 0.0801344109375 0.320725153125 0.672860171875 0.3371991046875 0.672860171875 0.316018328125 0.080047978125 0.29339064375
1 0.085635609375 0.26470617343749997 0.084770259375 0.2877773484375 0.6788205265625 0.3171950171875 0.6788205265625 0.2960143421875 0.085635609375 0.26470617343749997
0 0.0821211890625 0.3360223484375 0.0854325125 0.43015893437499997 0.1410626609375 0.43133565625000003 0.1404003703125 0.338375759375 0.0821211890625 0.3360223484375
2 0.08253137031249999 0.313249121875 0.0821211890625 0.334845625 0.1410626609375 0.3419058953125 0.1397381171875 0.3171950171875 0.08253137031249999 0.313249121875
0 0.36563800625 0.349656334375 0.364245434375 0.44192599374999997 0.41722653281250005 0.437219203125 0.4198755453125 0.35131954374999996 0.36563800625 0.349656334375
2 0.36750055000000004 0.3297978546875 0.36755673906249997 0.3501428203125 0.4178887859375 0.3477894078125 0.4178887859375 0.3277853890625 0.36750055000000004 0.3297978546875
0 0.6232898796875 0.3551725796875 0.6185545671875 0.437219203125 0.6635884734374999 0.4395725828125 0.671535665625 0.35131954374999996 0.6232898796875 0.3551725796875
2 0.6258395046875 0.3360223484375 0.6258395046875 0.3524962328125 0.6708734875 0.35602636875 0.671535665625 0.334845625 0.6258395046875 0.3360223484375
3 0.07749236875 0.45246502812499995 0.0780507328125 0.4759869765625 0.65745065 0.4806368015625 0.65902075625 0.46110746406249997 0.07749236875 0.45246502812499995
1 0.08439391406249999 0.4335032484375 0.0854325125 0.450162953125 0.6635884734374999 0.4583999125 0.6635884734374999 0.4348657578125 0.08439391406249999 0.4335032484375
0 0.07847369843749999 0.4960607078125 0.08537829062499999 0.5913031015625 0.13981149375 0.5913031015625 0.1356243265625 0.5010961218750001 0.07847369843749999 0.4960607078125
2 0.0760203734375 0.477750521875 0.0770039421875 0.49737625156250004 0.1356243265625 0.5010961218750001 0.1366711328125 0.4778469125 0.0760203734375 0.477750521875
0 0.36305945781250004 0.50565175625 0.36068481406249997 0.589443165625 0.41093087968750003 0.5875832296875 0.41250104375 0.5029560578125001 0.36305945781250004 0.50565175625
2 0.3635501234375 0.47949434843749994 0.3627783671875 0.5038860390625 0.4145945984375 0.502026103125 0.415641434375 0.4843566734375 0.3635501234375 0.47949434843749994
0 0.6079013453125001 0.5039079296875 0.6051109718750001 0.5838633843750001 0.651169809375 0.582003421875 0.6537868125 0.5038860390625 0.6079013453125001 0.5039079296875
2 0.6079013453125001 0.4847258296875 0.6082513015625 0.5029560578125001 0.6543102000000001 0.502026103125 0.6543102000000001 0.4787768671875 0.6079013453125001 0.4847258296875
3 0.07062305625000001 0.6163847828125 0.07176996718749999 0.63844990625 0.6391317562500001 0.6189205671875 0.6380849203125 0.59753131875 0.07062305625000001 0.6163847828125
1 0.084331484375 0.5885132109375 0.087471859375 0.6089725046875001 0.6464592546875 0.59874284375 0.650646421875 0.57921353125 0.084331484375 0.5885132109375
0 0.0755297078125 0.66434003125 0.078574121875 0.747256375 0.1340541609375 0.7444663515625 0.129343575 0.6626291234374999 0.0755297078125 0.66434003125
2 0.0725857171875 0.6381826234375 0.0722933859375 0.6644890328125 0.1298669640625 0.6644890328125 0.129343575 0.6347300609375 0.0725857171875 0.6381826234375
0 0.3453955140625 0.6486455859375 0.347076475 0.728656884375 0.3952289875 0.7267969484375 0.395752375 0.6440297671875 0.3453955140625 0.6486455859375
2 0.3453955140625 0.6277196609375 0.3455063109375 0.6505395015625 0.395752375 0.6486795921875 0.396799153125 0.6310101625 0.3453955140625 0.6277196609375
0 0.587784075 0.64428601875 0.5867921375 0.7174972703125 0.6307573625 0.7174972703125 0.637561471875 0.6412398234375 0.587784075 0.64428601875
2 0.5887654062500001 0.6233600921875 0.5899324078125 0.643099759375 0.6380849203125 0.64495969375 0.6391317562500001 0.616130703125 0.5887654062500001 0.6233600921875
1 0.07994569375 0.7428122546875 0.0806677203125 0.7630657625 0.6291871375 0.7379566703125 0.6297105265625 0.7202871609375 0.07994569375 0.7428122546875