2 0.0213671109375 0.12802520625 0.02190976875 0.1553451828125 0.742793490625 0.19527446875 0.7406023875 0.168979575 0.0213671109375 0.12802520625
0 0.0206822671875 0.15236460000000002 0.020814196875 0.252733703125 0.14899566250000001 0.2595509078125 0.14899566250000001 0.15826686875 0.0206822671875 0.15236460000000002
3 0.0245464484375 0.10356962343750001 0.024658501562499997 0.1304795515625 0.0772327046875 0.132961059375 0.076302184375 0.11062759687499998 0.0245464484375 0.10356962343750001
3 0.077478384375 0.109771396875 0.0772327046875 0.133788228125 0.1335289890625 0.137096890625 0.134459490625 0.11310907343750001 0.077478384375 0.109771396875
3 0.14437039375 0.11183865625 0.1446951984375 0.13461538281250002 0.20797034218750002 0.141232721875 0.20843559374999998 0.11228190468749999 0.14437039375 0.11183865625
3 0.2281308203125 0.115973171875 0.22844172187499998 0.141232721875 0.2847379875 0.14371424531250002 0.2847379875 0.1180720578125 0.2281308203125 0.115973171875
3 0.302002865625 0.1201076875 0.302333078125 0.14599187656249998 0.359559846875 0.1501277078125 0.3600250984375 0.12448556718749999 0.302002865625 0.1201076875
0 0.351461771875 0.1718361125 0.35112796875 0.27318531875 0.4409645109375 0.2761069671875 0.4409645109375 0.178718428125 0.351461771875 0.1718361125
3 0.3741299 0.12527583281250002 0.3753786421875 0.1509549078125 0.42748757499999995 0.1583993703125 0.42841811406249997 0.133584384375 0.3741299 0.12527583281250002
3 0.449746953125 0.1325112359375 0.4498199953125 0.1583993703125 0.5042552203125 0.16336240156249998 0.505185759375 0.138547415625 0.449746953125 0.1325112359375
3 0.5137306125000001 0.1376793796875 0.513560390625 0.16088087812500002 0.5679956515625 0.165016709375 0.5670651125 0.140201721875 0.5137306125000001 0.1376793796875
3 0.5777142734375 0.1397466375 0.5763702828125 0.1641895390625 0.629875040625 0.1658438625 0.63080554375 0.14433755312500002 0.5777142734375 0.1397466375
0 0.6288234687500001 0.1888736875 0.6283516875 0.2821964609375 0.7390040390625 0.28317033125 0.7400995906250001 0.1906512375 0.6288234687500001 0.1888736875
3 0.6411162640625 0.1418138953125 0.639180209375 0.1658438625 0.6926849328125 0.1683253703125 0.6926849328125 0.146819078125 0.6411162640625 0.1418138953125
3 0.6946298703125 0.1449147828125 0.6940807234374999 0.16667103125 0.7415370718750001 0.1724612015625 0.741071784375 0.1509549078125 0.6946298703125 0.1449147828125
2 0.0214044078125 0.3023283296875 0.0214044078125 0.32516864375 0.739616425 0.361060603125 0.74267525 0.329519178125 0.0214044078125 0.3023283296875
1 0.019997423437500002 0.252156109375 0.0191708484375 0.2722114109375 0.09695616093750001 0.2800025234375 0.09695616093750001 0.2585770375 0.019997423437500002 0.252156109375
1 0.0980696046875 0.2570239875 0.0980517328125 0.27902861562500003 0.6732249375 0.3053235296875 0.6726772046875 0.2800025234375 0.0980696046875 0.2570239875
1 0.6733383093749999 0.2813633796875 0.673817734375 0.3045958171875 0.7390040390625 0.3104391515625 0.73845630625 0.2860920171875 0.6733383093749999 0.2813633796875
0 0.020803446875 0.323740275 0.0226279203125 0.42849394687500003 0.151098578125 0.43284450156250004 0.152322090625 0.3316944984375 0.020803446875 0.323740275
3 0.02006156875 0.2737197953125 0.0207356984375 0.30626407968749997 0.071843040625 0.30724109374999997 0.0723925734375 0.2789078078125 0.02006156875 0.2737197953125
3 0.07090256406249999 0.27982416250000003 0.0712935078125 0.3043100546875 0.1225936234375 0.3068560515625 0.12289875937500001 0.282986115625 0.07090256406249999 0.27982416250000003
3 0.1229158078125 0.28146723906250004 0.1219833515625 0.3063135515625 0.168364725 0.30902604375 0.168364725 0.2846136078125 0.1229158078125 0.28146723906250004
3 0.177087271875 0.28485677656249997 0.1759932421875 0.3079410421875 0.22573118281250001 0.310111034375 0.2251208875 0.28569860937499997 0.177087271875 0.28485677656249997
3 0.23671624218749998 0.2867836203125 0.23610594843750002 0.31228103749999997 0.2849284796875 0.31499353124999996 0.2849284796875 0.29003859374999996 0.23671624218749998 0.2867836203125
3 0.29534891874999997 0.2889242234375 0.2947274125 0.31336602812500003 0.343244796875 0.3187910140625 0.3438550703125 0.2938360875 0.29534891874999997 0.2889242234375
0 0.3534197578125 0.3420530484375 0.3537399 0.4395540859375 0.4432429375 0.44223594843749997 0.44424861250000003 0.347476590625 0.3534197578125 0.3420530484375
3 0.3529537859375 0.29366957656250003 0.351788721875 0.3171635234375 0.39847525625 0.32150350781250003 0.399085528125 0.298176071875 0.3529537859375 0.29366957656250003
3 0.3998769546875 0.29705911406249996 0.399085528125 0.322588509375 0.44424635781250005 0.324758521875 0.44546692656250003 0.2987185734375 0.3998769546875 0.29705911406249996
3 0.45748182187499997 0.2997707453125 0.456693434375 0.323131009375 0.5009388343750001 0.32692849375 0.5009388343750001 0.29980356406249997 0.45748182187499997 0.2997707453125
3 0.5082198828125 0.2997707453125 0.5067365109375 0.3263859921875 0.5525076140625 0.3280134953125 0.55372818125 0.30251605625 0.5082198828125 0.2997707453125
3 0.5601024109375 0.3051940046875 0.5592207 0.3290984859375 0.604686665625 0.3296409859375 0.604686665625 0.3036010578125 0.5601024109375 0.3051940046875
3 0.6131294078125 0.303838190625 0.6123151828125 0.3296409859375 0.6553400375 0.3318109890625 0.655950309375 0.30522855 0.6131294078125 0.303838190625
0 0.6268351515624999 0.3588381859375 0.62618463125 0.44429682656249997 0.742124878125 0.44631767812499995 0.7415565078124999 0.358410978125 0.6268351515624999 0.3588381859375
3 0.6554747078125 0.3058719125 0.6552943359375 0.3301835078125 0.6986243046875 0.3301835078125 0.698929440625 0.30414355937500004 0.6554747078125 0.3058719125
3 0.698582984375 0.3051940046875 0.6986243046875 0.33072598750000004 0.7425645671875001 0.3318109890625 0.7425645671875001 0.3068560515625 0.698582984375 0.3051940046875
2 0.024476262500000002 0.4734961421875 0.0243305109375 0.5029817750000001 0.73903035625 0.5168252703125 0.7373617796875 0.4881494125 0.024476262500000002 0.4734961421875
0 0.0251716109375 0.496973246875 0.027807254687499998 0.5986131234375 0.15350544531250002 0.5986131234375 0.15406162343750002 0.50170840625 0.0251716109375 0.496973246875
3 0.0245554921875 0.4494896375 0.02508116875 0.4720630640625 0.08632773125 0.47581782187500005 0.0868557109375 0.4532892609375 0.0245554921875 0.4494896375
1 0.024253771875 0.42984892812500003 0.022316884375000002 0.45023000468749996 0.0994022125 0.452514134375 0.0994022125 0.42967293125 0.024253771875 0.42984892812500003
1 0.10135190000000001 0.42842180625 0.10132934062500001 0.45479821875 0.6717607953125 0.47078707968750005 0.6717607953125 0.44566174687500004 0.10135190000000001 0.42842180625
0 0.6238668640625 0.515507803125 0.6234831093750001 0.6005908171875001 0.735832878125 0.6045460734375 0.7363890125 0.511596646875 0.6238668640625 0.515507803125
3 0.681798259375 0.4690419125 0.680113 0.4908319203125 0.731068846875 0.49154525 0.7318712890625 0.4687187671875 0.681798259375 0.4690419125
1 0.671556803125 0.44554726093749997 0.671118378125 0.46736090781249995 0.739852875 0.46736090781249995 0.7385680406249999 0.4433776171875 0.671556803125 0.44554726093749997
3 0.0879245328125 0.45300860624999995 0.0881693234375 0.47698782656249994 0.1430800703125 0.4779265203125 0.14255204999999999 0.454459265625 0.0879245328125 0.45300860624999995
3 0.15327385625 0.4553545859375 0.152583825 0.47980392656250004 0.20855051093750002 0.482619971875 0.20749455156250002 0.4563366703125 0.15327385625 0.4553545859375
3 0.22522412187500002 0.457700565625 0.22544614062499999 0.4779265203125 0.280884846875 0.483558646875 0.279828846875 0.46103012187500003 0.22522412187500002 0.457700565625
3 0.292553728125 0.46004654375 0.29355655937499997 0.482619971875 0.3474112859375 0.485436034375 0.348995265625 0.46384616718749994 0.292553728125 0.46004654375
0 0.3526808609375 0.5093296171875 0.353732634375 0.6015796078125 0.441610096875 0.6055349375 0.44216627500000005 0.511596646875 0.3526808609375 0.5093296171875
3 0.3678044640625 0.46356551250000005 0.3680028140625 0.483558646875 0.41868962187500003 0.487313421875 0.42080158125 0.467600925 0.3678044640625 0.46356551250000005
3 0.4437152953125 0.46239252343750004 0.44350506718749994 0.48919082812500003 0.49419183593750005 0.48825209843749995 0.49471985625 0.46384616718749994 0.4437152953125 0.46239252343750004
3 0.508404525 0.464738503125 0.5079195484375 0.4910681796875 0.55491041875 0.49200687343749994 0.55491041875 0.467600925 0.508404525 0.464738503125
3 0.5684327437500001 0.46993328749999996 0.5673681203125 0.49154525 0.6183239671874999 0.49154525 0.6179227765624999 0.46800546406250004 0.5684327437500001 0.46993328749999996
3 0.6261187359375 0.46993328749999996 0.6255460703125 0.490118590625 0.6777056124999999 0.49154525 0.6769031703125 0.47014542812500004 0.6261187359375 0.46993328749999996
2 0.0284525609375 0.63723088125 0.026778653125000003 0.6630227421875 0.7365174234375 0.6729427015625 0.7365174234375 0.6501268015624999 0.0284525609375 0.63723088125
0 0.027345092187499996 0.6758302796875 0.030126468750000003 0.775118278125 0.1517641 0.774126296875 0.1506481328125 0.6719507203124999 0.027345092187499996 0.6758302796875
3 0.030039051562500002 0.62300823125 0.0289196109375 0.6431102281250001 0.090100140625 0.645087884375 0.08954396249999999 0.6233337453125001 0.030039051562500002 0.62300823125
1 0.0237809140625 0.595824215625 0.024470121875 0.619378434375 0.0995553171875 0.6233337453125001 0.1001115171875 0.597624315625 0.0237809140625 0.595824215625
1 0.099573925 0.597059853125 0.101223871875 0.621356090625 0.6746523484375 0.6282778671875 0.67353990625 0.5996019515625 0.099573925 0.597059853125
0 0.625868040625 0.6696322765625 0.62492328125 0.7602383390624999 0.7370753437500001 0.756270378125 0.7370753437500001 0.668974703125 0.625868040625 0.6696322765625
3 0.685448225 0.6251300171875 0.68419625625 0.6507981109375 0.7371614531249999 0.655369228125 0.7366472734375 0.6261141234375 0.685448225 0.6251300171875
1 0.673236625 0.6007667640625 0.6740961265625 0.6243225546875 0.735832878125 0.6263002109375 0.7363890125 0.6015796078125 0.673236625 0.6007667640625
3 0.09331578593749999 0.6193013203125 0.0923248953125 0.6411325734375 0.146275003125 0.64607669375 0.14683118125 0.62234491875 0.09331578593749999 0.6193013203125
3 0.154506475 0.6193013203125 0.15406162343750002 0.6500320046875 0.214685975 0.6480543484375 0.21301739843749998 0.6233337453125001 0.154506475 0.6193013203125
3 0.2330808796875 0.62300823125 0.23248393125 0.64607669375 0.2881025953125 0.6480543484375 0.28921494999999997 0.6253114015625 0.2330808796875 0.62300823125
3 0.30400645000000004 0.62177259375 0.3020072609375 0.6440990375 0.354844990625 0.645087884375 0.355957346875 0.6253114015625 0.30400645000000004 0.62177259375
0 0.34823152031250004 0.6646738734375 0.3476118125 0.7622223390625 0.43800305 0.7592463578124999 0.43967697968749997 0.665006740625 0.34823152031250004 0.6646738734375
3 0.3700645796875 0.62424386875 0.36874965625 0.6440990375 0.4238121421875 0.6470655015625 0.42436832031250005 0.6233337453125001 0.3700645796875 0.62424386875
3 0.43751340625 0.62424386875 0.4371606296875 0.6440990375 0.48944218125 0.6490431578125 0.48999831718750003 0.6253114015625 0.43751340625 0.62424386875
3 0.503571534375 0.62424386875 0.5039029828125 0.6480543484375 0.554516 0.6510208140625 0.5550722218749999 0.6272890203125 0.503571534375 0.62424386875
3 0.5722997624999999 0.626272434375 0.572095015625 0.645312784375 0.6224891593749999 0.652626565625 0.624031775 0.6270283156249999 0.5722997624999999 0.626272434375
3 0.6346599953125 0.62741485 0.6327736765624999 0.6498839015625 0.685738871875 0.6498839015625 0.686253128125 0.6270283156249999 0.6346599953125 0.62741485
0 0.0322281453125 0.8394575671875 0.0334743046875 0.9348296515625 0.1573438078125 0.9298696718749999 0.1567858453125 0.8356300546875 0.0322281453125 0.8394575671875
0 0.3538121546875 0.8270615609374999 0.35430744375 0.9219336734375 0.4430247953125 0.9179657125 0.4435827578125 0.8227341156250001 0.3538121546875 0.8270615609374999
0 0.62447288125 0.8208635578125 0.6238073578125001 0.907053734375 0.732053640625 0.907053734375 0.733169565625 0.818766115625 0.62447288125 0.8208635578125
2 0.031236329687499998 0.8144110453125 0.031234909374999998 0.8398415437500001 0.7305018343749999 0.8177238250000001 0.7305018343749999 0.797449221875 0.031236329687499998 0.8144110453125
1 0.031530567187500004 0.7737587328125 0.031800376562499996 0.7959502171875 0.10377862812500001 0.7939662171874999 0.10377862812500001 0.7731342796875 0.031530567187500004 0.7737587328125
1 0.1026836453125 0.7737587328125 0.1032206234375 0.7919822171875001 0.6740247218750001 0.7800782578125001 0.6734667171875001 0.7572623578125001 0.1026836453125 0.7737587328125
1 0.6740010046875 0.7576439234375 0.6734667171875001 0.7800782578125001 0.73595941875 0.778094259375 0.7370753437500001 0.756270378125 0.6740010046875 0.7576439234375
3 0.0322281453125 0.7973111453125 0.0312424140625 0.8147981171875 0.07922788750000001 0.8157901359374999 0.07978587031249999 0.796942196875 0.0322281453125 0.7973111453125
3 0.0792382375 0.796953375 0.079115009375 0.816804384375 0.128645021875 0.8151737125 0.128645021875 0.7931593 0.0792382375 0.796953375
3 0.1291204921875 0.7918590671875 0.1295622484375 0.8127276421875 0.1749647515625 0.8135430093749999 0.1763405984375 0.7923439328125 0.1291204921875 0.7918590671875
3 0.180722825 0.7938967906250001 0.181385315625 0.8102816031250001 0.22770504531250002 0.8110969703125 0.22724644062500002 0.791528596875 0.180722825 0.7938967906250001
3 0.23805874999999999 0.7918590671875 0.23825311875000002 0.8094662671874999 0.28457284843749997 0.8094662671874999 0.2850314515625 0.7907132609375 0.23805874999999999 0.7918590671875
3 0.295968034375 0.7857459 0.2951209203125 0.8078355640625 0.3409820453125 0.807020228125 0.3409820453125 0.7890825578125 0.295968034375 0.7857459
3 0.3533039578125 0.7898213453125 0.3537327515625 0.8053882281250001 0.3991352734375 0.8053882281250001 0.3995938765625 0.7850045203125 0.3533039578125 0.7898213453125
3 0.39917269843750003 0.782689315625 0.39867666874999996 0.803757525 0.44407918906250005 0.8045728625 0.4431619453125 0.7833738171875 0.39917269843750003 0.782689315625
3 0.4524951078125 0.781670453125 0.4523341703125 0.8013114874999999 0.49452642812500003 0.8013114874999999 0.49452642812500003 0.7809277781249999 0.4524951078125 0.781670453125
3 0.506390878125 0.782689315625 0.505991709375 0.79805008125 0.5504769859375 0.8013114874999999 0.5504769859375 0.7825584796875 0.506390878125 0.782689315625
3 0.5597132874999999 0.781670453125 0.5591906078125 0.7972347453124999 0.6004656546875 0.799680784375 0.602300071875 0.7809277781249999 0.5597132874999999 0.781670453125
3 0.6113156203125001 0.7847270375 0.6114722968749999 0.8021268234375001 0.6532059484375 0.8021268234375001 0.6541231578125 0.7833738171875 0.6113156203125001 0.7847270375
3 0.6537442046875 0.781670453125 0.65366451875 0.79805008125 0.69493953125 0.8021268234375001 0.6958567390625 0.7817431140625 0.6537442046875 0.781670453125
3 0.6950260703125 0.782689315625 0.69493953125 0.8021268234375001 0.73621454375 0.802942190625 0.7366731828125 0.7784817390625001 0.6950260703125 0.782689315625
1 0.0331805 0.935328975 0.0325241375 0.9529473671875 0.1071679046875 0.9538689249999999 0.10768625624999999 0.9317512062500001 0.0331805 0.935328975
1 0.10900315468749999 0.930722578125 0.1087229984375 0.9492610625 0.6701062421875 0.9308296125 0.6680328375 0.9059471468750001 0.10900315468749999 0.930722578125
1 0.6682762390625 0.9065389921874999 0.6684511765625001 0.9273718843750001 0.7270258078125 0.9282934781250001 0.7265074171875 0.9070972812500001 0.6682762390625 0.9065389921874999