3 0.334832 0.1683687765625 0.335193375 0.19420700625 0.9480569859375001 0.229157978125 0.9476308234375 0.20207597187499998 0.334832 0.1683687765625
0 0.886063296875 0.2520741375 0.8835867203125 0.350258534375 0.9412338531250001 0.358468221875 0.9444517890625 0.261048346875 0.886063296875 0.2520741375
2 0.8863784578124999 0.22514600156250003 0.8840612812499999 0.253002253125 0.9470516437500001 0.25834678125 0.9498334703125 0.226528746875 0.8863784578124999 0.22514600156250003
0 0.6008537234375 0.2360169140625 0.6023812140625 0.33234511875 0.6581495984375 0.3309458140625 0.6622050359375 0.2408838640625 0.6008537234375 0.2360169140625
2 0.5992217203125 0.20533364999999998 0.59820269375 0.23569329374999998 0.661220459375 0.23869622812500002 0.6600409328125 0.213137990625 0.5992217203125 0.20533364999999998
0 0.338246815625 0.2168564875 0.344495903125 0.306726365625 0.395529025 0.312956178125 0.391142059375 0.2220846265625 0.338246815625 0.2168564875
2 0.3596608390625 0.201883665625 0.359414190625 0.22295785 0.391931046875 0.2234099296875 0.39147608906250003 0.19354444375 0.3596608390625 0.201883665625
3 0.34952398906250004 0.3307893921875 0.349277340625 0.35186362656250003 0.9426466328125 0.40788403281249996 0.9430514390625 0.380697578125 0.34952398906250004 0.3307893921875
1 0.3437920359375 0.310157871875 0.3435453890625 0.331232003125 0.938390925 0.3745356109375 0.9377935781250001 0.351474771875 0.3437920359375 0.310157871875
0 0.8821292078124999 0.41808334374999995 0.8803839015625 0.5104947296875 0.9360701453125 0.5161200906250001 0.94048020625 0.4228615609375 0.8821292078124999 0.41808334374999995
2 0.8830386125 0.39709004999999997 0.8814253031250001 0.4215148125 0.9404939078125001 0.42169075625 0.9403349046875 0.40015277656250003 0.8830386125 0.39709004999999997
0 0.6022903265624999 0.39681939375 0.6039410609375 0.48261058593749995 0.656907725 0.49376623906250006 0.6565885640625 0.40179058593750006 0.6022903265624999 0.39681939375
2 0.6045526515625 0.3736463359375 0.60431970625 0.3935497328125 0.6546627046875 0.40204021718750005 0.6549558515625 0.38180445625 0.6045526515625 0.3736463359375
0 0.350438425 0.3660748484375 0.3573639734375 0.4548548453125 0.40245960312499995 0.4580149578125 0.39867610781249996 0.37580254375 0.350438425 0.3660748484375
2 0.3506302609375 0.3496837953125 0.351046296875 0.3708388921875 0.39615570624999996 0.37282817968750004 0.39634754375000003 0.3564371609375 0.3506302609375 0.3496837953125
3 0.3616844 0.4768394265625 0.363028284375 0.49646234375000003 0.9429238874999999 0.562619421875 0.9437565875 0.5392840046875 0.3616844 0.4768394265625
1 0.3574187828125 0.4501716953125 0.35714473125 0.4735874703125 0.9358371999999999 0.5360234875 0.9370705906250001 0.519574465625 0.3574187828125 0.4501716953125
0 0.8850140234375001 0.5805686734375 0.8797732140625 0.669810365625 0.9342478984374999 0.6764603015625 0.9422668421875 0.58254050625 0.8850140234375001 0.5805686734375
2 0.88423715625 0.5573085265625 0.8850140234375001 0.5805686734375 0.9437224000000001 0.5840289875 0.9449352578125 0.5646221390624999 0.88423715625 0.5573085265625
0 0.6079046515625001 0.5485940734375 0.608490534375 0.6329873796875 0.6587532328125 0.6409763671875 0.6573525234375001 0.5573163390625 0.6079046515625001 0.5485940734375
2 0.60497845625 0.5297045953125 0.60582033125 0.547413034375 0.6576543906250001 0.55559384375 0.657166084375 0.5312305640625 0.60497845625 0.5297045953125
0 0.366424178125 0.5200422328125 0.3681335046875 0.598086384375 0.414205784375 0.605563859375 0.412344359375 0.5256697015625 0.366424178125 0.5200422328125
2 0.3661927859375 0.49499542500000004 0.3659220515625 0.5181277140625 0.4120052203125 0.524679865625 0.4125677328125 0.506584090625 0.3661927859375 0.49499542500000004
3 0.38104754375 0.615134715625 0.379750834375 0.636288484375 0.9473175703125 0.7250324390625 0.948722303125 0.703218421875 0.38104754375 0.615134715625
1 0.3686897796875 0.59537446875 0.37265272031249996 0.6153170796875 0.931946975 0.6937850609375 0.935327990625 0.67381233125 0.3686897796875 0.59537446875
0 0.8894185234374999 0.742056440625 0.8837513593749999 0.8229065359375 0.9392411890625001 0.832460353125 0.9432534765625 0.7503330171875 0.8894185234374999 0.742056440625
2 0.88974340625 0.7142977140625 0.8888730765625 0.743843053125 0.9464905296874999 0.750876640625 0.9465043109375 0.72466684375 0.88974340625 0.7142977140625
0 0.6230232921875001 0.69100429375 0.6225832609374999 0.7734190843750001 0.670750809375 0.7811523109375 0.6733647765625 0.7017488375000001 0.6230232921875001 0.69100429375
2 0.622127328125 0.6779222984375 0.6229691453124999 0.6956307296875 0.6732318421875 0.7036196921875 0.6736084578125 0.6809281734375 0.622127328125 0.6779222984375
0 0.381062409375 0.6586873078125 0.3869836921875 0.7353924046875 0.430982421875 0.740763503125 0.4308422671875 0.66779933125 0.381062409375 0.6586873078125
2 0.3797833234375 0.633512653125 0.3804952453125 0.66232451875 0.4287061109375 0.666356584375 0.43010386875 0.64685878125 0.3797833234375 0.633512653125
1 0.3879988390625 0.7382961515625001 0.388316865625 0.7559407218749999 0.9369618953125001 0.847934446875 0.9379203234375 0.827871025 0.3879988390625 0.7382961515625001