3 0.8366927734375 0.25885499375 0.340229184375 0.01981609375 0.27781626875 0.0161809546875 0.8261830781249999 0.2821711328125 0.8366927734375 0.25885499375
0 0.21442699062499998 0.0187123234375 0.1911446140625 0.12022211406250001 0.24130137812500002 0.1402465109375 0.27005793906250003 0.04368389375 0.21442699062499998 0.0187123234375
2 0.268026225 0.044125584375 0.2776216234375 0.01616961875 0.21939742187500003 0.012778445312500001 0.21734011875 0.0183399125 0.268026225 0.044125584375
0 0.494461971875 0.1442693078125 0.46039213749999996 0.243237846875 0.5093905984375 0.2684625734375 0.5439575125 0.18053385625 0.494461971875 0.1442693078125
2 0.504628365625 0.1216600484375 0.4943038859375 0.1517401734375 0.5458966171874999 0.17671016875 0.5547187578125 0.15283313125 0.504628365625 0.1216600484375
3 0.18560618906249998 0.142853584375 0.1802107609375 0.16599588125 0.7495565203125001 0.43164866718750006 0.7609727562499999 0.4077522046875 0.18560618906249998 0.142853584375
1 0.19238465625 0.11716604374999999 0.18551246875 0.1384571921875 0.75856560625 0.411615496875 0.7696377953125 0.3884864078125 0.19238465625 0.11716604374999999
0 0.7668006609375 0.2780701359375 0.7284218984375 0.362497571875 0.7703260828125 0.3864810984375 0.8121131343749999 0.29760124375 0.7668006609375 0.2780701359375
2 0.781241615625 0.25531096249999996 0.7713008109375 0.27956608125 0.81008145 0.2980429578125 0.8181820890625 0.281745546875 0.781241615625 0.25531096249999996
0 0.17339004687499998 0.19161350625 0.1502208234375 0.283025453125 0.19865015156250002 0.3058084859375 0.22462309375 0.2160899578125 0.17339004687499998 0.19161350625
2 0.18078971562499999 0.16273892343750002 0.1711986921875 0.190691540625 0.2231805859375 0.2156104390625 0.23123093125 0.1905951078125 0.18078971562499999 0.16273892343750002
0 0.4372283296875 0.316920178125 0.40845026406249996 0.3984675515625 0.4548486953125 0.42248530781250004 0.4846684203125 0.3340455046875 0.4372283296875 0.316920178125
2 0.44550278906249996 0.2928127359375 0.436985734375 0.3153301296875 0.48725931562499997 0.3358616375 0.4948796046875 0.318342340625 0.44550278906249996 0.2928127359375
1 0.15181677031250002 0.2793405265625 0.1467922140625 0.30862225468750004 0.6911683828124999 0.54401248125 0.699456225 0.5276699578125 0.15181677031250002 0.2793405265625
0 0.6915797828125 0.42743474062500003 0.6536178109375 0.506703009375 0.7000161984375 0.5307207234375 0.743005371875 0.447613615625 0.6915797828125 0.42743474062500003
2 0.7032656015625001 0.40575692500000005 0.6940668859375 0.429435675 0.739905290625 0.45040264687500003 0.7491831437500001 0.429614821875 0.7032656015625001 0.40575692500000005
3 0.11345993593749999 0.43937667031250005 0.10830339375 0.4597777703125 0.617685528125 0.6816254609375 0.62474586875 0.661055325 0.11345993593749999 0.43937667031250005
0 0.1047285359375 0.4794470421875 0.0870313609375 0.5529686796875 0.12827640468749998 0.5685891843750001 0.14876745156249999 0.493281290625 0.1047285359375 0.4794470421875
2 0.11117314375000001 0.4592076609375 0.10600073437499999 0.47429033125000003 0.14662904999999998 0.49638997968750004 0.15406269687500002 0.47785371874999993 0.11117314375000001 0.4592076609375
0 0.33729466406249997 0.57734809375 0.3126201890625 0.648011684375 0.35594686875 0.6700533515625 0.3825813921875 0.5986974625 0.33729466406249997 0.57734809375
2 0.3464439140625 0.55800779375 0.3379988265625 0.5771931203125 0.3833564109375 0.5980002046874999 0.3897208515625 0.5810183015625 0.3464439140625 0.55800779375
3 0.075687721875 0.546998946875 0.06958907187499999 0.5678887125000001 0.5457078625 0.7930021453125 0.5531415546875 0.7744659281249999 0.075687721875 0.546998946875
1 0.0945048609375 0.5575178843749999 0.092450553125 0.5652738546875 0.567692765625 0.7757727156249999 0.57672735 0.7634979046875 0.0945048609375 0.5575178843749999
0 0.566402809375 0.67947125 0.5377281593750001 0.7428947328125 0.5782773359375 0.762103371875 0.6089960609375 0.7006990421875 0.566402809375 0.67947125
2 0.5752494875 0.665401975 0.570370228125 0.6821297609375 0.6104385703124999 0.7011785609375 0.620304746875 0.6786766625 0.5752494875 0.665401975
0 0.0647888265625 0.58703145 0.049923834375 0.6501552796875 0.09068803125 0.6656158859375 0.109063078125 0.6058375500000001 0.0647888265625 0.58703145
2 0.07185916718749999 0.56789534375 0.06455965 0.587224134375 0.1087689015625 0.606694621875 0.113396615625 0.5900903125 0.07185916718749999 0.56789534375
1 0.05224335625 0.6455298468749999 0.045431978125 0.660120621875 0.498628575 0.8833434703125 0.5086814937499999 0.8618584296874999 0.05224335625 0.6455298468749999
0 0.284615771875 0.6890218078125 0.266642459375 0.74606904375 0.3052682015625 0.7646384015625001 0.32751837031250003 0.7013738078125 0.284615771875 0.6890218078125
2 0.28546606093750004 0.6639702875 0.27847236249999996 0.68506988125 0.3104738171875 0.6995274046875 0.3155823828125 0.683082803125 0.28546606093750004 0.6639702875
0 0.493025603125 0.789369353125 0.46773060937500005 0.8453809 0.5056605578125 0.8675383625 0.5365658890625 0.807150928125 0.493025603125 0.789369353125
2 0.5040520484375001 0.7733388734375 0.49639007187499995 0.7899761828125 0.5375276718750001 0.8074706453125 0.5445595125 0.7916656 0.5040520484375001 0.7733388734375