3 0.3015252 0.9316090890625001 0.302421878125 0.9535749453125 0.8998479328125001 0.9856964578125 0.899314790625 0.95766693125 0.3015252 0.9316090890625001
3 0.298648584375 0.759826721875 0.29967335781250004 0.784930484375 0.8923246406249999 0.8013991515625 0.8907917359375 0.7778250203125 0.298648584375 0.759826721875
3 0.30071246406249996 0.607761428125 0.3002595234375 0.6256117984375 0.8883358578125 0.6313082859375 0.8883797796874999 0.6029535140625 0.30071246406249996 0.607761428125
3 0.2847487921875 0.4482730734375 0.2858589640625 0.4754688265625 0.8608731203125 0.4652024734375 0.85961135625 0.4337248546875 0.2847487921875 0.4482730734375
3 0.2876993203125 0.30345384375 0.2887240953125 0.328557646875 0.8617673328125001 0.29838809374999997 0.8614173671875 0.275342015625 0.2876993203125 0.30345384375
0 0.8690869409376132 0.8789109054960088 0.07399630937615384 0.10937930810555194
2 0.8697191941768156 0.9424104793173264 0.06314035009228505 0.03721320967712849
0 0.5891491170634898 0.8697905008240603 0.06764617982650449 0.10752570967712849
2 0.591544129401991 0.9302378492524838 0.06021560919158375 0.040192660462916766
1 0.300303725 0.7859006578125001 0.30006428125 0.808981003125 0.8949722796874999 0.830069078125 0.8928228593749999 0.7986347312500001 0.300303725 0.7859006578125001
0 0.32289306138796386 0.8550386803125116 0.0640205320782579 0.09956766046291676
2 0.32660024985234176 0.919465053348041 0.0505402205426357 0.03506851282028158
0 0.8623827652731618 0.7022927475142915 0.06432092072720579 0.10425516046291676
2 0.8661900832871889 0.7651566205498208 0.055227720542635694 0.035286836641599
0 0.5818942288759672 0.701766092842343 0.07193316162790708 0.1014940334984459
2 0.5851706207641177 0.7606873285743193 0.056690090992986344 0.033797111248705033
1 0.29739613125000003 0.6278335265625 0.29833550781249996 0.650845340625 0.8839867078125 0.6545424359375 0.8831327296874999 0.633622634375 0.29739613125000003 0.6278335265625
0 0.32363114590254527 0.6967895326698764 0.0638202729789592 0.09644266046291676
2 0.32476404688999444 0.7524766064911941 0.05160207279438911 0.027328787427387445
0 0.8567905066352886 0.53277861413968 0.07682092072720578 0.10483735731976367
2 0.8615793337486142 0.5925538744787622 0.05981509099298634 0.03394266046291676
0 0.5776642111387953 0.5354497340748374 0.0731952729789592 0.09687930810555194
2 0.581040732576595 0.5928084698068137 0.056790220542635696 0.035359611248705035
1 0.3005517375 0.4735661765625 0.3014484140625 0.4955319734375 0.8648878359375001 0.49117257187499996 0.8656930453125 0.46692244218749995 0.3005517375 0.4735661765625
0 0.3244192951919514 0.5377591350272414 0.06508238433001132 0.09182793507002263
2 0.32383950185492655 0.595717184241453 0.05512759099298643 0.03372433664159917
0 0.8269294332225904 0.36291772435492764 0.06870803207825782 0.09978598428423435
2 0.8308869455610918 0.4234378473904569 0.05709060919158375 0.04004711124870504
0 0.5564271661037274 0.37774424193272016 0.06694527297895939 0.0965882096771284
2 0.5577102614156505 0.4310875657540377 0.05326470234403846 0.02896406203449331
0 0.30746923195828624 0.3865219667064418 0.05999436613141409 0.08535961124870503
2 0.310515086369508 0.43681306513486523 0.048577202344038464 0.02874573821317572
0 0.8300613325119967 0.20399648862295128 0.06830751387966068 0.09353598428423426
2 0.8349502891749717 0.26220924896203346 0.0648029796419344 0.038848484284234354
0 0.5631148619693609 0.22447369271850848 0.06351988433001132 0.09175516046291673
2 0.565960457281284 0.27788979114693185 0.05971496144333717 0.032380160462916766
0 0.31546910394979644 0.23723044209933591 0.060094495681063356 0.08692211124870504
2 0.31362719926171945 0.29042821670644176 0.056790220542635696 0.035359611248705035
1 0.28573430312500003 0.3276830046875 0.28658828125 0.34860282656249997 0.8528465546874999 0.322860028125 0.8517472078124999 0.29897063125 0.28573430312500003 0.3276830046875
1 0.28901809375 0.1765535734375 0.29050422343750004 0.198485103125 0.855126434375 0.16157594687500001 0.8546893859375 0.139473284375 0.28901809375 0.1765535734375