3 0.7305207578124999 0.6780537062499999 0.72745281875 0.6522629578125 0.0695898453125 0.8406977078125 0.07186411875 0.8694300640625 0.7305207578124999 0.6780537062499999
0 0.129703275 0.789979734375 0.1157815078125 0.688250434375 0.0590773921875 0.7064109609375 0.06683135 0.8079920062499999 0.129703275 0.789979734375
2 0.13397569843749998 0.8207946015625 0.1299487109375 0.7920429953125 0.0679264375 0.8114099296875 0.0692902046875 0.8382274203125 0.13397569843749998 0.8207946015625
0 0.43052811875 0.706905840625 0.421824490625 0.6082307484375 0.3626113828125 0.6206036296875 0.373217396875 0.7245825671875 0.43052811875 0.706905840625
2 0.43785511250000003 0.7327899453125 0.43572359687500006 0.7046678375 0.3731103953125 0.7241688234375 0.3765540421875 0.7526321984375001 0.43785511250000003 0.7327899453125
0 0.7278302937500001 0.6299284968750001 0.7127040078125 0.5231750859375001 0.658831721875 0.539633765625 0.6727259171875 0.6407466171875 0.7278302937500001 0.6299284968750001
2 0.7301846140625 0.6548216140625 0.7264031359375 0.6281333078125 0.6675581140625 0.6436010750000001 0.67040799375 0.6690856421875 0.7301846140625 0.6548216140625
3 0.709536046875 0.501644928125 0.70767259375 0.4808782984375 0.0542460203125 0.65559299375 0.05619052812500001 0.6802797484374999 0.709536046875 0.501644928125
1 0.7136630578125 0.5261359453125001 0.7105951171875 0.5003451671875 0.0552958421875 0.679722640625 0.057059921874999996 0.7019357671875001 0.7136630578125 0.5261359453125001
0 0.109309459375 0.613436915625 0.0990558453125 0.5119349546875 0.040088145312500004 0.5263711296875 0.050092521875 0.6290166265625 0.109309459375 0.613436915625
2 0.11498644218750001 0.6407546828124999 0.1108367390625 0.6109714890625 0.0505871890625 0.6299363171875 0.0550696890625 0.6517274671875 0.11498644218750001 0.6407546828124999
0 0.4129888234375 0.5339533796875 0.40073975624999997 0.43608256093750003 0.3435447609375 0.45011648125 0.3557158359375 0.548760196875 0.4129888234375 0.5339533796875
2 0.4155658890625 0.55561758125 0.412152496875 0.53202419375 0.354489328125 0.547223828125 0.3571391828125 0.570290553125 0.4155658890625 0.55561758125
0 0.7042402671875 0.4535458515625 0.6895538453125 0.3573214453125 0.63270039375 0.36965287812500003 0.6475489109375 0.4687221265625 0.7042402671875 0.4535458515625
2 0.7063680796875 0.480114709375 0.70305470625 0.452260703125 0.6480006234375 0.46898744062500003 0.650136678125 0.49389158593750004 0.7063680796875 0.480114709375
3 0.6835738625000001 0.3336466109375 0.68229145625 0.31106721249999997 0.03353645625 0.46967061093750007 0.0366859921875 0.49812716406249996 0.6835738625000001 0.3336466109375
1 0.6887844765625 0.35778516250000003 0.6855852765625 0.3348238953125 0.0366760390625 0.49999668750000004 0.0402341046875 0.5279545125 0.6887844765625 0.35778516250000003
0 0.09267140625 0.43583609843750004 0.0773725609375 0.33475678593749997 0.0231787921875 0.351134459375 0.034852621875 0.449531496875 0.09267140625 0.43583609843750004
2 0.096231565625 0.45789884062499997 0.0937542328125 0.43314011093750004 0.0342830078125 0.4523485734375 0.037264046875 0.47349025312500004 0.096231565625 0.45789884062499997
0 0.39886516875 0.35902578749999997 0.384589571875 0.2626150546875 0.3304729125 0.2757080078125 0.3431792125 0.37575942812499996 0.39886516875 0.35902578749999997
2 0.397319609375 0.381429871875 0.39476516875 0.3599558609375 0.338465375 0.37436088125 0.3417305765625 0.3967647984375 0.397319609375 0.381429871875
0 0.6794531874999999 0.2872071921875 0.6660886953125 0.190589825 0.6124275859375 0.2035794359375 0.62421281875 0.2974574171875 0.6794531874999999 0.2872071921875
2 0.68229145625 0.31106721249999997 0.6787138609375 0.284924509375 0.6245200984375 0.3013022265625 0.627051309375 0.32131929531250003 0.68229145625 0.31106721249999997
1 0.663071515625 0.188823865625 0.6605346203125 0.171429840625 0.0209678015625 0.324681790625 0.0239815390625 0.34708219218749997 0.663071515625 0.188823865625