2 0.7240432343750001 0.0867338953125 0.7228491390625 0.0633817859375 0.11106815156250001 0.032894751562500005 0.11076399374999998 0.05418248437499999 0.2772340859375 0.059843590625 0.480228171875 0.072581115625 0.7240432343750001 0.0867338953125
0 0.11377395625 0.061064525 0.10440139374999999 0.130216565625 0.2098427203125 0.1318828546875 0.213591759375 0.06439715 0.11377395625 0.061064525
3 0.13125 0.02578125 0.04140625 0.01640625
3 0.17265625 0.028125 0.0390625 0.01875
3 0.21328125 0.0296875 0.03984375 0.01796875
3 0.26015625 0.0328125 0.03984375 0.015625
3 0.309375 0.03359375 0.03984375 0.01640625
3 0.359375 0.0359375 0.03984375 0.0171875
0 0.39265837812500004 0.064757359375 0.3926076859375 0.1452133859375 0.47039994687500003 0.1493791703125 0.469931325 0.070229240625 0.39265837812500004 0.064757359375
3 0.3915193609375 0.029677015624999997 0.390272503125 0.045822028125000004 0.429259278125 0.04904591875 0.42956151875000004 0.0329265765625 0.3915193609375 0.029677015624999997
3 0.430104115625 0.03148380625 0.42960068749999997 0.0488735578125 0.4685200625 0.0510455359375 0.467996478125 0.035221053125 0.430104115625 0.03148380625
3 0.496875 0.04609375 0.0390625 0.01953125
3 0.54140625 0.04921875 0.0390625 0.0203125
3 0.5875 0.053125 0.0375 0.01796875
3 0.6115873234375 0.043417860937500004 0.6117455328125 0.062127425 0.6505670218749999 0.0634741484375 0.6498095125 0.045630125 0.6115873234375 0.043417860937500004
0 0.629354871875 0.080374084375 0.6302021265625 0.15437810000000002 0.7276767890625 0.15771074062499998 0.7248650640625 0.0827265953125 0.629354871875 0.080374084375
3 0.650178503125 0.045521440625 0.6503776375 0.0638108234375 0.6878735203125 0.0665042703125 0.6869266546875 0.047986896875000004 0.650178503125 0.045521440625
3 0.6873491484375001 0.048887165625 0.6874136859375 0.06625055468749999 0.7232051937499999 0.06860731406250001 0.7218795874999999 0.0517733390625 0.6873491484375001 0.048887165625
2 0.10493891875000001 0.16737550625 0.10412493593750001 0.191349471875 0.7339226875 0.21141228281250002 0.7339226875 0.1875280109375 0.10493891875000001 0.16737550625
1 0.10440423437499999 0.128265378125 0.1048700328125 0.1493791703125 0.16954070937500001 0.151045490625 0.16954070937500001 0.13271603125 0.10440423437499999 0.128265378125
1 0.16943718125 0.1324298390625 0.1681348296875 0.151045490625 0.66956693125 0.1735407046875 0.66956693125 0.15354495625 0.16943718125 0.1324298390625
1 0.6686089921875 0.1553343703125 0.669098275 0.1743738796875 0.7281454468749999 0.1760402015625 0.72861403125 0.1568775640625 0.6686089921875 0.1553343703125
0 0.100363340625 0.1980370765625 0.096064384375 0.27446681875 0.20676263593750002 0.2754221375 0.209986846875 0.1951709703125 0.100363340625 0.1980370765625
3 0.1049901171875 0.1501287953125 0.1053386546875 0.1660423109375 0.1461093046875 0.1702080953125 0.1461093046875 0.151045490625 0.1049901171875 0.1501287953125
3 0.145820575 0.1513159125 0.1457034359375 0.168339746875 0.1877309078125 0.17219125 0.186864375 0.1529337375 0.145820575 0.1513159125
3 0.188071709375 0.1522784828125 0.1877309078125 0.1714209609375 0.22759202968749997 0.17373185625 0.23019166093750001 0.15139313125 0.188071709375 0.1522784828125
3 0.23682301875 0.15420362031249998 0.23539095781250002 0.1714209609375 0.2761186296875 0.17373185625 0.2778516953125 0.1560149515625 0.23682301875 0.15420362031249998
3 0.293699546875 0.1532410515625 0.291716453125 0.17219125 0.3346104890625 0.1760427515625 0.33504375625 0.15678524062500002 0.293699546875 0.1532410515625
3 0.3370340453125 0.1580538984375 0.337210121875 0.1745021453125 0.3762046953125 0.177583359375 0.3762046953125 0.16063674375 0.3370340453125 0.1580538984375
0 0.386781615625 0.20090318125 0.38624421249999996 0.284975846875 0.4679244921875 0.2840205265625 0.46684972656249996 0.20185857343750002 0.386781615625 0.20090318125
3 0.39066048593749997 0.15901646875 0.38876961875 0.17527246406250002 0.42776419218750006 0.177583359375 0.42776419218750006 0.16371795625000002 0.39066048593749997 0.15901646875
3 0.427494809375 0.1628667453125 0.42733089375000005 0.176813040625 0.466758765625 0.18066454375000002 0.4671920328125 0.165258534375 0.427494809375 0.1628667453125
3 0.47841284375 0.164791884375 0.47707876562499996 0.1797007484375 0.5182397046875 0.1827819625 0.5178064046874999 0.16583534687499998 0.47841284375 0.164791884375
3 0.523914065625 0.1667170234375 0.5234389671875 0.1827819625 0.5641666390625 0.18740375468749998 0.5654664390625 0.168916559375 0.523914065625 0.1667170234375
3 0.5738990109375 0.1683852328125 0.5727106078124999 0.18600951875 0.6115623421875 0.1854241625 0.6099160828125 0.1707900359375 0.5738990109375 0.1683852328125
3 0.615473965625 0.171311128125 0.6138670953124999 0.1854241625 0.6550236078125 0.187765609375 0.6533773484375 0.1690339453125 0.615473965625 0.171311128125
0 0.6336645203125 0.20796585625000003 0.63289709375 0.285931203125 0.7355348140625 0.2897527015625 0.7328479640625 0.20663542812500002 0.6336645203125 0.20796585625000003
3 0.6545791203125 0.171311128125 0.6543650640625 0.184838784375 0.6935460703125 0.189521721875 0.6928875765625 0.17254612656249999 0.6545791203125 0.171311128125
3 0.6932726421875001 0.174968496875 0.6928875765625 0.18835098749999998 0.7294345078125 0.189521721875 0.7271297546875 0.1760583078125 0.6932726421875001 0.174968496875
2 0.3622042828125 0.32979614062499996 0.0997468453125 0.3199803265625 0.099743 0.34042124687499997 0.734231934375 0.3581298 0.733235815625 0.3359941078125 0.3622042828125 0.32979614062499996
1 0.097548853125 0.27362671875 0.0966017453125 0.2935742359375 0.1632356453125 0.29739566093750003 0.1626982625 0.27637749375 0.097548853125 0.27362671875
1 0.16405944374999998 0.2748205515625 0.16162351875 0.299306409375 0.676961425 0.3059939765625 0.6764241046875 0.28688655937499996 0.16405944374999998 0.2748205515625
1 0.6766612656250001 0.286758890625 0.676961425 0.3050386203125 0.7366095374999999 0.3050386203125 0.736072134375 0.2907080578125 0.6766612656250001 0.286758890625
0 0.0997468453125 0.33768325 0.092272565625 0.4218806 0.2023369578125 0.4271931859375 0.20731724687500003 0.3439629703125 0.0997468453125 0.33768325
3 0.1023071203125 0.30088357656250003 0.1006945171875 0.31844398906250004 0.15048391875 0.32131099218750003 0.15209653750000002 0.302317084375 0.1023071203125 0.30088357656250003
3 0.152499684375 0.3016003296875 0.1506854921875 0.3216693625 0.198862290625 0.32381962343750004 0.20027333593750002 0.303750578125 0.152499684375 0.3016003296875
3 0.21148890625 0.30461201718750003 0.21017350937499998 0.321400434375 0.2593581828125 0.3257009453125 0.26056763906249997 0.3074237921875 0.21148890625 0.30461201718750003
3 0.27474405 0.30595549843750003 0.274677996875 0.32498419218749997 0.3244674140625 0.3278512078125 0.325475296875 0.3070654078125 0.27474405 0.30595549843750003
3 0.33900724375 0.306851153125 0.33818967187500004 0.3273087953125 0.387374353125 0.32981742812500003 0.38777751562499996 0.3104651375 0.33900724375 0.306851153125
0 0.385054425 0.3526148484375 0.38288939843750003 0.43151123281250003 0.46086780000000005 0.4330956375 0.4626501703125 0.352291240625 0.385054425 0.3526148484375
3 0.40352245 0.312225078125 0.40309732968749995 0.3291006734375 0.45087096718749997 0.3323260609375 0.45087096718749997 0.3144072765625 0.40352245 0.312225078125
3 0.4622413671875 0.3117772515625 0.461324775 0.3316104453125 0.508493690625 0.333043940625 0.508090528125 0.31297490781250004 0.4622413671875 0.3117772515625
3 0.5199522359375 0.31446421406249997 0.51979235 0.3329516484375 0.5671628390625 0.33080138593749997 0.5675659859375 0.31574961875 0.5199522359375 0.31446421406249997
3 0.5786711546875 0.314912040625 0.5786526953125 0.33402677187499996 0.625015303125 0.3347435265625 0.6240074203125 0.315032865625 0.5786711546875 0.314912040625
0 0.6320548875 0.354932946875 0.63476845625 0.43463843750000003 0.7392038171875 0.436288859375 0.7354905453125 0.352942809375 0.6320548875 0.354932946875
3 0.6411702609375001 0.3140163875 0.6411414265625 0.33402677187499996 0.6875040328125 0.33438514218750004 0.6871008859375001 0.313957740625 0.6411702609375001 0.3140163875
3 0.7326571984375 0.33402677187499996 0.73113873125 0.3171511765625 0.6866977390625 0.315032865625 0.686899296875 0.33438514218750004 0.7326571984375 0.33402677187499996
2 0.09171959375 0.4660593046875 0.091711078125 0.4892918625 0.7429890515625 0.493783265625 0.7414732609375 0.47491938906250003 0.09171959375 0.4660593046875
0 0.09045623750000001 0.48963166874999997 0.085142725 0.5719336703125 0.2013521484375 0.575526771875 0.204888940625 0.48839359687500006 0.09045623750000001 0.48963166874999997
3 0.0942463046875 0.443609434375 0.0922163484375 0.46683485156250004 0.143752678125 0.46683485156250004 0.143752678125 0.44527610781250004 0.0942463046875 0.443609434375
1 0.0923512703125 0.42452704375000005 0.091205828125 0.4434795734375 0.156384153125 0.44437784062499996 0.15688940468749998 0.4273104984375 0.0923512703125 0.42452704375000005
1 0.158045753125 0.4256495390625 0.15688940468749998 0.4461744078125 0.6768001859375 0.45515721249999996 0.677305475 0.43359846874999997 0.158045753125 0.4256495390625
0 0.6362257859375 0.4907541609375 0.6363795234375 0.575526771875 0.7455153421875 0.5773233390625 0.7414732609375 0.4901901296875 0.6362257859375 0.4907541609375
3 0.7414732609375 0.47402108906249996 0.740452609375 0.45483436875 0.6914526453125001 0.45336064531250003 0.6914526453125001 0.47581765625 0.7414732609375 0.47402108906249996
1 0.6772848375 0.4335069921875 0.675789684375 0.4542589125 0.73945218125 0.4542589125 0.73945218125 0.4327002015625 0.6772848375 0.4335069921875
3 0.14478052187499998 0.443609434375 0.1427421765625 0.46683485156250004 0.192257484375 0.46773311875 0.193773275 0.44527610781250004 0.14478052187499998 0.443609434375
3 0.20542158281249998 0.4469769140625 0.2053941921875 0.46683485156250004 0.2564252703125 0.46863141875 0.2574358109375 0.44527610781250004 0.20542158281249998 0.4469769140625
3 0.271116065625 0.4469769140625 0.2700672671875 0.47042798750000003 0.325140428125 0.47222452031250006 0.3241298890625 0.449767509375 0.271116065625 0.4469769140625
3 0.3393372578125 0.44809940781249996 0.3387823859375 0.46863141875 0.3882977140625 0.47222452031250006 0.38728717343749997 0.44886924375000004 0.3393372578125 0.44809940781249996
0 0.386081409375 0.4918766546875 0.3852661328125 0.5737302375 0.4676232484375 0.5719336703125 0.4676232484375 0.4928849984375 0.386081409375 0.4918766546875
3 0.4025050296875 0.4537118765625 0.4039607125 0.47222452031250006 0.4514549984375 0.47491938906250003 0.450444459375 0.45336064531250003 0.4025050296875 0.4537118765625
3 0.4663044796875 0.45258938281249994 0.46610745781249996 0.4713262546875 0.5146122453124999 0.47491938906250003 0.5136017453124999 0.45515721249999996 0.4663044796875 0.45258938281249994
3 0.5244188296875001 0.45483436875 0.5242122 0.47402108906249996 0.5727169484375 0.47491938906250003 0.5722117359375 0.45515721249999996 0.5244188296875001 0.45483436875
3 0.5863232453125 0.45483436875 0.58484319375 0.47402108906249996 0.635369021875 0.47581765625 0.635369021875 0.45695378125 0.5863232453125 0.45483436875
3 0.6450692734375 0.4559568625 0.6454741875 0.47222452031250006 0.6939789359375 0.47491938906250003 0.6939789359375 0.45695378125 0.6450692734375 0.4559568625
2 0.087549959375 0.61609416875 0.086309328125 0.64103710625 0.74768821875 0.6421178671875001 0.747080296875 0.6194223703125 0.087549959375 0.61609416875
1 0.08477113750000001 0.5726961875 0.085142725 0.5925941828125 0.1528473421875 0.5952889484375 0.1533525921875 0.5728319374999999 0.08477113750000001 0.5726961875
1 0.15236065468749999 0.57381868125 0.151836821875 0.5952889484375 0.684379059375 0.5979837828125001 0.6838737703125 0.5737302375 0.15236065468749999 0.57381868125
1 0.6829699375 0.5749411734375001 0.68286326875 0.598882084375 0.74703105625 0.5979837828125001 0.74652584375 0.575526771875 0.6829699375 0.5749411734375001
0 0.087549959375 0.63770203125 0.080230478125 0.727496046875 0.1951207515625 0.7318190109375 0.20059167968749997 0.64103710625 0.087549959375 0.63770203125
3 0.090764059375 0.5929450875 0.08944216875 0.6163428859375 0.129483321875 0.619260415625 0.1311243515625 0.5976706953125 0.090764059375 0.5929450875
3 0.1301553359375 0.598778290625 0.12849869375 0.619260415625 0.1711654921875 0.6180934 0.1731347234375 0.5994212296875 0.1301553359375 0.598778290625
3 0.1728292203125 0.5944033875 0.1711654921875 0.619260415625 0.21448871875000003 0.619260415625 0.21448871875000003 0.5965037015625 0.1728292203125 0.5944033875
3 0.2274025515625 0.5965908390625 0.2259759328125 0.6180934 0.267329903125 0.619260415625 0.2686427328125 0.5982542140625 0.2274025515625 0.5965908390625
3 0.2823862078125 0.5965908390625 0.2811145515625 0.6186769187500001 0.324437753125 0.6186769187500001 0.3250942046875 0.5976938875 0.2823862078125 0.5965908390625
3 0.33901116875000004 0.5995074406249999 0.3384158296875 0.6177974765625 0.380098 0.6189644921874999 0.3807544015625 0.597958290625 0.33901116875000004 0.5995074406249999
0 0.38622304375 0.63770203125 0.3835650984375 0.730738290625 0.4686689515625 0.728576809375 0.4686689515625 0.6367141843749999 0.38622304375 0.63770203125
3 0.3870192875 0.5958616890624999 0.387318525 0.6166304609375 0.42867251875 0.6177974765625 0.42867251875 0.596791275 0.3870192875 0.5958616890624999
3 0.42846219375 0.5973199890625 0.42834429375000005 0.6177974765625 0.468713659375 0.6183809953125 0.46904186093750005 0.595624259375 0.42846219375 0.5973199890625
3 0.47893226718750004 0.5958616890624999 0.47855984375 0.6177974765625 0.51794460625 0.6189644921874999 0.5172881546875 0.595624259375 0.47893226718750004 0.5958616890624999
3 0.5275761703125 0.5975182515624999 0.5256507296875 0.618533503125 0.5671275421875001 0.6178978093749999 0.5656973296875 0.5969200171875 0.5275761703125 0.5975182515624999
3 0.57853675625 0.5975182515624999 0.57785430625 0.6178978093749999 0.619331146875 0.618533503125 0.619331146875 0.5969200171875 0.57853675625 0.5975182515624999
3 0.628156275 0.5983126125 0.6279125359375 0.618533503125 0.6686742703124999 0.618533503125 0.6686742703124999 0.598191415625 0.628156275 0.5983126125
0 0.6446170609374999 0.6363515390625001 0.64617144375 0.7264153265625 0.7543748984375 0.727496046875 0.7495118921875 0.6334719828125001 0.6446170609374999 0.6363515390625001
3 0.6688353390625 0.5975182515624999 0.6686742703124999 0.619169184375 0.70943595 0.6210762640625 0.7080057359375 0.598827084375 0.6688353390625 0.5975182515624999
3 0.7086203578125 0.5975182515624999 0.7080057359375 0.6178978093749999 0.7448343015625001 0.6210762640625 0.7437616140625 0.6000984593750001 0.7086203578125 0.5975182515624999
2 0.078205178125 0.7745221703125 0.07492274531250001 0.799700975 0.758380559375 0.7979101484375 0.7553586078125 0.769256465625 0.078205178125 0.7745221703125
1 0.08223008281250001 0.7254839703125 0.0784068046875 0.75019154375 0.1489214546875 0.7534337453125 0.1495293765625 0.7318190109375 0.08223008281250001 0.7254839703125
1 0.149868515625 0.7295354453125 0.1489214546875 0.7534337453125 0.6905469734375 0.75019154375 0.6911548953125 0.7264153265625 0.149868515625 0.7295354453125
1 0.6911548953125 0.75019154375 0.7532945453125001 0.7457413421875 0.7531591468750001 0.7264153265625 0.6917628171875 0.727496046875 0.6911548953125 0.75019154375
0 0.07442715 0.7957818078125001 0.0693825453125 0.8901391609375 0.1907630328125 0.8928255046875 0.1947922765625 0.799700975 0.07442715 0.7957818078125001
3 0.07820618593749999 0.75391571875 0.07857239375 0.775336371875 0.1240393671875 0.777112953125 0.12553829375 0.7513526203125 0.07820618593749999 0.75391571875
3 0.12567959687500002 0.7505857015624999 0.124539015625 0.774448065625 0.167507803125 0.777112953125 0.1685071 0.75490578125 0.12567959687500002 0.7505857015624999
3 0.17002975625 0.7528057125000001 0.167507803125 0.7762246453125 0.212475146875 0.777112953125 0.21347444375000002 0.75490578125 0.17002975625 0.7528057125000001
3 0.22499896874999997 0.75391571875 0.22146863125 0.7762246453125 0.265436678125 0.777112953125 0.265436678125 0.75224089375 0.22499896874999997 0.75391571875
3 0.2768343734375 0.753778271875 0.276287784375 0.776676303125 0.3202289921875 0.77594620625 0.321050309375 0.755503215625 0.2768343734375 0.753778271875
3 0.3297163125 0.753778271875 0.329674275 0.7730257671875 0.37320479375 0.77594620625 0.37443680156250003 0.753312871875 0.3297163125 0.753778271875
0 0.3801367828125 0.799700975 0.380640428125 0.8874528859374999 0.4647505484375 0.8892437125000001 0.466261525 0.7979101484375 0.3801367828125 0.799700975
3 0.381058 0.7528659281250001 0.38059678125 0.773755890625 0.42412729843749997 0.773755890625 0.42494864843749997 0.7518526796875 0.381058 0.7528659281250001
3 0.42572526875000005 0.751953584375 0.42535930781250003 0.772295671875 0.4668365296875 0.7752160828125 0.4668365296875 0.753312871875 0.42572526875000005 0.751953584375
3 0.47706695625 0.7528659281250001 0.4757990796875 0.7710211828125 0.5168656125 0.771751278125 0.5180975890624999 0.7520383828125 0.47706695625 0.7528659281250001
3 0.527895228125 0.751041240625 0.5271322453125 0.7702910578125 0.5694307546874999 0.7702910578125 0.5690200953125 0.7505781625 0.527895228125 0.751041240625
3 0.5807771671874999 0.751041240625 0.5813400546875 0.7688308390625 0.6215852374999999 0.773211496875 0.621174609375 0.75276850625 0.5807771671874999 0.751041240625
3 0.629038353125 0.751041240625 0.6289772250000001 0.771751278125 0.6696331296875 0.7724813734375 0.6696331296875 0.7513082859375 0.629038353125 0.751041240625
0 0.64868748125 0.7924250234375 0.651102346875 0.8865574374999999 0.7598915359375 0.8776031640624999 0.7553586078125 0.79164215 0.64868748125 0.7924250234375
3 0.6726787890625 0.751953584375 0.671275765625 0.7695609625000001 0.713163615625 0.771751278125 0.7127529874999999 0.748387846875 0.6726787890625 0.751953584375
3 0.7538195203125 0.748387846875 0.713238721875 0.7492165546875 0.713984934375 0.7702910578125 0.7546408390625 0.7688308390625 0.7538195203125 0.748387846875
1 0.0687601078125 0.8864150000000001 0.0673679421875 0.9152111890624999 0.139390390625 0.9170019828125 0.1403976828125 0.89372085 0.0687601078125 0.8864150000000001
1 0.13991297656249999 0.8908907140625001 0.1398940359375 0.916106534375 0.6939128953125 0.9071522609375 0.6939128953125 0.88387123125 0.13991297656249999 0.8908907140625001
1 0.69430564375 0.884118478125 0.6933812171875 0.9075961031249999 0.75950755 0.9056529671875 0.7600540828125 0.877476453125 0.69430564375 0.884118478125