2 0.6634122515625 1 0.665497778125 0.9873135281250001 0.42154345 0.9602351671875 0.2183281171875 0.9386342937500001 0.0522045296875 0.9161876328125 0.0501579734375 0.9372941515625 0.5761022031249999 1 0.6634122515625 1
0 0.155559521875 0.9234083546875 0.159278890625 0.8560279609375 0.0542688328125 0.8399118906249999 0.0559563140625 0.90988784375 0.155559521875 0.9234083546875
3 0.06951296010930477 0.9480864268216201 0.04266027868534723 0.023756235456132656
3 0.1109010263137145 0.9522476393989354 0.0411341462765278 0.025191189698497853
3 0.15147147492694363 0.9579075790974334 0.04113414627652778 0.025191189698497853
3 0.19832829113135336 0.9625152018264694 0.04106141109416668 0.02206618969849785
3 0.24747430594899225 0.9696578931919573 0.04109777868534721 0.02362868969849785
3 0.2974197545622214 0.9760831074362624 0.04109777868534721 0.02362868969849785
0 0.41104716249999995 0.9608266046875 0.420246646875 0.882619925 0.3424485515625 0.873634215625 0.33362123593750004 0.9532202203125 0.41104716249999995 0.9608266046875
3 0.36679680000000003 0.990920653125 0.36827497187499997 0.9749264109375 0.329159909375 0.9715468234375001 0.3286180125 0.9877256015625001 0.36679680000000003 0.990920653125
3 0.40526071406249997 0.9951265390625 0.40752735625 0.9795630671875 0.368595371875 0.9751544093750001 0.367177034375 0.9924390828125 0.40526071406249997 0.9951265390625
3 0.43488338697104084 0.9877463946294263 0.041170513867708355 0.024507210741147388
3 0.4801777031754506 0.9899864331151271 0.041170513867708355 0.020027133769745832
3 0.5262532693798603 0.9926808694796451 0.03957164627652787 0.01463826104070982
3 0.5895637171875 1 0.5898836796875 0.997940425 0.5511400703125 0.9927320156249999 0.550266215625 1 0.5895637171875 1
0 0.6658726374999999 0.9914155265625 0.67694189375 0.9177238953125 0.579668153125 0.904598159375 0.570660059375 0.9776513281250001 0.6658726374999999 0.9914155265625
2 0.6864414640625001 0.8892844953125 0.6890769125 0.8656610359375 0.060739542187499995 0.7793999640625 0.058903431250000006 0.8032492765624999 0.6864414640625001 0.8892844953125
1 0.1193039328125 0.848414025 0.1213264484375 0.8302847203124999 0.056849187499999995 0.821037490625 0.054056359374999995 0.84184225 0.1193039328125 0.848414025
1 0.618711378125 0.9120541671875 0.62091775625 0.8922767671875 0.11992877187499999 0.8300478640625 0.119169428125 0.84867965 0.618711378125 0.9120541671875
1 0.6777817328125 0.918705875 0.679430334375 0.89967354375 0.6205437703125 0.8913737328125 0.6179564765625 0.9101229046875 0.6777817328125 0.918705875
0 0.1664055421875 0.7934552187499999 0.1720552484375 0.713537178125 0.061897384374999996 0.69583224375 0.05773781875 0.7721516546875 0.1664055421875 0.7934552187499999
3 0.098031740625 0.8263371265625 0.10014618906249999 0.8073837734374999 0.059153726562499995 0.8046352578124999 0.057051285937499994 0.8203162828125 0.098031740625 0.8263371265625
3 0.1387574046875 0.8313356859375001 0.1417438015625 0.8124344484374999 0.0995365296875 0.8091633421875001 0.097774534375 0.8260210156250001 0.1387574046875 0.8313356859375001
3 0.1816619296875 0.8401590078125001 0.1815423734375 0.8176262453125 0.1416588078125 0.8131963265625 0.13988539375 0.8321871906249999 0.1816619296875 0.8401590078125001
3 0.2295539046875 0.8436171531250001 0.2297858765625 0.8258017359375 0.1890408140625 0.821225825 0.18856471875 0.838496421875 0.2295539046875 0.8436171531250001
3 0.286497309375 0.8524906718749999 0.288191490625 0.8333704546874999 0.245122709375 0.8299533515625 0.2450032234375 0.8490307187499999 0.286497309375 0.8524906718749999
3 0.32784310625 0.8556157921875001 0.3297130359375 0.8388542296875 0.2906059640625 0.835332209375 0.288615975 0.8515711828124999 0.32784310625 0.8556157921875001
0 0.4225078421875 0.8301154625 0.43264228749999994 0.7490317703125 0.35154393281249996 0.7343258453125 0.34280141875000003 0.8175709953125001 0.4225078421875 0.8301154625
3 0.3794417984375 0.8612546812499999 0.380971740625 0.8475406859374999 0.34194966718750003 0.8432567578124999 0.34203577812499997 0.8596538046875001 0.3794417984375 0.8612546812499999
3 0.41880961406250006 0.8663735078125001 0.4200788109375 0.8510627328125 0.380455971875 0.84822959375 0.37908006250000004 0.8620512124999999 0.41880961406250006 0.8663735078125001
3 0.46919235625000005 0.8743302203125 0.4714930578125 0.8576416578125 0.43023225781249996 0.8537546609375 0.42991347187500006 0.86872548125 0.46919235625000005 0.8743302203125
3 0.5169143359375 0.8793121484374999 0.517662040625 0.8608078484374999 0.4766619890625 0.8585176000000001 0.475361671875 0.8744871562500001 0.5169143359375 0.8793121484374999
3 0.5613113890625 0.884947759375 0.564562809375 0.870750784375 0.5260023203124999 0.8636262984374999 0.525239084375 0.8812583453125 0.5613113890625 0.884947759375
3 0.6043253359375 0.8940067828125 0.6080288890625 0.8757570171875001 0.5668541171875 0.8711390781249999 0.5668943468750001 0.8853687171875 0.6043253359375 0.8940067828125
0 0.68748136875 0.870204665625 0.69932390625 0.788447678125 0.5968632875 0.7749356171875 0.5890233515625 0.85217889375 0.68748136875 0.870204665625
3 0.6439926093749999 0.897189415625 0.646520390625 0.8805101296875 0.6070512328125 0.878540934375 0.605771365625 0.891956934375 0.6439926093749999 0.897189415625
3 0.6784225640625 0.8994845187499999 0.6821994578125 0.8865564140625001 0.6457365546875 0.8815571421874999 0.6446427171875 0.894858371875 0.6784225640625 0.8994845187499999
2 0.3325898296875 0.6859448640625 0.702140709375 0.74232389375 0.705573521875 0.7205977390625 0.0728321125 0.6312177734375 0.070580434375 0.65143613125 0.3325898296875 0.6859448640625
1 0.128353359375 0.7051685359375 0.1312068015625 0.684470415625 0.0645399703125 0.6770240046875 0.06328049531249999 0.6969132640625 0.128353359375 0.7051685359375
1 0.6402417828125 0.7813238796875 0.642884328125 0.7625156375000001 0.129814915625 0.6823089312499999 0.1295348015625 0.7069378000000001 0.6402417828125 0.7813238796875
1 0.6999635078125 0.787593278125 0.7020790453125 0.7735097421875 0.6427789125000001 0.7634605609375 0.6404634734375 0.7814901109375 0.6999635078125 0.787593278125
0 0.1801695875 0.6458382328125001 0.1844021765625 0.5626778203125 0.0743936828125 0.5493893609375 0.0725338171875 0.6339265203125 0.1801695875 0.6458382328125001
3 0.1206757203125 0.6777260796875 0.12116834218750001 0.6586678953125 0.0713530546875 0.653115353125 0.071018590625 0.670755690625 0.1206757203125 0.6777260796875
3 0.1687296359375 0.6844247953125 0.169541290625 0.664337175 0.1214082828125 0.6583473984375 0.12099742656250001 0.6785029265625 0.1687296359375 0.6844247953125
3 0.2290775015625 0.6909497390625 0.22989184687500003 0.67266840625 0.18051958125 0.668635596875 0.1799748296875 0.6854623 0.2290775015625 0.6909497390625
3 0.29356695 0.7022394890625 0.294858503125 0.6815108624999999 0.24504319843750003 0.6759583296875 0.24300919375 0.6947903625 0.29356695 0.7022394890625
3 0.355880840625 0.7093732125 0.357615409375 0.690164321875 0.30844085625 0.6843592015625 0.30699631250000003 0.704731190625 0.355880840625 0.7093732125
0 0.43493189218749995 0.6806179671875 0.44207607343750005 0.6003956515625 0.36437776093749996 0.5888253906250001 0.3578245375 0.6672249953125 0.43493189218749995 0.6806179671875
3 0.41904119843750004 0.716103753125 0.4210184015625 0.6983806375 0.37316757031250003 0.6935221687500001 0.3717281171875 0.710285109375 0.41904119843750004 0.716103753125
3 0.4757688953125 0.7271605109375 0.47838417343749995 0.7073785515625 0.43133225937499997 0.7008496375 0.43005506093749996 0.7206206796875 0.4757688953125 0.7271605109375
3 0.5352035500000001 0.73443619375 0.536463603125 0.7194808671875 0.48960673281249995 0.70937336875 0.4877257390625 0.7276858625 0.5352035500000001 0.73443619375
3 0.5912366234374999 0.74465405625 0.5944135484374999 0.7253284343749999 0.5482423265625 0.7182264484374999 0.5461515125 0.7371355625 0.5912366234374999 0.74465405625
0 0.706252446875 0.7259401328124999 0.7191406609375 0.64412979375 0.6151324515625001 0.6281675078125 0.603639815625 0.706545465625 0.706252446875 0.7259401328124999
3 0.653843378125 0.756347075 0.6564981828125 0.73621065625 0.61036650625 0.7287542 0.608187178125 0.7485509328125 0.653843378125 0.756347075
3 0.655896975 0.7361087734375 0.653561215625 0.7552157703125 0.6979766828125 0.7606077609375 0.7013483859375 0.7441722656249999 0.655896975 0.7361087734375
2 0.7256594515625 0.6063034421875 0.7292478859375 0.5879009265625 0.08127379375 0.4826196171875 0.078718721875 0.5055999156250001 0.7256594515625 0.6063034421875
0 0.1936922734375 0.502575646875 0.1997906015625 0.4157980859375 0.08386265625 0.3997736390625 0.08006376875 0.48207211250000004 0.1936922734375 0.502575646875
3 0.12815498281249998 0.5349224078125 0.130533828125 0.5135990796875001 0.0792981546875 0.504916528125 0.07875351875 0.5282303234375 0.12815498281249998 0.5349224078125
1 0.139232703125 0.5549050390625 0.1406136515625 0.537938946875 0.0757164515625 0.527846525 0.07476394374999999 0.5467850750000001 0.139232703125 0.5549050390625
1 0.6573065625 0.63636251875 0.6591830640625 0.6149540625000001 0.14131419218750002 0.53624711875 0.14019903125 0.5567426765625 0.6573065625 0.63636251875
0 0.7273444625 0.5911994546875 0.7409774515625001 0.50569870625 0.63228008125 0.48908906406249997 0.622773225 0.5729100781249999 0.7273444625 0.5911994546875
3 0.6760297671875 0.596987790625 0.6735518046875 0.6191995765625 0.7224285234375001 0.625997184375 0.7255603296875 0.6071919328125001 0.6760297671875 0.596987790625
1 0.7189915953125 0.64772110625 0.7213704359374999 0.6263978109375 0.6580793375 0.6156723109375 0.65727595 0.63644951875 0.7189915953125 0.64772110625
3 0.1778837671875 0.543349596875 0.17885477968750002 0.520882440625 0.129529221875 0.5134288359375 0.1289929265625 0.536744046875 0.1778837671875 0.543349596875
3 0.24117490312499998 0.5540751046875 0.24274734062499997 0.5308045796874999 0.1918157328125 0.5239840984375 0.18965179062499998 0.5436298046875 0.24117490312499998 0.5540751046875
3 0.3079754890625 0.56086899375 0.31145809375 0.538827459375 0.2565079890625 0.5313259546875 0.2549630203125 0.55469764375 0.3079754890625 0.56086899375
3 0.37066520468749997 0.5723978375 0.374246928125 0.5494678453125 0.32462399375 0.5446796453125 0.322910078125 0.5650809328124999 0.37066520468749997 0.5723978375
0 0.455389415625 0.5423972953125 0.46411183749999996 0.46421181718750004 0.3824334203125 0.4485598015625 0.37421201718749997 0.5296569156250001 0.455389415625 0.5423972953125
3 0.43394963124999997 0.5785958671875 0.43733311874999997 0.5574427875 0.38981855 0.5521066593749999 0.38632862968750004 0.570171903125 0.43394963124999997 0.5785958671875
3 0.496936703125 0.5874593031249999 0.5001219140625001 0.56808316875 0.451503621875 0.5634652515624999 0.44963202343750003 0.5820307140625001 0.496936703125 0.5874593031249999
3 0.5552047703125 0.5973335859375 0.5578876421875 0.5778723234375 0.50956674375 0.57058900625 0.5076550578125001 0.5896010234375 0.5552047703125 0.5973335859375
3 0.6181918421875 0.606197021875 0.6202733281249999 0.5875391359375 0.5698440234375 0.5808037765625 0.56919833125 0.600030334375 0.6181918421875 0.606197021875
3 0.676459834375 0.6160712921875 0.678442203125 0.5983018640625 0.629923065625 0.5927954984375 0.6277255015625001 0.6088172984375 0.676459834375 0.6160712921875
2 0.7471785859375 0.4643230421875 0.7502872375 0.44197779375 0.0926474953125 0.3316213375 0.09112862499999999 0.35650092031249997 0.7471785859375 0.4643230421875
1 0.1517737140625 0.41037679843749997 0.15374937187499998 0.388079890625 0.0861423875 0.379338734375 0.083577375 0.3989568453125 0.1517737140625 0.41037679843749997
1 0.67929901875 0.49886754531250005 0.6824775546875 0.474963971875 0.152744746875 0.3879096421875 0.15089644375 0.4092337125 0.67929901875 0.49886754531250005
1 0.7417838203125 0.5076459 0.7447640484375 0.4855192296875 0.681069728125 0.4738201078125 0.6785340765625001 0.49751755937500003 0.7417838203125 0.5076459
0 0.2062631390625 0.350874990625 0.21084122343749997 0.26016269062499997 0.0961441984375 0.2450823796875 0.09351288906250001 0.335129009375 0.2062631390625 0.350874990625
3 0.13241591875 0.382064384375 0.13316672499999999 0.3604339453125 0.0930372390625 0.35657370781250003 0.09176964843749999 0.3799387125 0.13241591875 0.382064384375
3 0.1743743640625 0.38741063750000004 0.1744769546875 0.36861059687500003 0.132187840625 0.3602680609375 0.1315747703125 0.38080562812499996 0.1743743640625 0.38741063750000004
3 0.21516517968749999 0.3972633953125 0.21767621093749998 0.374755178125 0.1746057265625 0.367456325 0.1735169640625 0.3923222140625 0.21516517968749999 0.3972633953125
3 0.269196421875 0.4046555625 0.270209125 0.3836575671875 0.2289676390625 0.377844753125 0.228013290625 0.399352859375 0.269196421875 0.4046555625
3 0.3252567359375 0.41472040000000004 0.32691943125 0.393855903125 0.283848971875 0.386557053125 0.282676178125 0.40861619843749997 0.3252567359375 0.41472040000000004
3 0.3806213921875 0.4238362015625 0.38228669531250004 0.40294879687499996 0.340718921875 0.397080690625 0.339292621875 0.41527130156250003 0.3806213921875 0.4238362015625
0 0.47229947968749997 0.40031486406249994 0.48243582500000004 0.3094553578125 0.3980669609375 0.2929796578125 0.3904435515625 0.3854477796875 0.47229947968749997 0.40031486406249994
3 0.42813118906250003 0.43306345 0.43044906406249994 0.41228663125000004 0.3892075546875 0.4064738140625 0.386618384375 0.42696538124999994 0.42813118906250003 0.43306345
3 0.46813625 0.44101892343750004 0.47032099687500006 0.418455390625 0.43012275468750005 0.41223133437500004 0.42798043124999996 0.432505075 0.46813625 0.44101892343750004
3 0.5161010828125 0.4491471890625 0.519329121875 0.42617242187500004 0.48004535312499996 0.42069136875 0.47799515625 0.44245036718749997 0.5161010828125 0.4491471890625
3 0.5643708203125 0.45602128750000004 0.56810743125 0.43551352187500003 0.5269427328125 0.42789698906250007 0.5265380671875 0.4490071453125 0.5643708203125 0.45602128750000004
3 0.6176917453125 0.4650572125 0.6200766296875 0.44367974062500004 0.578771615625 0.43732070624999997 0.5772013546875 0.4575927 0.6176917453125 0.4650572125
3 0.6668872953125 0.4721127515625 0.669131890625 0.45199279531250003 0.62860795625 0.445125484375 0.6266190515625001 0.46516663124999996 0.6668872953125 0.4721127515625
0 0.7511462640625 0.450836509375 0.7663557453125 0.3586584578125 0.6586642859375 0.3414978640625 0.6471811140625 0.430316303125 0.7511462640625 0.450836509375
3 0.7060594484375 0.47811036875 0.709936346875 0.45634509999999995 0.669202034375 0.4513640546875 0.666973146875 0.4728057 0.7060594484375 0.47811036875
3 0.7417470171875 0.48287682656250003 0.7451281890625 0.462308815625 0.708163759375 0.4592478921875 0.7065260656250001 0.47950845781250007 0.7417470171875 0.48287682656250003
2 0.7719416625 0.3175197828125 0.7781077 0.28968811250000004 0.098834696875 0.17277169375 0.099319690625 0.19822855781249998 0.7719416625 0.3175197828125
1 0.165515821875 0.2524817109375 0.16729646874999998 0.2310005859375 0.096835440625 0.22232746875 0.0979101203125 0.247409365625 0.165515821875 0.2524817109375
1 0.703385309375 0.3490764234375 0.705404459375 0.32545741875 0.16729646874999998 0.2310005859375 0.1656010078125 0.25479747812500003 0.703385309375 0.3490764234375
1 0.7041089359375 0.34810992500000004 0.7650278359375 0.35952255312500003 0.7672949234375 0.340430384375 0.7060088359375001 0.32555983906249997 0.7041089359375 0.34810992500000004
0 0.21800492500000002 0.19296664218749998 0.22427477499999998 0.1001801859375 0.10330598906249999 0.0823876890625 0.0979095421875 0.1765645703125 0.21800492500000002 0.19296664218749998
3 0.1438200859375 0.2291195203125 0.1451723625 0.20338795312500002 0.0997746046875 0.1974851140625 0.0970469265625 0.2186101625 0.1438200859375 0.2291195203125
3 0.1869302828125 0.23284430312499999 0.188387209375 0.210711271875 0.1453750453125 0.20610791874999998 0.143875940625 0.22990187031249998 0.1869302828125 0.23284430312499999
3 0.2316352921875 0.2404201484375 0.23309221875000002 0.21828711875 0.188289190625 0.21158987968749998 0.18821232968749999 0.23517796875000002 0.2316352921875 0.2404201484375
3 0.2830003359375 0.25181024375 0.285744778125 0.22720978125000002 0.2419352171875 0.2206808984375 0.24298333906249997 0.24334098750000002 0.2830003359375 0.25181024375
3 0.3386494953125 0.25795301875 0.3400887 0.237594890625 0.2964844015625 0.229469796875 0.29450117656249997 0.2522098734375 0.3386494953125 0.25795301875
3 0.3914828515625 0.2691137015625 0.39275544687499997 0.24651995625 0.3491566328125 0.2420747265625 0.3470746078125 0.2611191265625 0.3914828515625 0.2691137015625
0 0.487692853125 0.2404735328125 0.4962686578125 0.14988275 0.412451621875 0.1374836171875 0.4022681546875 0.224192446875 0.487692853125 0.2404735328125
3 0.44153889687500003 0.2790679015625 0.4431391921875 0.25726549374999996 0.399862625 0.2499317140625 0.39801610468750004 0.27067126875 0.44153889687500003 0.2790679015625
3 0.48334353124999996 0.2846806921875 0.48576038437499997 0.2630166578125 0.444202890625 0.258917328125 0.4423221203125 0.279098940625 0.48334353124999996 0.2846806921875
3 0.5341649078125 0.2945774390625 0.5351152890625 0.2748722484375 0.49420777187500003 0.2686757109375 0.49346495625 0.28684631875 0.5341649078125 0.2945774390625
3 0.5846292140625 0.304600853125 0.5872126468750001 0.285172403125 0.545160903125 0.2780461875 0.5437953624999999 0.2972143453125 0.5846292140625 0.304600853125
3 0.636721153125 0.311221128125 0.6393851171875 0.2910705515625 0.598891346875 0.28862309062499997 0.5963687953125001 0.306123596875 0.636721153125 0.311221128125
3 0.6847358484375 0.3208294234375 0.6870721390625001 0.299887540625 0.6465728562499999 0.293760184375 0.64434843125 0.31425437343749996 0.6847358484375 0.3208294234375
0 0.774411753125 0.2953785453125 0.788403384375 0.2111198875 0.68123689375 0.1839351984375 0.668449315625 0.276632865625 0.774411753125 0.2953785453125
3 0.727281903125 0.330982565625 0.7302681140625 0.3079434359375 0.688382946875 0.3030528046875 0.68783494375 0.3207042875 0.727281903125 0.330982565625
3 0.7711811156249999 0.3178198359375 0.7309235171874999 0.3095260828125 0.7278562453124999 0.33024474062500003 0.7681088593750001 0.337901225 0.7711811156249999 0.3178198359375
1 0.17430204375 0.0908093453125 0.175869525 0.06761273437500001 0.104069646875 0.057250034375 0.10227624843750001 0.08596631875 0.17430204375 0.0908093453125
1 0.7235012890625 0.193804553125 0.7260701734375 0.170777746875 0.1762714265625 0.0685832546875 0.17350788281250001 0.093526915625 0.7235012890625 0.193804553125
1 0.788551 0.21127259999999998 0.791116721875 0.1833116890625 0.725590571875 0.1702491765625 0.7239190265625 0.1936261734375 0.788551 0.21127259999999998