3 0.8546550828124999 0.8220869499999999 0.8473581625 0.792834603125 0.1802741671875 0.9304189046875001 0.1902202890625 0.9645672234375 0.8546550828124999 0.8220869499999999
0 0.251747534375 0.8811682187500001 0.22117757343750002 0.7484449640624999 0.14485373906250001 0.7586708859375 0.17371920937500002 0.9011151984374999 0.251747534375 0.8811682187500001
2 0.26147922968750004 0.9166216531250001 0.25105239375 0.87863576875 0.1698454203125 0.8950952765625001 0.1776167203125 0.9286627031249999 0.26147922968750004 0.9166216531250001
0 0.58075968125 0.811889009375 0.548085103125 0.698191065625 0.49266886562499995 0.70984579375 0.5223120875 0.8228686406250001 0.58075968125 0.811889009375
2 0.591885465625 0.8470827812499999 0.5800626453125 0.8120188640625001 0.520464140625 0.82445275625 0.5305612140625 0.8562580671875001 0.591885465625 0.8470827812499999
0 0.8442455343749999 0.7601408375 0.8146912421874999 0.6684876796875 0.7718218828125 0.6778049796875 0.7978909296875 0.7701074 0.8442455343749999 0.7601408375
2 0.8543324546875001 0.7862114953125 0.844940659375 0.7626732421875 0.801370384375 0.77744491875 0.8089921562500001 0.802724440625 0.8543324546875001 0.7862114953125
3 0.808431309375 0.6510206234375 0.7997422796875 0.61936571875 0.138968309375 0.7051985796875 0.1464168421875 0.7315704875 0.808431309375 0.6510206234375
1 0.8160814796875 0.673552434375 0.8073886281249999 0.64722204375 0.1452186203125 0.7359768796874999 0.1511858078125 0.7589556453124999 0.8160814796875 0.673552434375
3 0.75107061875 0.47942005625000006 0.7448163796875 0.45396628906250003 0.0798851609375 0.5059690703124999 0.08559318906249999 0.5333444453125 0.75107061875 0.47942005625000006
1 0.7608042015625001 0.5122113421875001 0.7479291140625 0.48666003281250003 0.1066974125 0.534247696875 0.11215132812499999 0.5533440671875 0.7608042015625001 0.5122113421875001
0 0.20661880156249998 0.66070578125 0.182656340625 0.546715784375 0.10912268437499999 0.5537600578124999 0.130350078125 0.66970070625 0.20661880156249998 0.66070578125
2 0.21252352187499998 0.6875556406250001 0.204879084375 0.6570370578125 0.12959603125000002 0.6737238640625 0.140776425 0.7043476796875 0.21252352187499998 0.6875556406250001
0 0.5411842250000001 0.622334728125 0.5119833375 0.5239609781250001 0.457965065625 0.530031521875 0.48500920625 0.63023969375 0.5411842250000001 0.622334728125
2 0.54569678125 0.646782040625 0.5418813140625 0.6222048640625 0.483331240625 0.6304506140624999 0.49108393906250003 0.65904474375 0.54569678125 0.646782040625
0 0.7893215921875 0.5920791171875 0.7625459359375 0.5132177890625 0.7207287874999999 0.5130224906249999 0.74556261875 0.5950049453124999 0.7893215921875 0.5920791171875
3 0.698550359375 0.34146934375 0.6936903 0.3157558453125 0.05145060781250001 0.31162450937499997 0.056570534375 0.337509775 0.698550359375 0.34146934375
0 0.148207365625 0.4772695859375 0.12738065781250002 0.364026334375 0.060126175000000004 0.3619151234375 0.0782324796875 0.4798316765625 0.148207365625 0.4772695859375
2 0.15481485781249998 0.49600281874999996 0.148910190625 0.4691529515625 0.073634825 0.4751907734375 0.07995842343750001 0.49946797343749993 0.15481485781249998 0.49600281874999996
1 0.7048299234375001 0.3510000453125 0.6996126828125 0.3373316171875 0.13018458593749999 0.36089497812500004 0.1366877484375 0.389110390625 0.7048299234375001 0.3510000453125
0 0.4740491390625 0.45516411406249996 0.44833151875 0.358803321875 0.38734659531250004 0.3608479203125 0.411971059375 0.45092068281250003 0.4740491390625 0.45516411406249996
2 0.47926255781249993 0.47415705625 0.47370157187500006 0.45389788906249995 0.4137631640625 0.45441659999999995 0.418920071875 0.47623655156250005 0.47926255781249993 0.47415705625
0 0.737162384375 0.43675899218750003 0.7065577375000001 0.351956184375 0.6584711359375001 0.34760505468749997 0.6886251671875 0.437633734375 0.737162384375 0.43675899218750003
2 0.73993706875 0.454875284375 0.734378059375 0.4319538984375 0.688027296875 0.43659601718749996 0.6925283328125 0.458527575 0.73993706875 0.454875284375
1 0.658952465625 0.221234315625 0.6530497125 0.191722190625 0.027556542187499998 0.16051396874999999 0.0366514921875 0.1948631796875 0.658952465625 0.221234315625
0 0.1163251359375 0.2890497953125 0.09200165 0.192429309375 0.0317137625 0.1943440546875 0.051387045312500004 0.28525455312500003 0.1163251359375 0.2890497953125
2 0.1187465234375 0.3138866578125 0.11458540312500001 0.2853810234375 0.048373621875 0.287068465625 0.0552817296875 0.316128890625 0.1187465234375 0.3138866578125
0 0.4316900296875 0.298176903125 0.40144066875 0.2039913296875 0.3495192875 0.201685503125 0.373771278125 0.28839557031249996 0.4316900296875 0.298176903125
2 0.434466640625 0.3136309859375 0.4341325859375 0.2937290390625 0.37524264375 0.290059525 0.3811574328125 0.31196685 0.434466640625 0.3136309859375
0 0.6895628890625 0.29805030625 0.65964955625 0.22110445156249997 0.6185334265625 0.2154547546875 0.6421366765625 0.2882948421875 0.6895628890625 0.29805030625
2 0.6919881703125 0.31756270625 0.6864290468750001 0.294641315625 0.6386900078125 0.291556390625 0.646471328125 0.31409775624999997 0.6919881703125 0.31756270625