2 0.2416519671875 0.8763447031249999 0.24001516875 0.8989418703125001 0.9587043140624999 0.8674169390625 0.9590254859374999 0.8412761953125001 0.2416519671875 0.8763447031249999
0 0.8249356750000001 0.7513385703125001 0.8254275859375 0.8477615453125 0.9583805 0.8396732390625001 0.9508616125 0.7388815640625 0.8249356750000001 0.7513385703125001
3 0.9128241546875 0.8731021625000001 0.9114247296875 0.895258615625 0.9593860234375 0.8922474375 0.9583659734375001 0.8685970187500001 0.9128241546875 0.8731021625000001
3 0.8605725390625001 0.8709317343749999 0.86088085 0.897347328125 0.9128129734374999 0.8968545953125 0.912789928125 0.8701697765624999 0.8605725390625001 0.8709317343749999
3 0.8108908859374999 0.8758709515625 0.8111133484374999 0.8949311359375001 0.8605929921875 0.8970311171875001 0.8589509890624999 0.8740524093750001 0.8108908859374999 0.8758709515625
3 0.7487199703125 0.8761496078125001 0.7506327171875 0.8979784078125 0.799990246875 0.8980699296875001 0.8001093609375 0.8754696328125 0.7487199703125 0.8761496078125001
3 0.6907576796875 0.8818834265625 0.6910143703125 0.90387605 0.739387503125 0.8991087453125 0.7379555578125 0.877214459375 0.6907576796875 0.8818834265625
3 0.63022576875 0.8805321359375 0.631378909375 0.9083075234375 0.6794047875 0.903556646875 0.6807699875 0.8784678078124999 0.63022576875 0.8805321359375
3 0.5747304843750001 0.8845540515625 0.574193340625 0.9095609250000001 0.6220041593750001 0.9090686218749999 0.6227905875 0.882735509375 0.5747304843750001 0.8845540515625
0 0.5184544359375 0.763708521875 0.5176938468750001 0.8613771187499999 0.605830934375 0.8581356671875 0.60518636875 0.7584939921875 0.5184544359375 0.763708521875
3 0.5296191046875001 0.8846374328125 0.530534453125 0.9090870203125 0.573348525 0.90708261875 0.574359915625 0.885788834375 0.5296191046875001 0.8846374328125
3 0.47550473593750003 0.8899906046874999 0.47513556562500003 0.9123363140625 0.522849396875 0.9083210921875 0.5214520421875 0.8865608390625 0.47550473593750003 0.8899906046874999
3 0.4213513546875 0.8920013125 0.421637446875 0.9165130703125 0.464128465625 0.916640834375 0.463562225 0.8922874890625 0.4213513546875 0.8920013125
3 0.36595255312499997 0.8952505953125 0.3674319640625 0.914067078125 0.40947890156250005 0.9094925796875 0.40999908593749995 0.8908933687499999 0.36595255312499997 0.8952505953125
0 0.24316315624999998 0.7886976828125001 0.2391207171875 0.8765951015625 0.3430019921875 0.8702477 0.3450690390625 0.7808603734374999 0.24316315624999998 0.7886976828125001
3 0.317449584375 0.8949569937499999 0.31742921874999996 0.9182006625 0.3579996203125 0.91782699375 0.3582820328125 0.8946117296875 0.317449584375 0.8949569937499999
3 0.281012746875 0.8970120250000001 0.2810284703125 0.923351 0.317340828125 0.9176972265625001 0.3177710078125 0.8975076109375 0.281012746875 0.8970120250000001
3 0.2466514703125 0.901960575 0.24573294375 0.9232271953125 0.280339821875 0.9242639609375001 0.28075149375 0.8996202656250001 0.2466514703125 0.901960575
2 0.2461630421875 0.7200526 0.2464507515625 0.7447028687499999 0.9416657109375001 0.6898227328125001 0.943038684375 0.6656982796875 0.2461630421875 0.7200526
0 0.811558546875 0.5822330890625 0.8145554265625 0.676164746875 0.94208316875 0.6645307703125 0.9311695875 0.5715225703125 0.811558546875 0.5822330890625
3 0.8844756859375 0.696091140625 0.8841305828125 0.720804009375 0.9448074265624999 0.7147626078125 0.9439451828125 0.689086425 0.8844756859375 0.696091140625
1 0.8689304328125 0.7211859390625001 0.8691658312499999 0.741354384375 0.9479197046875001 0.7371803296875 0.9474491593750001 0.71790564375 0.8689304328125 0.7211859390625001
1 0.301751365625 0.760466690625 0.30201291874999997 0.7828760703125 0.8674676546875 0.7438763765624999 0.8670320828125 0.721373728125 0.301751365625 0.760466690625
0 0.2540544109375 0.6362614671875 0.24931394375 0.7186191046875 0.352536775 0.7102253000000001 0.35337673125 0.6241926578125 0.2540544109375 0.6362614671875
3 0.24647690781249998 0.7469438390625001 0.245433690625 0.7661170125 0.2933019671875 0.7640612625000001 0.292024959375 0.741316315625 0.24647690781249998 0.7469438390625001
1 0.25874755625 0.7669642875 0.25709759375 0.788441 0.3020794875 0.783393496875 0.301144621875 0.76277023125 0.25874755625 0.7669642875
3 0.827485 0.698363490625 0.8283793671874999 0.720710309375 0.88428675 0.7194869765624999 0.8832100625000001 0.696216340625 0.827485 0.698363490625
3 0.7521695046875 0.7046922265625 0.7524964468750001 0.7327039703125 0.8109824874999999 0.728001009375 0.809779884375 0.7012367359375 0.7521695046875 0.7046922265625
3 0.6831950421874999 0.7115154078125 0.6846960234374999 0.7315586609375 0.737589909375 0.728948578125 0.7363758625 0.708498103125 0.6831950421874999 0.7115154078125
3 0.609118975 0.715477978125 0.610039453125 0.740065690625 0.664938603125 0.732347884375 0.6648440375 0.7133307484375 0.609118975 0.715477978125
0 0.5267491375 0.605920334375 0.5265428937500001 0.6968035421875001 0.6131124640625 0.6882358984375 0.6109107171875 0.5975947953125 0.5267491375 0.605920334375
3 0.54519371875 0.7206798765625 0.5454814296875 0.745330225 0.5979902453125 0.739014121875 0.5983614625 0.716542146875 0.54519371875 0.7206798765625
3 0.477458684375 0.72513693125 0.47899894062500004 0.7485416125000001 0.528948721875 0.7432753828124999 0.52809521875 0.721249596875 0.477458684375 0.72513693125
3 0.41858276562499996 0.7287176125 0.4175525390625 0.749011259375 0.46629254062500003 0.748211003125 0.4654485796875 0.7274468078125 0.41858276562499996 0.7287176125
3 0.3508738859375 0.735415596875 0.3523879 0.7565792796874999 0.402924525 0.7532170421875 0.40089068437500003 0.7327112875 0.3508738859375 0.735415596875
3 0.2926699265625 0.7422950828125 0.29229866875 0.764767096875 0.34307152812499997 0.7540877640625 0.3433064609375 0.738407709375 0.2926699265625 0.7422950828125
2 0.2562069984375 0.5780292515625 0.255367046875 0.5993094078125 0.938789165625 0.5211994328125 0.9382224953125 0.501890496875 0.2562069984375 0.5780292515625
1 0.8587303187499999 0.552887934375 0.8590180265624999 0.5775382421875 0.9331196374999999 0.5682024125 0.9334391984374999 0.5488627625 0.8587303187499999 0.552887934375
1 0.31397363437500003 0.613507640625 0.3135500640625 0.6314977203125001 0.8584064203124999 0.5781183546875 0.8581367828124999 0.5563119249999999 0.31397363437500003 0.613507640625
1 0.256389409375 0.6192040624999999 0.256624809375 0.6393725078125 0.3124144203125 0.630867140625 0.31079657968749996 0.6127001671875 0.256389409375 0.6192040624999999
0 0.8099494453125 0.42111967968749997 0.8121485187499999 0.51628915 0.9361159656250001 0.50194439375 0.9311541984374999 0.40912970781249997 0.8099494453125 0.42111967968749997
3 0.8913609515625 0.5261029921875 0.892953475 0.5539895015625 0.93994360625 0.5422766984375 0.9388335515625 0.5225286062500001 0.8913609515625 0.5261029921875
3 0.84583905625 0.53397140625 0.8460744546875001 0.5541398937500001 0.8922801140625 0.5495167953125 0.8926788453125001 0.5304596593750001 0.84583905625 0.53397140625
3 0.7958483671875001 0.53891665 0.7979952390625 0.5600178046875001 0.846025571875 0.555354978125 0.8452324421874999 0.5362749703125 0.7958483671875001 0.53891665
3 0.74082150625 0.5466036437499999 0.7403979374999999 0.5645937609375 0.78599834375 0.5634480953125001 0.7863957140625 0.543217053125 0.74082150625 0.5466036437499999
3 0.6825783578125 0.5501216906249999 0.6828137578125 0.5702901765624999 0.72716388125 0.5683757 0.72564755625 0.5492264578125 0.6825783578125 0.5501216906249999
3 0.62566618125 0.5591169453125 0.6264951578125 0.5758613968749999 0.6702023796875001 0.5727479843750001 0.6693158359375 0.5536772187500001 0.62566618125 0.5591169453125
0 0.5279977375 0.46057331718750005 0.5284763796874999 0.548204934375 0.61269301875 0.5350228671874999 0.6111786453125 0.4542718234375 0.5279977375 0.46057331718750005
3 0.5718395125 0.561076340625 0.572720759375 0.5823026953125 0.6154058203125 0.5794311734375001 0.615515325 0.5578775828125 0.5718395125 0.561076340625
3 0.529442315625 0.565270409375 0.530969496875 0.5875545875 0.5712573437499999 0.5825359515625 0.5737509421875 0.5620090515625 0.529442315625 0.565270409375
3 0.47884501406249996 0.5725192171875 0.4790542578125 0.5904467343750001 0.5221260234375 0.5861336515625 0.5219011359375 0.57050348125 0.47884501406249996 0.5725192171875
3 0.4288412078125 0.5763439984375001 0.4284569578125 0.5976954625 0.47232702812499994 0.5935849953125001 0.472530140625 0.5742656625 0.4288412078125 0.5763439984375001
3 0.3813947171875 0.58215931875 0.38099739062500004 0.60239031875 0.42037780468749997 0.5999865171875001 0.420654134375 0.5805191671875 0.3813947171875 0.58215931875
3 0.3308533640625 0.589263003125 0.3305911140625 0.60804278125 0.3710177078125 0.6034790921875001 0.370284803125 0.5853623156250001 0.3308533640625 0.589263003125
3 0.29146174375 0.5965695296875 0.2912293078125 0.6179037203125 0.329376825 0.608557765625 0.3294405875 0.5919600921875 0.29146174375 0.5965695296875
3 0.2554063125 0.600988725 0.254643365625 0.61811314375 0.291003928125 0.615232003125 0.29099079687499996 0.5974685890625 0.2554063125 0.600988725
0 0.25950494218750003 0.499697496875 0.2560548625 0.5820533953125 0.359516778125 0.56465858125 0.35967734375 0.4839299296875 0.25950494218750003 0.499697496875
2 0.2657721515625 0.4361736609375 0.2654829984375 0.45687995 0.9239231875 0.3685391140625 0.9256311484375 0.35022052656249997 0.2657721515625 0.4361736609375
0 0.8000148906250001 0.2752365671875 0.8041713343750001 0.35847616250000003 0.9254904859374999 0.34934289375 0.9193320140625 0.265313175 0.8000148906250001 0.2752365671875
3 0.8691078484375 0.37367000781250004 0.8687967984375 0.3924987125 0.92771140625 0.3861477015625 0.9274299375 0.36790059531249997 0.8691078484375 0.37367000781250004
1 0.8534647906249999 0.3977749390625 0.8542360718750001 0.4183763609375 0.9309278593749999 0.4059285390625 0.9303329703125 0.389231028125 0.8534647906249999 0.3977749390625
1 0.317628940625 0.4676997296875 0.3178152171875 0.483659496875 0.853466284375 0.41993834999999996 0.851885153125 0.3988711265625 0.317628940625 0.4676997296875
0 0.2696278421875 0.3634202765625 0.26569968906249997 0.43618082812500003 0.363805003125 0.42077430937500004 0.3669146890625 0.35097657187500003 0.2696278421875 0.3634202765625
3 0.2766172640625 0.4557785109375 0.27579789374999997 0.476537284375 0.3071140484375 0.4718696171875 0.30631935625 0.453780175 0.2766172640625 0.4557785109375
1 0.2599138078125 0.47998834218750003 0.26011104375 0.49688698125 0.3180963921875 0.49194007031250003 0.317683728125 0.47239380156250005 0.2599138078125 0.47998834218750003
3 0.811326915625 0.38032577968750003 0.8121091187499999 0.40186597968750004 0.8698456078125 0.390814134375 0.8691078484375 0.37367000781250004 0.811326915625 0.38032577968750003
3 0.7403238125 0.3911092375 0.74166910625 0.4154134421875 0.798335971875 0.403177315625 0.7975854671875 0.3854447265625 0.7403238125 0.3911092375
3 0.662991196875 0.4053385078125 0.6642378703125 0.4211933796875 0.7172711656249999 0.415427884375 0.717579959375 0.39805859374999997 0.662991196875 0.4053385078125
3 0.6046691078124999 0.4111079203125 0.6043690328125 0.43087540156250004 0.654683278125 0.42479281406249997 0.65450794375 0.40617770000000003 0.6046691078124999 0.4111079203125
0 0.5295658328124999 0.324547809375 0.5272940015625001 0.40278389531250003 0.6094467953125 0.3890697171875 0.6079807625 0.3120912546875 0.5295658328124999 0.324547809375
3 0.54531949375 0.4197986546875 0.54393706875 0.4377933875 0.5902937734375 0.4332781203125 0.590408471875 0.41721809062500004 0.54531949375 0.4197986546875
3 0.4806678546875 0.4290138828125 0.4814281796875 0.44867646250000004 0.5265006984375 0.441704425 0.5272926250000001 0.42158193125 0.4806678546875 0.4290138828125
3 0.4207222796875 0.43212422031250003 0.420985259375 0.45465567656249994 0.468696565625 0.45165397343749997 0.4695665328125 0.43293177031249996 0.4207222796875 0.43212422031250003
3 0.367215790625 0.441176825 0.36587723437499997 0.46292685 0.41081843281249997 0.45526378125000005 0.4112334515625 0.4377623796875 0.367215790625 0.441176825
3 0.3062864828125 0.4509637515625 0.3064837171875 0.46786235937500004 0.35477891562499997 0.46292308125000003 0.355065065625 0.446138415625 0.3062864828125 0.4509637515625
2 0.2729769328125 0.3046839171875 0.27273319375 0.32528195625 0.9201890796875001 0.21494211718749998 0.9194356812500001 0.19187095468749998 0.2729769328125 0.3046839171875
1 0.8453096375 0.25101810156250004 0.8450205046875 0.2717243875 0.9120138843750001 0.26393290937499997 0.9100050890625001 0.24555807343749997 0.8453096375 0.25101810156250004
1 0.32663751093750004 0.33616301875 0.327342978125 0.3511316328125 0.8446669078125 0.274826465625 0.8447903968749999 0.252009325 0.32663751093750004 0.33616301875
1 0.2789413515625 0.3427611265625 0.2786083703125 0.359712121875 0.3261203125 0.35574240156250003 0.3261401671875 0.339031990625 0.2789413515625 0.3427611265625
0 0.795253575 0.129574915625 0.7995980796875 0.21144088437500003 0.9179649453125001 0.19030195625 0.9136704578125 0.112717234375 0.795253575 0.129574915625
3 0.8752352296874999 0.2226805859375 0.8749680281250001 0.245264553125 0.9194961265625 0.23992019375 0.9213517515625 0.2171787296875 0.8752352296874999 0.2226805859375
3 0.8270307828125001 0.23120869375000003 0.8288734203124999 0.252644025 0.8753728265625 0.2453428578125 0.8736555890625001 0.22377677343750002 0.8270307828125001 0.23120869375000003
3 0.7803731046875 0.235824225 0.7806689578125 0.2611721359375 0.82891314375 0.2552280171875 0.8265334765624999 0.23407759687500002 0.7803731046875 0.235824225
3 0.7258172140625 0.245920565625 0.72608019375 0.2684520203125 0.7722771984375 0.262946315625 0.770884278125 0.24146238437499998 0.7258172140625 0.245920565625
3 0.6786950640625 0.2562214578125 0.6789580421875 0.2787529125 0.7144607296875 0.271839240625 0.7141966328125 0.250829678125 0.6786950640625 0.2562214578125
3 0.6400232953125 0.262866575 0.6408274484375001 0.2862844203125 0.6733442328125 0.2790801484375 0.6728848109375 0.25867601093750003 0.6400232953125 0.262866575
3 0.5775472749999999 0.2765661703125 0.577766425 0.2953423953125 0.6328415390625 0.2842547671875 0.632633346875 0.266417384375 0.5775472749999999 0.2765661703125
0 0.5320329625 0.1839027203125 0.5319952781249999 0.2636304828125 0.6131065812500001 0.244462478125 0.6117035453125 0.16573445 0.5320329625 0.1839027203125
3 0.5362025421875 0.2815959875 0.5369738234375 0.302197375 0.5756287859375 0.29720922656250004 0.5759785749999999 0.278601071875 0.5362025421875 0.2815959875
3 0.48691576718749996 0.2883513796875 0.48663757187499995 0.309996509375 0.5279515859374999 0.305099140625 0.5272219796875001 0.28530408125 0.48691576718749996 0.2883513796875
3 0.4376509421875 0.2969843875 0.43474365 0.3207693796875 0.4760993921875 0.31340205781249997 0.4769186375 0.2959196046875 0.4376509421875 0.2969843875
3 0.3926277078125 0.3051978640625 0.3923604703125 0.32778176875 0.43139199687499996 0.319940346875 0.429730778125 0.30058758281250003 0.3926277078125 0.3051978640625
3 0.3449315484375 0.3117959078125 0.3446204796875 0.33062458281249996 0.3854547484375 0.3234267671875 0.3847075453125 0.30880099687499996 0.3449315484375 0.3117959078125
0 0.27703314218749997 0.2374172953125 0.2730169078125 0.308108940625 0.370913015625 0.286843871875 0.3707175125 0.2170055234375 0.27703314218749997 0.2374172953125
3 0.34615814375 0.31304408906250003 0.3088457625 0.3179719671875 0.3098029765625 0.3401400234375 0.345841459375 0.3317516625 0.34615814375 0.31304408906250003
3 0.284440746875 0.321622984375 0.2843297546875 0.3420415078125 0.30860996875 0.3396108078125 0.30918015468750004 0.3167020734375 0.284440746875 0.321622984375
2 0.2773407296875 0.180808553125 0.2775406078125 0.1979337296875 0.9053782671875 0.0709175671875 0.904730053125 0.05187980625000001 0.2773407296875 0.180808553125
0 0.7836849640625 0 0.7882974968750001 0.072827415625 0.9046093234375 0.05169715312499999 0.90218638125 0 0.7836849640625 0
3 0.8512826578125001 0.0768836515625 0.8515724828125 0.1017152203125 0.9077566609375 0.08804911875 0.9068642406249999 0.06881363593749999 0.8512826578125001 0.0768836515625
1 0.8409237624999999 0.10191138125000002 0.8416372015625001 0.121557459375 0.9113130015625 0.11278273750000001 0.9104991437500001 0.089885259375 0.8409237624999999 0.10191138125000002
1 0.330390559375 0.20470709375 0.3306304140625 0.2252573234375 0.8417058125000001 0.12159815624999999 0.8414273296875001 0.10357605624999999 0.330390559375 0.20470709375
0 0.28138701093749996 0.11268567031250001 0.278297921875 0.17985659062499998 0.374400128125 0.15920563593749998 0.3750713140625 0.092273903125 0.28138701093749996 0.11268567031250001
3 0.3241240953125 0.20704148125000002 0.322986946875 0.19258078437499998 0.27902130468749997 0.2003589890625 0.2796896734375 0.2167524171875 0.3241240953125 0.20704148125000002
1 0.276339740625 0.219483725 0.2765496125 0.23746512812499998 0.32936075 0.22631115156249998 0.3294534203125 0.207371559375 0.276339740625 0.219483725
3 0.79670820625 0.08828310624999999 0.79645450625 0.1080249140625 0.85232674375 0.0983565484375 0.8517962171875 0.079404640625 0.79670820625 0.08828310624999999
3 0.7382451484375 0.098352715625 0.7385149875 0.1214717125 0.7920234859375 0.11107571249999999 0.790945259375 0.09228220312499999 0.7382451484375 0.098352715625
3 0.6773941765625 0.11123027968750002 0.6766668421875 0.13187615625 0.7300770359375 0.1229926015625 0.72959066875 0.10349506718749998 0.6773941765625 0.11123027968750002
3 0.614598896875 0.12344290625000001 0.6138715984374999 0.14408878125 0.6659546578125 0.13512474218749998 0.665314696875 0.113282465625 0.614598896875 0.12344290625000001
1 0.6949687203125 0 0.33669872343749996 0.081496659375 0.3373821953125 0.098573996875 0.7754437453125 0 0.6949687203125 0
0 0.5300802578125 0.058080471875 0.5323705296875 0.129862715625 0.6096031921875 0.1102211546875 0.60922730625 0.03653495625 0.5300802578125 0.058080471875
3 0.552327190625 0.1390327734375 0.5530305828125 0.15782263125 0.601322040625 0.1502018265625 0.6006250859375 0.12911149375 0.552327190625 0.1390327734375
3 0.4919796640625 0.153575025 0.4917160703125 0.1724605390625 0.5382988765625 0.1631900515625 0.5378597578125001 0.14389291875000002 0.4919796640625 0.153575025
3 0.43014164531250004 0.1648357125 0.43185213593749994 0.18695495 0.47961631562499996 0.1747840671875 0.47896307812499994 0.1582916453125 0.43014164531250004 0.1648357125
3 0.3746199953125 0.178043325 0.3753034671875 0.19512069375000002 0.419752703125 0.1872946203125 0.42003641875 0.17012160781250002 0.3746199953125 0.178043325
3 0.321042709375 0.1919158703125 0.3212126078125 0.20647224843749998 0.368234996875 0.1973801609375 0.3674263203125 0.18389844375 0.321042709375 0.1919158703125
1 0.2806634953125 0.0921833140625 0.28285771249999997 0.114254671875 0.3373821953125 0.098573996875 0.337172321875 0.0805924765625 0.2806634953125 0.0921833140625