2 1 0.65543005 0.3413938328125 0.73778501875 0.344637840625 0.753954 1 0.6782541515625 1 0.65543005
0 1 0.55661839375 0.8996684703125 0.5711244453125001 0.9207761140624999 0.6707709328125 1 0.6583396609375 1 0.55661839375
3 1 0.68046675625 0.955663984375 0.6868500828124999 0.9600529359375001 0.708725759375 1 0.7054551546875001 1 0.68046675625
3 0.9056319281249999 0.6932082875 0.9095222765625 0.7181583 0.9584793484375 0.7101023609375 0.9551284609374999 0.6869605437499999 0.9056319281249999 0.6932082875
3 0.8514694921875 0.698437540625 0.8562770453124999 0.7251792703125 0.9051100578125 0.7186354625 0.8993963656249999 0.695484984375 0.8514694921875 0.698437540625
3 0.793595309375 0.70740383125 0.79836591875 0.7311817859375 0.8449996890625 0.72484593125 0.841866878125 0.7033896703125 0.793595309375 0.70740383125
3 0.7362197 0.713295846875 0.7407625328125 0.733158871875 0.7868978906249999 0.7306420921875 0.7825399609375 0.7106746687500001 0.7362197 0.713295846875
0 0.6116763109375001 0.61170961875 0.6272808484375 0.7006054703125 0.7179647015625 0.692877328125 0.7001495984375 0.6023745171875 0.6116763109375001 0.61170961875
3 0.6767019609375 0.7196297390625 0.6810909140625 0.741505415625 0.7276955 0.7379029765625 0.7246288359374999 0.7166771828125 0.6767019609375 0.7196297390625
3 0.633250084375 0.7226497000000001 0.63744821875 0.7435742921874999 0.680306084375 0.7414894890625 0.67758218125 0.7184576921875 0.633250084375 0.7226497000000001
3 0.5815529140625 0.7313323375 0.5859049234375 0.7502442421875 0.62779893125 0.74736934375 0.6241244890625001 0.7294844406250001 0.5815529140625 0.7313323375
3 0.52593774375 0.7348802796875 0.5303267015625 0.7567559921875 0.5723752296875 0.7526130906249999 0.5711870125 0.732480053125 0.52593774375 0.7348802796875
3 0.4773583828125 0.7429198031250001 0.48136568750000003 0.76289325625 0.5218766484375 0.7580786390625 0.5183233921875 0.74140329375 0.4773583828125 0.7429198031250001
3 0.425719759375 0.7496093968750001 0.4285021140625 0.7718165234375001 0.47185497656250003 0.765921225 0.46840825625000004 0.742784984375 0.425719759375 0.7496093968750001
0 0.3284669796875 0.6483368031250001 0.3421202171875 0.7386256515625 0.4483829390625 0.720668715625 0.4338863953125 0.63451575 0.3284669796875 0.6483368031250001
3 0.382612628125 0.751567803125 0.38722931250000003 0.77735841875 0.428767 0.7735713 0.4239223296875 0.7489896890625001 0.382612628125 0.751567803125
3 0.3420662171875 0.757950365625 0.345574953125 0.78099810625 0.387075490625 0.7793711531249999 0.3848286140625 0.757053571875 0.3420662171875 0.757950365625
2 1 0.482814840625 0.314894390625 0.5851920203125001 0.31991980625 0.6102399953125001 1 0.5077186296875 1 0.482814840625
1 1 0.5385317515625 0.94676429375 0.5445718015625001 0.9497005609375 0.5647661953124999 1 0.556770690625 1 0.5385317515625
1 0.3864641953125 0.620526025 0.39135172812499996 0.6393274640625 0.9455022953125001 0.565492134375 0.9424800375 0.5454555171875 0.3864641953125 0.620526025
1 0.33199405 0.6297806421875001 0.33416694062499996 0.6461706046875 0.38886221875000004 0.6407040015625001 0.3852392390625 0.6227596625 0.33199405 0.6297806421875001
3 1 0.509236209375 0.9637226546875001 0.5123498625 0.9696012640625 0.538870740625 1 0.5374593359375 1 0.509236209375
0 1 0.426931640625 0.9909123015624999 0.3852335 0.8629775375 0.4064057765625 0.8830012843749999 0.500353128125 1 0.4796689890625 1 0.426931640625
3 0.9219513078125001 0.5209660609375 0.9256139234375 0.5420011328125 0.965074515625 0.5379385484375 0.9611188890625 0.5188298437500001 0.9219513078125001 0.5209660609375
3 0.8739074765625 0.5288951609375 0.8790597265625 0.5545753265625 0.9242335625000001 0.546362834375 0.918584221875 0.5236415578125 0.8739074765625 0.5288951609375
3 0.8165688093749999 0.5377509703125 0.818280125 0.5601790390625 0.8652696265625 0.5548122390625 0.8615902656250001 0.5314358390625 0.8165688093749999 0.5377509703125
3 0.75617085 0.5452568906249999 0.7609045109375 0.5660710390625 0.807167828125 0.5606084 0.803371384375 0.5414637124999999 0.75617085 0.5452568906249999
3 0.6970347640625 0.5534930265625 0.7010790234375001 0.5764303078124999 0.7482038921874999 0.56905780625 0.7443891640625 0.5476871062499999 0.6970347640625 0.5534930265625
0 0.5826882343750001 0.4558741765625 0.5977191125 0.5425043828125 0.68478255 0.5280658109374999 0.6681120828125 0.4424272484375 0.5826882343750001 0.4558741765625
3 0.6443250171875 0.5604035625 0.6471074109375 0.5826106625 0.6930644859374999 0.5791937359375 0.6893834640625001 0.5570522343750001 0.6443250171875 0.5604035625
3 0.6005284843750001 0.5644851 0.6046096999999999 0.590386225 0.6463445921875001 0.58264214375 0.6434447953125 0.5615755921875001 0.6005284843750001 0.5644851
3 0.5473427609375 0.574299628125 0.5516930859375 0.5959827796875 0.5952614671875 0.591597046875 0.5913504640625 0.5697382484375 0.5473427609375 0.574299628125
3 0.497782640625 0.5807590046875 0.5021329671875 0.60244215625 0.5441671203125 0.5983740875 0.5402794328125 0.5750039109375 0.497782640625 0.5807590046875
3 0.44932644687499995 0.588496046875 0.45271785781249996 0.6096243218749999 0.49409033750000003 0.604941234375 0.49170631093750006 0.5842704453125 0.44932644687499995 0.588496046875
3 0.396365634375 0.594904215625 0.400599059375 0.6181168515625 0.44539353437500007 0.6131048406249999 0.44092529999999996 0.59098165625 0.396365634375 0.594904215625
0 0.302723153125 0.501102165625 0.314330225 0.5853083906250001 0.41869808906249995 0.5673054843750001 0.4057128921875 0.4902922140625 0.302723153125 0.501102165625
3 0.35837343125 0.6019881875 0.3617929515625 0.625368709375 0.4017845609375 0.620218978125 0.3974695640625 0.5961818796875 0.35837343125 0.6019881875
3 0.3209051765625 0.6074587421875 0.3232487546875 0.63181386875 0.3617370703125 0.6265984875 0.35895347499999997 0.6048792859375001 0.3209051765625 0.6074587421875
2 0.29083221406250004 0.4389067640625 0.29428845312499996 0.45906143750000006 0.9794557578124999 0.3421176640625 0.97475473125 0.31348438125 0.6517924140625 0.3727984125 0.502336378125 0.406756921875 0.29083221406250004 0.4389067640625
1 0.9100921937500001 0.3747764140625 0.913548390625 0.3949310953125 0.9903632578125 0.3855011109375 0.9851995890625 0.365544271875 0.9100921937500001 0.3747764140625
1 0.36063417656249996 0.4735061328125 0.3648165296875 0.491424184375 0.9134392328125 0.39745684375 0.908399825 0.3751255 0.36063417656249996 0.4735061328125
0 0.277610575 0.36129384062500003 0.290268134375 0.43902311562499996 0.3950345875 0.4194997296875 0.3810477546875 0.3410011984375 0.277610575 0.36129384062500003
3 0.29521569531249997 0.45782685 0.2985098015625 0.48010173125 0.3461125359375 0.472757721875 0.3422785625 0.4522927 0.29521569531249997 0.45782685
1 0.2977755984375 0.48229847187499997 0.30130960625 0.50869740625 0.3661501609375 0.4920931265625 0.361159378125 0.4702676671875 0.2977755984375 0.48229847187499997
0 0.831263925 0.2512649890625 0.8512487484375001 0.34209023906249997 0.976547803125 0.31664129375 0.954406753125 0.223777403125 0.831263925 0.2512649890625
3 0.9240851984375 0.3478923453125 0.9295126171874999 0.37494400781250004 0.9837259890625001 0.3634016078125 0.9790459203124999 0.34072910156249997 0.9240851984375 0.3478923453125
3 0.8667058484375 0.3576412484375 0.8717312500000001 0.3826891484375 0.9260957703124999 0.37268140625 0.9222306781249999 0.350361565625 0.8667058484375 0.3576412484375
3 0.7999372359375 0.370370203125 0.803069225 0.394765371875 0.8573839375000001 0.3816393953125 0.8535687078124999 0.3624378203125 0.7999372359375 0.370370203125
3 0.732766621875 0.38109547187500004 0.7379930359375 0.40714527343749995 0.7868557390625 0.396187284375 0.78244915625 0.373977478125 0.732766621875 0.38109547187500004
3 0.6605577609375 0.3959900328125 0.6655831625 0.42103793125 0.7186462890625 0.40764926562500003 0.7158426640625 0.3845863859375 0.6605577609375 0.3959900328125
0 0.5535100171875 0.3075140390625 0.57023323125 0.393795203125 0.653634978125 0.372818221875 0.637202534375 0.291294140625 0.5535100171875 0.3075140390625
3 0.590041271875 0.410535509375 0.5943015296875 0.43469783125 0.64479458125 0.4202750796875 0.6406510562500001 0.4021829671875 0.590041271875 0.410535509375
3 0.524199884375 0.4220298015625 0.5288232671875 0.4450739375 0.5785463640625 0.43785156562500005 0.5740834265625 0.4159139109375 0.524199884375 0.4220298015625
3 0.46532920312500003 0.43312980625 0.4695505203125 0.4541699484375 0.5195055796875 0.44742232031249995 0.5157768890625001 0.42689742812500003 0.46532920312500003 0.43312980625
3 0.4024786140625 0.44196196875 0.406738834375 0.4661243375 0.4557307234375 0.45536195468749996 0.45159695468749994 0.4349604328125 0.4024786140625 0.44196196875
3 0.3437699625 0.4509417046875 0.3460978703125 0.47132911875000005 0.39411999999999997 0.4667666265625 0.39063180937499997 0.44440561718750005 0.3437699625 0.4509417046875
2 0.26736519531249997 0.29558748437500004 0.2706592859375 0.31786229062500004 0.9440282046874999 0.183841478125 0.9400503718750001 0.16100587500000002 0.26736519531249997 0.29558748437500004
1 0.87837858125 0.2196356265625 0.8823988999999999 0.239673946875 0.9546845140625001 0.22597292656249998 0.9511516078125 0.2046246953125 0.87837858125 0.2196356265625
1 0.3362088484375 0.3283391484375 0.339827134375 0.346373628125 0.8820404703125 0.24095725625000003 0.8768871890625001 0.22098666250000001 0.3362088484375 0.3283391484375
1 0.274880634375 0.3389025859375 0.27970500625 0.3629485078125 0.3388999078125 0.347608290625 0.33508060156249997 0.32857187187500003 0.274880634375 0.3389025859375
0 0.7984140328125 0.0963171125 0.8170695953125 0.18637318593750002 0.939004403125 0.1588015453125 0.920428621875 0.0690622890625 0.7984140328125 0.0963171125
3 0.8989401375 0.190353296875 0.9035634890625 0.21339727968750002 0.94779605625 0.202621428125 0.941652065625 0.1836298515625 0.8989401375 0.190353296875
3 0.854010596875 0.20066430156249998 0.8584718734375001 0.22582856406250001 0.903865671875 0.21429059218750002 0.8999452171875 0.195362878125 0.854010596875 0.20066430156249998
3 0.8069866171875001 0.20932060156249999 0.8095155796875 0.23070990624999999 0.8563605875 0.22278568437500001 0.850988925 0.20024422031250003 0.8069866171875001 0.20932060156249999
3 0.7458593765625 0.22088594687500002 0.7503206515625 0.24605020781250003 0.7940928734375 0.2382372984375 0.7880071796875 0.2142788625 0.7458593765625 0.22088594687500002
3 0.6905744296874999 0.23228960468749998 0.694432659375 0.254448125 0.7376703140624999 0.2498756109375 0.733487378125 0.22656809687499999 0.6905744296874999 0.23228960468749998
3 0.63299406875 0.24103660625 0.6386225140625 0.26909024375 0.6795377125 0.256651415625 0.6762701046874999 0.23419672187499999 0.63299406875 0.24103660625
0 0.524686884375 0.1579958625 0.53931564375 0.24262224531249998 0.6218304125 0.2216175796875 0.6059218890625 0.141239471875 0.524686884375 0.1579958625
3 0.5831883375 0.25339674843750004 0.5889788890625 0.2793302640625 0.63092154375 0.2705909296875 0.6245320890625 0.24278206249999998 0.5831883375 0.25339674843750004
3 0.5399512234375 0.2633587359375 0.5451386765625 0.28628648125 0.5871940609374999 0.27961062187499997 0.582663153125 0.2566352890625 0.5399512234375 0.2633587359375
3 0.4906707359375 0.27248040625000003 0.49472995 0.2956409140625 0.5370707515625 0.28603815312499997 0.5339467609375 0.26564068281250003 0.4906707359375 0.27248040625000003
3 0.4438477703125 0.28213860625 0.44959939687499995 0.30495001718750003 0.4884062953125 0.2960761984375 0.48450414531249997 0.276882603125 0.4438477703125 0.28213860625
3 0.39533239062500003 0.2921459 0.40285428437500004 0.320852459375 0.44231177656250004 0.30428032968749996 0.4380054515625 0.2823004203125 0.39533239062500003 0.2921459
3 0.34867157187500003 0.299683965625 0.3536969703125 0.3247318640625 0.39205795781249997 0.316819121875 0.3889648734375 0.295546178125 0.34867157187500003 0.299683965625
0 0.2531383828125 0.2129649578125 0.26752724843750003 0.2934673296875 0.36722361718749996 0.2741354640625 0.35206248125 0.1936031921875 0.2531383828125 0.2129649578125
3 0.3093833578125 0.30883137031249996 0.3142077375 0.3328773296875 0.3536974375 0.32386266875 0.34927461718749997 0.3026897046875 0.3093833578125 0.30883137031249996
3 0.27045828906249997 0.316860465625 0.27528266874999996 0.340906425 0.31349636406250003 0.33215496718750004 0.309221215625 0.3109515421875 0.27045828906249997 0.316860465625
1 0.844439365625 0.0680425765625 0.8488227953124999 0.0869626328125 0.9159155703125 0.0699931984375 0.9122972921875 0.0519587578125 0.844439365625 0.0680425765625
1 0.310485240625 0.1854852953125 0.3148686984375 0.204405265625 0.8471635875000001 0.0890865328125 0.8437131156250001 0.07027918749999999 0.310485240625 0.1854852953125
1 0.2561276015625 0.1956542328125 0.256724221875 0.21326866875 0.3144727875 0.2015725796875 0.312378665625 0.1861381015625 0.2561276015625 0.1956542328125