3 0.052084862499999995 0.054946639062500004 0.056365612499999995 0.08305405 0.6547381375 0.1404887859375 0.6509069015625 0.11843679843749999 0.052084862499999995 0.054946639062500004
3 0.0842295953125 0.23996660625000002 0.088909146875 0.26366308125 0.680584334375 0.31272798125 0.6762057921875 0.2875257828125 0.0842295953125 0.23996660625000002
3 0.11095624374999999 0.4105695765625 0.11470625000000001 0.43897256406249996 0.69887599375 0.46495603750000003 0.69693845 0.4470976015625 0.11095624374999999 0.4105695765625
3 0.16050965625 0.578410675 0.165976825 0.6100105046875 0.736100809375 0.625565215625 0.7313573843750001 0.598262821875 0.16050965625 0.578410675
3 0.181938646875 0.7454753984375 0.18537035468750002 0.7685808796875 0.752540640625 0.7704878296875 0.7481620906249999 0.745285590625 0.181938646875 0.7454753984375
0 0.09733220419430526 0.16385494803344763 0.07492067049962943 0.11160692182065049
2 0.08788956220555538 0.1002548336393613 0.06380822177194438 0.03778678454774688
0 0.37630680471268485 0.18740311577121221 0.0683972684261109 0.10797173879011232
2 0.36635631479745345 0.12686422849830858 0.060956623845462944 0.040656693032477785
1 0.0777589359375 0.211106834375 0.0841036625 0.24270984062499998 0.67544868125 0.286520840625 0.6725989359375 0.263411925 0.0777589359375 0.211106834375
0 0.6433282093781015 0.2161809174479005 0.06458876324231469 0.09990414727484324
2 0.6314051163525924 0.15082698441736234 0.051308221771944315 0.036766418486670595
0 0.12677357082972157 0.34078410985215846 0.0649988663525924 0.10459164727484324
2 0.11498717884097172 0.2769926768216203 0.0558590207351851 0.035586555759574166
0 0.4065588156459253 0.35586607334755754 0.07253796427907386 0.10210437606301595
2 0.3951825267674532 0.2967621403170194 0.05728481969842587 0.03415160151720879
1 0.112175665625 0.3875219703125 0.115824453125 0.40852380312500003 0.6994906796875 0.4450219875 0.6954770109374999 0.42191994218750006 0.112175665625 0.3875219703125
0 0.6641662640907864 0.37456737335725593 0.06445206220555537 0.09834164727484325
2 0.6561883772858328 0.3188435318419868 0.0504880155513888 0.02739141848667064
0 0.15559978279972125 0.5106820216708693 0.0774988663525924 0.10561201333591956
2 0.14337389340286952 0.4507330657615139 0.06040981969842587 0.03440669303247788
0 0.43276787554240653 0.5224476665298166 0.0736903611687961 0.09754442182065048
2 0.4215966382190732 0.46568748349927847 0.05742152073518518 0.03571410151720862
1 0.1530397796875 0.5521838906250001 0.155483015625 0.576435025 0.7169905390625 0.5993988078125 0.7131593125 0.5773468796875 0.1530397796875 0.5521838906250001
0 0.685072669321851 0.5337350792666113 0.0654677580585183 0.09221919303247787
2 0.6776709809617584 0.47573126063015947 0.055859020735185186 0.035586555759574166
0 0.20786349476972094 0.6824931198540981 0.06941296427907391 0.10184928454774696
2 0.19635050485448957 0.62182668682356 0.05783162384546285 0.0404016015172088
0 0.47541257973671164 0.6818385130460555 0.06744036116879606 0.09703423879011233
2 0.466858494486897 0.6283946486519691 0.05374971658814811 0.029209010001939716
0 0.7224830693691192 0.6864932885099465 0.060233453911481404 0.08558655575957416
2 0.7117902856744434 0.6352018554794084 0.04906221658814811 0.028826372729036008
0 0.22642615000078545 0.8414695071270017 0.06886616013203684 0.09559928454774677
2 0.21355571164069298 0.783019278338829 0.06564412384546292 0.041039330305381407
0 0.4888776318574985 0.8357447630460555 0.0654677580585183 0.09221919303247779
2 0.4786926960893041 0.7813921028943346 0.060273118661666555 0.032844193032477875
0 0.7339755183796282 0.8355844927523121 0.06037015494824054 0.08714905575957417
2 0.7285464331298135 0.7823957198734949 0.055859020735185186 0.035586555759574166
1 0.1875418828125 0.72142740625 0.1918321640625 0.74541698125 0.7512543828125 0.7463184875 0.74760559375 0.7253166359375001 0.1875418828125 0.72142740625
1 0.206852015625 0.8828793546875 0.21024415937500002 0.9050443046875 0.76820684375 0.8975450781250001 0.7637936109375 0.875496584375 0.206852015625 0.8828793546875