3 0.0421762578125 0.0837733609375 0.0425104078125 0.10619302187499999 0.6756343218749999 0.1803255890625 0.676958753125 0.154438071875 0.0421762578125 0.0837733609375
0 0.0427971046875 0.138935803125 0.0425104078125 0.2509280203125 0.1067499453125 0.26034170156249997 0.110723540625 0.1426709953125 0.0427971046875 0.138935803125
2 0.0446596484375 0.10804483437500001 0.04317268125 0.1391408421875 0.10939903437500001 0.1462010953125 0.1120480859375 0.11913685624999999 0.0446596484375 0.10804483437500001
0 0.3606712234375 0.17203326875 0.36172136875 0.2756388640625 0.4200006078125 0.2791689984375 0.4200006078125 0.17561876406250002 0.3606712234375 0.17203326875
2 0.361292071875 0.14224555 0.361059115625 0.17091190625 0.42198736718749996 0.177972209375 0.4213251140625 0.1520846265625 0.361292071875 0.14224555
3 0.0550934109375 0.28387585625 0.05178210625 0.3062332546875 0.66768713125 0.3380043359375 0.66768713125 0.315646903125 0.0550934109375 0.28387585625
1 0.043417953125 0.25477693281249997 0.044497225 0.28152241093749997 0.66768713125 0.3168236265625 0.67033614375 0.290936059375 0.043417953125 0.25477693281249997
0 0.6282566625 0.20071773906249998 0.62397773125 0.290936059375 0.6690117140625 0.293289471875 0.6736474875 0.2050364328125 0.6282566625 0.20071773906249998
2 0.6270149671875 0.17203326875 0.624639984375 0.197976196875 0.67232305625 0.203859709375 0.6762965000000001 0.177972209375 0.6270149671875 0.17203326875
0 0.05228630468749999 0.3353628140625 0.055900101562500006 0.44328977187499996 0.11771882656249999 0.4453819171875 0.11713011874999998 0.3439113640625 0.05228630468749999 0.3353628140625
2 0.052948621875000004 0.306920071875 0.050927151562499995 0.3334505203125 0.1156896296875 0.341819159375 0.1174558859375 0.3125287421875 0.052948621875000004 0.306920071875
0 0.3735104421875 0.348113009375 0.3720587140625 0.4401514953125 0.4238687109375 0.4422436703125 0.42563493281250003 0.3501878890625 0.3735104421875 0.348113009375
2 0.37461430625 0.32555497187500004 0.3744137453125 0.348095684375 0.4238687109375 0.3491418171875 0.4244574515625 0.32822006875 0.37461430625 0.32555497187500004
0 0.619671896875 0.360863203125 0.615212359375 0.44328977187499996 0.65877985 0.4464280203125 0.6670223562500001 0.3554183109375 0.619671896875 0.360863203125
2 0.6207757593750001 0.3392859515625 0.6210999015625001 0.363787040625 0.6681999046875 0.3585565890625 0.667611096875 0.3344965625 0.6207757593750001 0.3392859515625
3 0.050078578124999995 0.46188397812500004 0.0506013328125 0.48931764843750003 0.65524740625 0.48931764843750003 0.655836146875 0.46002717187500003 0.050078578124999995 0.46188397812500004
1 0.053942098437499995 0.445210646875 0.0535451046875 0.46734976875 0.661723621875 0.46734976875 0.661723621875 0.4443358453125 0.053942098437499995 0.445210646875
0 0.049526646875000004 0.52073103125 0.0535451046875 0.6221709140625 0.11713011874999998 0.62112478125 0.1141863484375 0.5144237765625 0.049526646875000004 0.52073103125
2 0.048974715625 0.4903267203125 0.0494238859375 0.5175620234375 0.11006506093749999 0.51651598125 0.11006506093749999 0.4872254734375 0.048974715625 0.4903267203125
0 0.37130271718749996 0.5119039734374999 0.36852620156250004 0.6022952375 0.41798123593750003 0.601249225 0.42033619843750003 0.5133776734375 0.37130271718749996 0.5119039734374999
2 0.369646921875 0.4913075046875 0.3691150109375 0.5154698484375 0.42210248906250003 0.51651598125 0.42210248906250003 0.48827154687499996 0.369646921875 0.4913075046875
0 0.6146236187499999 0.5112855281249999 0.614034878125 0.591834334375 0.6540699234375 0.5876499843749999 0.6564248874999999 0.5091933234375 0.6146236187499999 0.5112855281249999
2 0.6116799140625 0.484087196875 0.6128574640625 0.508147221875 0.6487711218750001 0.50710115 0.6481824484375001 0.4903637515625 0.6116799140625 0.484087196875
1 0.053942098437499995 0.620771021875 0.0553113953125 0.6462309390625001 0.65171489375 0.6096178046875 0.65524740625 0.5855578984375 0.053942098437499995 0.620771021875
3 0.051182440625000006 0.8179086484375 0.051778848437500004 0.8488553156249999 0.6340524015625 0.76412213125 0.6358186234375001 0.7390160328125 0.051182440625000006 0.8179086484375
1 0.055045960937500006 0.9679686343749999 0.0553113953125 0.9879851640625 0.63051995625 0.8896527390625 0.6299311484375 0.8635005687499999 0.055045960937500006 0.9679686343749999
0 0.051734371875 0.87381335 0.0547225859375 0.9681093687500001 0.11713011874999998 0.9555563203125 0.1147750546875 0.8561779421875 0.051734371875 0.87381335
2 0.053942098437499995 0.84929374375 0.051190107812499996 0.868730990625 0.11359757343750002 0.8666388453125 0.11124261093750001 0.83944054375 0.053942098437499995 0.84929374375
0 0.34812159375 0.828697275 0.34674245625 0.91475895625 0.398552453125 0.9084823421875001 0.40090748437499996 0.8195648078125 0.34812159375 0.828697275
2 0.3475696625 0.8041776703125001 0.347331265625 0.8279335671875 0.40090748437499996 0.8185187359375 0.401496225 0.7965509156249999 0.3475696625 0.8041776703125001
0 0.594283046875 0.78946590625 0.5893074953124999 0.8718692671875001 0.6322861109375 0.86245455625 0.6322861109375 0.782951734375 0.594283046875 0.78946590625
2 0.594283046875 0.7669078687499999 0.5946061625 0.792366565625 0.6352298828125 0.782951734375 0.6346411421875 0.76307611875 0.594283046875 0.7669078687499999