2 0.700726403125 0.945334540625 0.025619695312500003 0.880491821875 0.026344171875 0.9053904718749999 0.69940940625 0.9677856515625001 0.700726403125 0.945334540625
0 0.13170438281250002 0.7980278296875001 0.022893778125 0.7868081015625 0.0257044390625 0.8834042468750001 0.1237609703125 0.8897224421875001 0.13170438281250002 0.7980278296875001
3 0.03447719853420248 0.9168156857756488 0.016488818025830944 0.03050637155129756
3 0.06581812674744784 0.9215784288782437 0.051000210345698974 0.0369953889641522
3 0.11496868058751382 0.9218141242648311 0.05077288981258556 0.0291828889641522
3 0.1720453946941365 0.926365505427067 0.04925585391920828 0.030663501809022265
3 0.22535225112062723 0.9353996687014785 0.04782974623907634 0.03526911465389269
3 0.28084373317393857 0.9390879127085846 0.04769335391920819 0.03058161465389233
0 0.4113556296875 0.9162728343750001 0.41611939375 0.8241345062500001 0.32765925 0.812922440625 0.3228955359375 0.9050607312500001 0.4113556296875 0.9162728343750001
3 0.33713919728056124 0.9435983502932558 0.044568353919208284 0.030417840343633172
3 0.3816931793338726 0.9467133842144537 0.04930131802583091 0.03222600180902262
3 0.4340823934404952 0.9510191039113003 0.046085389812585476 0.028937227498762753
3 0.489664803707052 0.9578323479184064 0.044568353919208194 0.030417840343633172
3 0.5436392498669861 0.9630012047703829 0.044522889812585474 0.028855340343633174
3 0.5975909639736087 0.9673888116223595 0.04622178213245363 0.03362472749876275
0 0.701362371875 0.9454232843750001 0.7046566953125 0.856475178125 0.5969869984375 0.844846040625 0.593169946875 0.936353646875 0.701362371875 0.9454232843750001
3 0.6383523562934768 0.9742053776557331 0.04148881802583091 0.03181656603337331
3 0.6790228204000994 0.9778969436891065 0.042914925705962934 0.02721095318850324
2 0.707534696875 0.8137532125 0.70867961875 0.7942354734375 0.6355104546875 0.780447609375 0.020782928125 0.7142628921874999 0.0215628203125 0.7410660421874999 0.3684095046875 0.77269235 0.707534696875 0.8137532125
1 0.08150840625 0.768433540625 0.022276440624999998 0.7655915890625 0.022921628125 0.787765253125 0.08012556093749999 0.7920071921875 0.08150840625 0.768433540625
1 0.42070001562500003 0.8225552015625001 0.6428371828125 0.850157225 0.644154178125 0.8277061124999999 0.0821443515625 0.7685222828125 0.080505253125 0.794104259375 0.42070001562500003 0.8225552015625001
1 0.7050924968750001 0.8599762 0.705905225 0.835191221875 0.6434523546875 0.828739971875 0.64295875 0.8527904765625 0.7050924968750001 0.8599762
0 0.0835666017411302 0.6736698733603198 0.1313074874635877 0.11608974672063965
3 0.04298471733882096 0.7534492265942516 0.04305131802583094 0.03189845318850324
3 0.08602166349875498 0.7580448733603198 0.04925585391920826 0.030663501809022265
3 0.136021663498755 0.7606652623244718 0.05086381802583091 0.032307888964152195
3 0.18687110965868903 0.7656703448661888 0.04764788981258557 0.029019114653892508
3 0.24091375197855705 0.7731829517181652 0.04925585391920828 0.030663501809022265
3 0.299507501978557 0.776253720035531 0.04916492570596294 0.027538501809022266
0 0.3794474030739137 0.7086777956798429 0.09652331050398351 0.10022572930778502
3 0.3551126442984251 0.7838482140426372 0.04755696159934022 0.025894114653892686
3 0.40122912635173646 0.7870451351189648 0.04599446159934022 0.025812227498762753
3 0.45212403661829315 0.7936127176606818 0.046130853919208195 0.03049972749876275
3 0.49911269688484977 0.7999755823145744 0.04617631802583091 0.03206222749876275
3 0.5499848750980952 0.8057619148562912 0.046130853919208195 0.03049972749876275
3 0.6023740892047179 0.8100676345531379 0.044568353919208194 0.030417840343633172
0 0.6541889903000746 0.7410177414051143 0.11683581050398359 0.10129026232447184
3 0.6454792315245859 0.8170070313192062 0.04599446159934022 0.025812227498762753
3 0.687021873844454 0.8238645409301444 0.042914925705962934 0.027210953188503594
2 0.7131923687499999 0.66265655 0.7128006734375 0.63667545625 0.038036960937499996 0.54589984375 0.036462865625 0.572733803125 0.7131923687499999 0.66265655
1 0.06465146568946832 0.6133941146538925 0.07577288981258559 0.03049308344622794
1 0.6543763953124999 0.70007381875 0.655362065625 0.6738388921875 0.103035409375 0.60946441875 0.1012991421875 0.6300711390625 0.6543763953124999 0.70007381875
1 0.6553052359375 0.6748077046875001 0.6522947171875 0.6978298515625 0.7117289421875 0.7079278921875 0.7128201468750001 0.68478693125 0.6553052359375 0.6748077046875001
0 0.1569187046875 0.5658704421875 0.16546385624999999 0.47462949062500004 0.045686375 0.45904289687500005 0.038801546874999995 0.5437520578124999 0.1569187046875 0.5658704421875
3 0.0324050953125 0.5966783078125 0.080703328125 0.6034179015625 0.08341275625 0.5811939390624999 0.033333896875000005 0.5714121515625 0.0324050953125 0.5966783078125
3 0.10303200409012811 0.5920037935321364 0.049210389812585575 0.029101001809022264
3 0.14843543230337347 0.5975035210308992 0.04921038981258556 0.029101001809022264
3 0.20404057462324152 0.6050980150380053 0.04930131802583091 0.03222600180902226
3 0.2588871989964209 0.6134328154675467 0.04769335391920828 0.030581614653892687
3 0.3136656272096663 0.619423865897088 0.046130853919208195 0.03049972749876275
0 0.43314502343749994 0.6032881390625 0.4390254015625 0.5139299046875 0.3547181484375 0.503292828125 0.3484183125 0.5898937171874999 0.43314502343749994 0.6032881390625
3 0.36612303747622293 0.6260733355939346 0.046085389812585566 0.028937227498762753
3 0.40996396568946836 0.6314911759375678 0.04599446159934022 0.025812227498762753
3 0.46083614390271366 0.6372775084792847 0.044477425705962935 0.027292840343632996
3 0.5117537862225816 0.6446263410210016 0.044522889812585474 0.028855340343633174
3 0.5618447144358271 0.6503717299851537 0.04296038981258565 0.028773453188503238
0 0.7131717562500001 0.6412361921875 0.7143559859375 0.555731565625 0.6085132578125 0.5420893171875 0.6049044046875001 0.6270926953125 0.7131717562500001 0.6412361921875
3 0.6120038388090064 0.6584608689493058 0.04296038981258547 0.028773453188503238
3 0.6519157849689405 0.6628927414051144 0.042914925705962934 0.02721095318850324
3 0.692631713182186 0.668146807438488 0.044522889812585474 0.028855340343632997
2 0.7154716343749999 0.5175588796875 0.7168779109375001 0.4935857859375 0.05154051875 0.39000186875 0.0515876828125 0.41090176562499997 0.7154716343749999 0.5175588796875
0 0.11487145988348058 0.3554864393936934 0.13103470282385157 0.10671474672063966
3 0.1002637609375 0.4430763890625 0.10220892031249999 0.420803121875 0.052869609375 0.41279101406249996 0.0499385203125 0.4383730328125 0.1002637609375 0.4430763890625
1 0.11619010468749999 0.465499378125 0.1172395015625 0.4476100734375 0.04503235 0.43753419843749997 0.044585846875 0.4615722375 0.11619010468749999 0.465499378125
1 0.6537260609375 0.5224720609375 0.11590711875 0.4485513671875 0.11530874843750001 0.46721520937500005 0.6524799015625 0.5437156046875 0.6537260609375 0.5224720609375
1 0.652830375 0.5268559890625 0.651213128125 0.5435388375 0.7159333734375 0.55807008125 0.71673774375 0.5369009609375001 0.652830375 0.5268559890625
3 0.15357959062499998 0.4268442078125 0.1004399109375 0.418301815625 0.10078254375 0.442650678125 0.1522678421875 0.4492058640625 0.15357959062499998 0.4268442078125
3 0.22181025000000001 0.46116433125 0.2231219984375 0.438802675 0.164915153125 0.4295532265625 0.1631768890625 0.4541744515625 0.22181025000000001 0.46116433125
3 0.293384040625 0.471151825 0.295263584375 0.449996684375 0.24262609375 0.44377882187499995 0.24157268125 0.465113896875 0.293384040625 0.471151825
3 0.36422016875 0.48205545625 0.36546435312500003 0.46084559687500004 0.31117244374999997 0.45326963906250006 0.30927136875 0.47469261874999996 0.36422016875 0.48205545625
0 0.4025449561225569 0.4033252323600028 0.09160848997087005 0.09216756784239588
3 0.4275045921875 0.489302275 0.42856445 0.4712346296875 0.38045665156249997 0.46531360624999996 0.3798717671875 0.48553394687500007 0.4275045921875 0.489302275
3 0.4966505546875 0.5037028875 0.4970508015625 0.48158329687499996 0.44819122968749997 0.4731814046875 0.44652005156249996 0.49681345 0.4966505546875 0.5037028875
3 0.5551319390625 0.5086955171875001 0.556330040625 0.4882712265625 0.50728614375 0.4830115484375 0.506134125 0.5026502703125 0.5551319390625 0.5086955171875001
3 0.612400771875 0.5190628140625 0.6141820906250001 0.496343971875 0.56380313125 0.4908979984375 0.56452639375 0.5122905390625 0.612400771875 0.5190628140625
0 0.6666900241483878 0.44681071799936606 0.11352895407749272 0.09487648801421233
3 0.6698538625 0.526287859375 0.6709137171874999 0.5082202734375 0.6219159015625 0.5021750265625 0.6228868265624999 0.5214238828125 0.6698538625 0.526287859375
3 0.716396190625 0.535950396875 0.7171492500000001 0.515464003125 0.67234094375 0.506835403125 0.6718466890625 0.5282558015625 0.716396190625 0.535950396875
0 0.1315551915410805 0.20502941598794502 0.1309892387172289 0.10515224672063965
0 0.4130241518867795 0.2541031603337355 0.09335284639736088 0.09849945499752559
0 0.6749845942857898 0.302934565240404 0.11343802586424748 0.09175148801421233
0 0.0933067625 0.0065064828125000005 0.08579170625 0.0913932359375 0.2021735140625 0.11300427500000002 0.2094802359375 0.03166906875 0.0933067625 0.0065064828125000005
0 0.45876829218750004 0.16492269531249998 0.46356004687499996 0.0832366171875 0.3852494078125 0.0696235125 0.38007044843750004 0.15024385 0.45876829218750004 0.16492269531249998
0 0.725284490625 0.21195943593750002 0.728150575 0.13716595468749998 0.628870509375 0.1179413140625 0.625233028125 0.19675866875 0.725284490625 0.21195943593750002
2 0.7242976921875 0.371901665625 0.7260711671875 0.350967475 0.0671688859375 0.23976738281249999 0.066498578125 0.258284053125 0.7242976921875 0.371901665625
1 0.132041603125 0.3144045625 0.133343709375 0.2922072609375 0.062317578124999995 0.284086446875 0.059787429687500004 0.303542334375 0.132041603125 0.3144045625
1 0.6577895296875 0.4029857953125 0.66105156875 0.3819571296875 0.1323898046875 0.2911790046875 0.1325382296875 0.3170498515625 0.6577895296875 0.4029857953125
1 0.6588833000000001 0.384340040625 0.657737446875 0.4038736734375 0.719662475 0.41351960937500004 0.720040134375 0.39645459375000003 0.6588833000000001 0.384340040625
3 0.1096989078125 0.288978996875 0.1115040171875 0.26685190312499996 0.06498611875 0.2558849390625 0.062780403125 0.2849438765625 0.1096989078125 0.288978996875
3 0.15481201875 0.2979595921875 0.155715309375 0.273916346875 0.10994295937500001 0.2675292171875 0.1107028140625 0.289393840625 0.15481201875 0.2979595921875
3 0.1552122859375 0.2738461546875 0.154204865625 0.2996652140625 0.198676071875 0.30278832968749997 0.199475659375 0.28002271875 0.1552122859375 0.2738461546875
3 0.25067528125 0.314917140625 0.25163065625000003 0.2899859796875 0.2085295453125 0.2812861109375 0.2060920453125 0.3060603515625 0.25067528125 0.314917140625
3 0.304946428125 0.32338533125 0.3078616578125 0.2996228328125 0.2615342578125 0.294053415625 0.259624996875 0.3179563203125 0.304946428125 0.32338533125
3 0.3583934734375 0.33319652187500004 0.3589878234375 0.3086470640625 0.3158739765625 0.3011380265625 0.3149904671875 0.32340783281249996 0.3583934734375 0.33319652187500004
3 0.4099392421875 0.3411357359375 0.41040333125000006 0.318807403125 0.366870034375 0.31123983593750004 0.3661285890625 0.33359954531249997 0.4099392421875 0.3411357359375
3 0.45225771718749996 0.34778733281249996 0.45259148437499996 0.32768011874999997 0.41086618125 0.31812553593750004 0.410026103125 0.3396549765625 0.45225771718749996 0.34778733281249996
3 0.5029646515625 0.355609465625 0.504687028125 0.333456715625 0.46395939531249997 0.3285199859375 0.4631908921875 0.3462109875 0.5029646515625 0.355609465625
3 0.5501859125 0.365184534375 0.5511128203125 0.342174359375 0.5103417921875 0.3379779703125 0.5095886078125 0.358026659375 0.5501859125 0.365184534375
3 0.597494040625 0.3732788453125 0.5975821125 0.350151590625 0.5610487562500001 0.3458001359375 0.5607583890625001 0.365166953125 0.597494040625 0.3732788453125
3 0.6445564375 0.3783531109375 0.6457290718750001 0.3583629546875 0.6063031249999999 0.3528614109375 0.605909115625 0.373588053125 0.6445564375 0.3783531109375
3 0.6653117290838104 0.3726329115769309 0.04135242570596294 0.02712906603337357
3 0.7044878893503672 0.3785863404551747 0.04144335391920819 0.030254066033373484
3 0.134632421875 0.140384421875 0.1362938171875 0.12136017031249999 0.08344366875 0.1110969921875 0.082641625 0.13420880625 0.134632421875 0.140384421875
1 0.1464960609375 0.161295971875 0.1486424515625 0.143302225 0.07902121875 0.13069878906250001 0.07806975000000001 0.154023925 0.1464960609375 0.161295971875
1 0.6670330171875001 0.24163479687499997 0.14804543750000002 0.14418170624999999 0.14549624375 0.16704206562499999 0.6668825640625 0.262795465625 0.6670330171875001 0.24163479687499997
3 0.7214790046874999 0.2513131984375 0.721728953125 0.23463843125 0.675654890625 0.22563850156249998 0.6746627359375 0.2419532796875 0.7214790046874999 0.2513131984375
1 0.66666004375 0.23869430937499997 0.665371578125 0.2606590421875 0.7271928265625001 0.271072046875 0.72799821875 0.25303036093750003 0.66666004375 0.23869430937499997
3 0.18796754531249998 0.1516781015625 0.189143965625 0.13162338906249998 0.13808488125 0.11872169375 0.136750825 0.14175926875 0.18796754531249998 0.1516781015625
3 0.24508835 0.159902365625 0.2472208984375 0.1388333546875 0.1993813109375 0.1289923609375 0.19609580937499999 0.15473799531250002 0.24508835 0.159902365625
3 0.31017776406249997 0.1737331390625 0.31209584375 0.14867745937500002 0.2635813765625 0.142699034375 0.262633925 0.16698944375 0.31017776406249997 0.1737331390625
3 0.37176368125 0.1837562875 0.3729098140625 0.1642179015625 0.324491953125 0.15394405625000002 0.3234036890625 0.17286425156250002 0.37176368125 0.1837562875
3 0.43757493593749996 0.196457228125 0.4386801359375 0.17761663125 0.392197896875 0.1683164125 0.3904971046875 0.192775865625 0.43757493593749996 0.196457228125
3 0.5041768203125 0.2092684953125 0.5053638859375 0.1890323171875 0.459590378125 0.181238 0.4586985375 0.2022927765625 0.5041768203125 0.2092684953125
3 0.560228278125 0.2184970125 0.5620422109375001 0.201162340625 0.5198673578124999 0.19316668125 0.519776384375 0.2143320953125 0.560228278125 0.2184970125
3 0.6201285609375 0.22881579843750002 0.619942634375 0.21336559375 0.5749145 0.2051542828125 0.57476169375 0.22239131875 0.6201285609375 0.22881579843750002
3 0.67175626875 0.242446771875 0.6725917265625 0.2219976734375 0.6270529 0.2162857984375 0.625545078125 0.23349315625 0.67175626875 0.242446771875
1 0.15791735 0.0214859265625 0.15926886093749998 0.008346926562499999 0.0917717390625 0.004809553124999999 0.0917531671875 0.0051261546875000005 0.15791735 0.0214859265625
1 0.6751142953125 0.1266190875 0.6771699171875001 0.1001792578125 0.22267245937500002 0.01166976875 0.15973831562500002 0.0083715296875 0.15809040000000002 0.0231644484375 0.6751142953125 0.1266190875
1 0.7310088875 0.120164475 0.674407771875 0.10424827031249999 0.675728096875 0.1265674484375 0.7298684984375 0.1396049109375 0.7310088875 0.120164475