0 0.4375 0.11328125 0.35625 0.0796875
0 0.1296875 0.1265625 0.2578125 0.0703125
0 0.81875 0.1515625 0.3609375 0.0625
0 0.4359375 0.1890625 0.353125 0.075
0 0.13125 0.20078125 0.2625 0.0625
0 0.81953125 0.22734375 0.3609375 0.05625
0 0.4375 0.259375 0.3578125 0.0578125
0 0.12890625 0.2765625 0.2578125 0.0625
0 0.815625 0.2984375 0.36875 0.0625
0 0.4421875 0.3390625 0.35 0.0578125
0 0.13203125 0.35078125 0.2640625 0.0671875
0 0.44921875 0.0359375 0.3515625 0.0671875
0 0.81484375 0.37890625 0.3703125 0.065625
0 0.44453125 0.4171875 0.3578125 0.05625
0 0.13125 0.421875 0.2625 0.0609375
0 0.81640625 0.4578125 0.365625 0.0625
0 0.13125 0.49375 0.2625 0.053125
0 0.4421875 0.49609375 0.35625 0.0578125
0 0.13203125 0.0515625 0.2640625 0.0671875
0 0.8171875 0.53828125 0.365625 0.0671875
0 0.1296875 0.57109375 0.259375 0.0578125
0 0.4359375 0.571875 0.3515625 0.0484375
0 0.8171875 0.61796875 0.365625 0.0671875
0 0.12890625 0.64296875 0.2546875 0.05625
0 0.43125 0.6515625 0.3515625 0.0515625
0 0.81484375 0.70078125 0.3703125 0.0703125
0 0.1296875 0.7203125 0.259375 0.0625
0 0.43359375 0.72734375 0.3515625 0.053125
0 0.8171875 0.07578125 0.365625 0.071875
0 0.81484375 0.78359375 0.3703125 0.0625
0 0.1296875 0.78984375 0.259375 0.0578125
0 0.4359375 0.80546875 0.3515625 0.0484375
0 0.13125 0.85 0.259375 0.0625
0 0.43984375 0.865625 0.35625 0.0625
0 0.8171875 0.86875 0.365625 0.0625