0 0.2484375 0.7375 0.496875 0.04375
0 0.75703125 0.740625 0.4859375 0.034375
0 0.2515625 0.77734375 0.503125 0.0390625
0 0.759375 0.7796875 0.48125 0.03125
0 0.7640625 0.82421875 0.471875 0.04375
0 0.2515625 0.828125 0.503125 0.0484375
0 0.24375 0.08359375 0.4875 0.0390625
0 0.7640625 0.8703125 0.471875 0.040625
0 0.24609375 0.87265625 0.490625 0.04375
0 0.76171875 0.09140625 0.4765625 0.0484375
0 0.2453125 0.12734375 0.490625 0.0390625
0 0.75390625 0.134375 0.4859375 0.0578125
0 0.240625 0.17578125 0.48125 0.0390625
0 0.75390625 0.18515625 0.4890625 0.053125
0 0.24375 0.221875 0.4875 0.0375
0 0.75625 0.22734375 0.48125 0.053125
0 0.24609375 0.265625 0.4890625 0.04375
0 0.759375 0.2703125 0.4765625 0.0515625
0 0.23671875 0.30625 0.4734375 0.040625
0 0.76796875 0.3125 0.4625 0.0484375
0 0.25 0.35 0.5 0.04375
0 0.7640625 0.3546875 0.471875 0.0453125
0 0.2515625 0.396875 0.503125 0.0390625
0 0.76328125 0.39765625 0.4734375 0.0453125
0 0.23828125 0.040625 0.4765625 0.0390625
0 0.25390625 0.43359375 0.5078125 0.040625
0 0.76796875 0.4421875 0.4640625 0.04375
0 0.76328125 0.0453125 0.4703125 0.053125
0 0.259375 0.48046875 0.5140625 0.04375
0 0.76796875 0.48203125 0.4640625 0.04375
0 0.25859375 0.52265625 0.5140625 0.04375
0 0.7640625 0.525 0.46875 0.0484375
0 0.2546875 0.5671875 0.5046875 0.04375
0 0.75703125 0.56953125 0.48125 0.04375
0 0.2515625 0.6109375 0.503125 0.04375
0 0.75703125 0.615625 0.4859375 0.04375
0 0.25 0.65234375 0.5 0.040625
0 0.75703125 0.6578125 0.4859375 0.0390625
0 0.25234375 0.69609375 0.5046875 0.034375
0 0.759375 0.7015625 0.48125 0.0390625