0 0.15625 0.115625 0.3125 0.0765625
0 0.50625 0.13359375 0.36875 0.071875
0 0.853125 0.1359375 0.29375 0.084375
0 0.1609375 0.18359375 0.321875 0.065625
0 0.50390625 0.19453125 0.3578125 0.053125
0 0.86171875 0.20078125 0.2765625 0.084375
0 0.15859375 0.25 0.315625 0.071875
0 0.5109375 0.2671875 0.3703125 0.0703125
0 0.85703125 0.2765625 0.2828125 0.0828125
0 0.16328125 0.321875 0.3265625 0.0765625
0 0.515625 0.334375 0.36875 0.0703125
0 0.85703125 0.34765625 0.2859375 0.075
0 0.1609375 0.03984375 0.321875 0.0796875
0 0.1625 0.3953125 0.325 0.065625
0 0.5171875 0.40234375 0.365625 0.0703125
0 0.8578125 0.40859375 0.284375 0.084375
0 0.165625 0.46796875 0.33125 0.0703125
0 0.5203125 0.47109375 0.365625 0.0703125
0 0.8578125 0.4796875 0.284375 0.075
0 0.16484375 0.5265625 0.3296875 0.0625
0 0.521875 0.53828125 0.365625 0.075
0 0.85703125 0.5421875 0.2859375 0.0703125
0 0.50859375 0.06015625 0.3640625 0.0703125
0 0.853125 0.06015625 0.29375 0.084375
0 0.165625 0.6015625 0.33125 0.06875
0 0.521875 0.60546875 0.3640625 0.075
0 0.853125 0.61796875 0.29375 0.0828125
0 0.1609375 0.66953125 0.321875 0.0625
0 0.5140625 0.67421875 0.365625 0.0703125
0 0.85234375 0.68984375 0.2953125 0.0828125
0 0.16015625 0.73828125 0.3203125 0.065625
0 0.5140625 0.74375 0.3703125 0.0671875
0 0.853125 0.75859375 0.29375 0.084375
0 0.515625 0.80859375 0.3703125 0.0703125
0 0.15859375 0.8078125 0.3171875 0.0625
0 0.85078125 0.82421875 0.29375 0.0765625
0 0.50859375 0.87109375 0.3671875 0.0703125
0 0.15859375 0.87265625 0.3171875 0.0625
0 0.85078125 0.88203125 0.2984375 0.053125