0 0.071875 0.88828125 0.14375 0.0578125
0 0.2828125 0.8953125 0.2765625 0.0515625
0 0.54453125 0.09375 0.3125 0.05625
0 0.0375 0.09375 0.075 0.053125
0 0.8546875 0.10703125 0.290625 0.071875
0 0.24296875 0.140625 0.284375 0.0703125
0 0.0484375 0.15390625 0.096875 0.0578125
0 0.54921875 0.1546875 0.3109375 0.0609375
0 0.853125 0.17421875 0.29375 0.0625
0 0.38671875 0.1765625 0.003125 0.0015625
0 0.2484375 0.20546875 0.284375 0.0609375
0 0.053125 0.21171875 0.10625 0.0609375
0 0.5453125 0.2140625 0.3203125 0.0515625
0 0.8546875 0.23671875 0.290625 0.0578125
0 0.2359375 0.0265625 0.2859375 0.0484375
0 0.2453125 0.26328125 0.284375 0.0609375
0 0.0515625 0.27265625 0.103125 0.0609375
0 0.55078125 0.27734375 0.315625 0.0765625
0 0.53515625 0.0296875 0.3203125 0.059375
0 0.85234375 0.30546875 0.2953125 0.053125
0 0.2453125 0.31953125 0.2859375 0.0703125
0 0.05078125 0.3296875 0.1015625 0.0609375
0 0.546875 0.3578125 0.3125 0.0796875
0 0.040625 0.0375 0.0796875 0.065625
0 0.85078125 0.36640625 0.2953125 0.0578125
0 0.2484375 0.3796875 0.284375 0.0625
0 0.0515625 0.384375 0.103125 0.0546875
0 0.85078125 0.43125 0.2984375 0.0625
0 0.54453125 0.43125 0.303125 0.071875
0 0.24765625 0.43359375 0.290625 0.0578125
0 0.85078125 0.04453125 0.2953125 0.0609375
0 0.053125 0.4421875 0.10625 0.0578125
0 0.25390625 0.49609375 0.2765625 0.0796875
0 0.85234375 0.49765625 0.2953125 0.0671875
0 0.5484375 0.5 0.303125 0.075
0 0.05546875 0.5015625 0.1109375 0.0609375
0 0.85234375 0.5578125 0.2953125 0.0625
0 0.05859375 0.5578125 0.1171875 0.0625
0 0.25625 0.56015625 0.28125 0.065625
0 0.54921875 0.5671875 0.303125 0.075
0 0.0578125 0.61328125 0.115625 0.0578125
0 0.25703125 0.61796875 0.2703125 0.075
0 0.85078125 0.62109375 0.2984375 0.0703125
0 0.553125 0.63203125 0.321875 0.075
0 0.0578125 0.6703125 0.115625 0.059375
0 0.2609375 0.67890625 0.284375 0.071875
0 0.86171875 0.6875 0.2765625 0.075
0 0.5609375 0.6984375 0.3109375 0.0796875
0 0.0640625 0.7234375 0.128125 0.0625
0 0.26796875 0.734375 0.275 0.075
0 0.86171875 0.7515625 0.275 0.0703125
0 0.56484375 0.7609375 0.321875 0.075
0 0.0625 0.77890625 0.125 0.0625
0 0.2640625 0.78984375 0.284375 0.0671875
0 0.86875 0.81015625 0.2625 0.084375
0 0.56953125 0.81484375 0.321875 0.075
0 0.06875 0.834375 0.134375 0.0609375
0 0.28359375 0.84765625 0.29375 0.0703125
0 0.228125 0.08515625 0.30625 0.053125
0 0.8734375 0.86796875 0.253125 0.0765625
0 0.59140625 0.875 0.3125 0.0796875