0 0.5203125 0.33046875 0.10625 0.03125
0 0.521875 0.359375 0.1015625 0.025
0 0.23671875 0.37890625 0.0890625 0.0296875
0 0.525 0.38359375 0.10625 0.021875
0 0.7609375 0.39453125 0.1421875 0.0359375
0 0.52421875 0.4078125 0.10625 0.0265625
0 0.78828125 0.421875 0.1109375 0.03125
0 0.08203125 0.43359375 0.1078125 0.0296875
0 0.5265625 0.4375 0.10625 0.0265625
0 0.2453125 0.4390625 0.115625 0.0296875
0 0.08515625 0.46640625 0.1140625 0.0296875
0 0.5265625 0.4671875 0.1015625 0.0296875
0 0.7703125 0.47578125 0.1375 0.0265625
0 0.23671875 0.4859375 0.1140625 0.025
0 0.5265625 0.49296875 0.10625 0.021875
0 0.08203125 0.49375 0.10625 0.03125
0 0.4 0.50234375 0.0859375 0.021875
0 0.76953125 0.509375 0.1390625 0.0265625
0 0.2359375 0.5109375 0.115625 0.0265625
0 0.52890625 0.5140625 0.10625 0.021875
0 0.08046875 0.51953125 0.1109375 0.025
0 0.3953125 0.52890625 0.1015625 0.0265625
0 0.23828125 0.5421875 0.10625 0.0265625
0 0.52890625 0.5421875 0.0984375 0.0265625
0 0.078125 0.5421875 0.115625 0.0234375
0 0.3921875 0.55390625 0.1109375 0.028125
0 0.0765625 0.56640625 0.1078125 0.025
0 0.24140625 0.5671875 0.103125 0.0265625
0 0.525 0.57109375 0.103125 0.028125
0 0.7640625 0.571875 0.1375 0.025
0 0.38828125 0.58515625 0.1015625 0.0234375
0 0.078125 0.5921875 0.115625 0.025
0 0.525 0.59609375 0.103125 0.03125
0 0.240625 0.59765625 0.10625 0.025
0 0.77421875 0.5984375 0.1375 0.0265625
0 0.39296875 0.6109375 0.1140625 0.0265625
0 0.77265625 0.6234375 0.134375 0.025
0 0.52734375 0.6234375 0.10625 0.0265625
0 0.07578125 0.6265625 0.115625 0.028125
0 0.24375 0.62734375 0.10625 0.0265625
0 0.38671875 0.634375 0.1015625 0.021875
0 0.52421875 0.65234375 0.1015625 0.025
0 0.7703125 0.65390625 0.1328125 0.03125
0 0.24609375 0.6546875 0.103125 0.025
0 0.0765625 0.6578125 0.1140625 0.028125
0 0.38203125 0.66328125 0.103125 0.0265625
0 0.521875 0.68125 0.10625 0.0265625
0 0.7703125 0.68359375 0.1421875 0.0296875
0 0.24296875 0.68515625 0.1078125 0.0265625
0 0.0765625 0.6859375 0.1078125 0.025
0 0.38359375 0.6859375 0.10625 0.025
0 0.38671875 0.709375 0.1078125 0.025
0 0.521875 0.71015625 0.10625 0.0234375
0 0.07109375 0.7125 0.1203125 0.021875
0 0.240625 0.7140625 0.115625 0.0265625
0 0.765625 0.7140625 0.1515625 0.0265625