0 0.17890625 0.11796875 0.2171875 0.053125
0 0.8796875 0.11875 0.2015625 0.04375
0 0.4109375 0.125 0.2140625 0.053125
0 0.64921875 0.125 0.2078125 0.0578125
0 0.03515625 0.134375 0.0703125 0.0484375
0 0.875 0.1671875 0.2078125 0.04375
0 0.64921875 0.0171875 0.2109375 0.034375
0 0.178125 0.16953125 0.2171875 0.0578125
0 0.4109375 0.1765625 0.2140625 0.05625
0 0.64921875 0.18046875 0.2078125 0.053125
0 0.03359375 0.18125 0.0671875 0.0453125
0 0.884375 0.01953125 0.2015625 0.0390625
0 0.8734375 0.21484375 0.2015625 0.04375
0 0.178125 0.2203125 0.2125 0.0578125
0 0.4109375 0.22578125 0.2140625 0.053125
0 0.03515625 0.228125 0.0703125 0.0484375
0 0.65390625 0.23203125 0.2078125 0.0578125
0 0.875 0.2640625 0.2 0.04375
0 0.41484375 0.02734375 0.21875 0.0515625
0 0.18046875 0.27265625 0.2171875 0.0546875
0 0.4109375 0.27265625 0.2125 0.053125
0 0.03515625 0.275 0.0703125 0.053125
0 0.6515625 0.27734375 0.2046875 0.0515625
0 0.86875 0.3125 0.2015625 0.0390625
0 0.0421875 0.3234375 0.0828125 0.053125
0 0.1875 0.32421875 0.2078125 0.04375
0 0.4109375 0.32421875 0.2125 0.053125
0 0.646875 0.3265625 0.2 0.0484375
0 0.8703125 0.3578125 0.1953125 0.0328125
0 0.0421875 0.3703125 0.084375 0.04375
0 0.65 0.37265625 0.2 0.0484375
0 0.1890625 0.3734375 0.2046875 0.04375
0 0.4109375 0.3765625 0.2078125 0.0484375
0 0.8703125 0.4125 0.2015625 0.0453125
0 0.0421875 0.41796875 0.0828125 0.0453125
0 0.18984375 0.4203125 0.2046875 0.04375
0 0.64921875 0.42578125 0.2015625 0.053125
0 0.41328125 0.42578125 0.2046875 0.0484375
0 0.8703125 0.459375 0.2015625 0.04375
0 0.04296875 0.46328125 0.0859375 0.0484375
0 0.19140625 0.4671875 0.2 0.0484375
0 0.64921875 0.47265625 0.2 0.0515625
0 0.4125 0.4734375 0.2078125 0.04375
0 0.86640625 0.50703125 0.196875 0.04375
0 0.0421875 0.51171875 0.084375 0.0484375
0 0.19140625 0.5171875 0.196875 0.0484375
0 0.4125 0.51796875 0.2078125 0.0484375
0 0.64453125 0.5203125 0.2 0.0484375
0 0.8640625 0.5515625 0.196875 0.04375
0 0.04296875 0.5578125 0.0859375 0.053125
0 0.19140625 0.5625 0.196875 0.0453125
0 0.41328125 0.5640625 0.2015625 0.04375
0 0.6453125 0.56875 0.2015625 0.0484375
0 0.8734375 0.5984375 0.196875 0.0484375
0 0.04296875 0.60546875 0.0859375 0.0484375
0 0.19609375 0.609375 0.2 0.04375
0 0.6453125 0.61171875 0.2015625 0.034375
0 0.41484375 0.61171875 0.2015625 0.04375
0 0.8609375 0.64296875 0.1921875 0.0484375
0 0.17890625 0.06484375 0.2171875 0.0578125
0 0.0453125 0.65078125 0.090625 0.0484375
0 0.41328125 0.65234375 0.2046875 0.0390625
0 0.1984375 0.6546875 0.2015625 0.0484375
0 0.6421875 0.6578125 0.2015625 0.0359375
0 0.859375 0.68984375 0.1953125 0.040625
0 0.41328125 0.69609375 0.2015625 0.0359375
0 0.0453125 0.6953125 0.090625 0.04375
0 0.8796875 0.07109375 0.196875 0.0390625
0 0.1984375 0.7015625 0.196875 0.0453125
0 0.64765625 0.70546875 0.2 0.0484375
0 0.6453125 0.07109375 0.2140625 0.0453125
0 0.415625 0.0734375 0.2171875 0.053125
0 0.86640625 0.73671875 0.1921875 0.04375
0 0.41328125 0.74296875 0.2015625 0.0390625
0 0.046875 0.74375 0.0921875 0.0453125
0 0.20078125 0.7453125 0.2015625 0.040625
0 0.64453125 0.7484375 0.2 0.04375
0 0.86328125 0.77734375 0.1875 0.0390625
0 0.04921875 0.78828125 0.096875 0.04375
0 0.634375 0.78984375 0.196875 0.0359375
0 0.415625 0.78984375 0.2 0.0453125
0 0.20703125 0.7921875 0.196875 0.04375
0 0.8609375 0.82578125 0.1921875 0.0390625
0 0.2015625 0.8296875 0.1921875 0.0359375
0 0.415625 0.8328125 0.196875 0.03125
0 0.04921875 0.834375 0.096875 0.04375
0 0.6390625 0.83515625 0.2015625 0.0484375
0 0.86328125 0.87109375 0.1921875 0.040625
0 0.20546875 0.875 0.2015625 0.0390625
0 0.04921875 0.87734375 0.096875 0.034375
0 0.41796875 0.8796875 0.2015625 0.040625
0 0.6390625 0.8796875 0.2 0.0359375