0 0.64921875 0.13203125 0.209375 0.06875
0 0.8953125 0.1421875 0.209375 0.0609375
0 0.41796875 0.1421875 0.2078125 0.0671875
0 0.053125 0.14921875 0.10625 0.0578125
0 0.209375 0.1515625 0.196875 0.0453125
0 0.65234375 0.19375 0.2078125 0.0671875
0 0.4109375 0.19609375 0.2015625 0.0609375
0 0.890625 0.19921875 0.2140625 0.0578125
0 0.05078125 0.209375 0.1015625 0.0578125
0 0.2078125 0.209375 0.196875 0.05625
0 0.41953125 0.02421875 0.2015625 0.0484375
0 0.6546875 0.24609375 0.2125 0.0609375
0 0.8859375 0.25234375 0.2109375 0.05625
0 0.4265625 0.25859375 0.2078125 0.0671875
0 0.05390625 0.259375 0.1078125 0.0609375
0 0.64921875 0.0265625 0.2078125 0.053125
0 0.2078125 0.2640625 0.196875 0.053125
0 0.665625 0.29921875 0.209375 0.0703125
0 0.8953125 0.0296875 0.209375 0.059375
0 0.88671875 0.3109375 0.2140625 0.0609375
0 0.42421875 0.31640625 0.2046875 0.0609375
0 0.05390625 0.3171875 0.1078125 0.0609375
0 0.21015625 0.32109375 0.2 0.0546875
0 0.046875 0.0359375 0.09375 0.0515625
0 0.65625 0.359375 0.209375 0.053125
0 0.88671875 0.3640625 0.2140625 0.0578125
0 0.42421875 0.36640625 0.2015625 0.053125
0 0.05546875 0.37109375 0.1109375 0.053125
0 0.209375 0.37265625 0.196875 0.0484375
0 0.76328125 0.4171875 0.2078125 0.0609375
0 0.93359375 0.41796875 0.1328125 0.0609375
0 0.3375 0.4203125 0.2046875 0.053125
0 0.54921875 0.42578125 0.2046875 0.05625
0 0.13359375 0.428125 0.2015625 0.0578125
0 0.2125 0.04296875 0.2 0.065625
0 0.75703125 0.47265625 0.2109375 0.05625
0 0.5453125 0.47578125 0.209375 0.0578125
0 0.9328125 0.47734375 0.134375 0.0609375
0 0.3390625 0.48046875 0.2015625 0.053125
0 0.13125 0.4859375 0.2046875 0.0609375
0 0.76328125 0.52734375 0.2125 0.0609375
0 0.33671875 0.52890625 0.2 0.0515625
0 0.93359375 0.5328125 0.1328125 0.059375
0 0.54921875 0.53515625 0.2078125 0.0609375
0 0.12890625 0.540625 0.2046875 0.053125
0 0.93359375 0.58515625 0.1328125 0.0484375
0 0.759375 0.58984375 0.2125 0.0578125
0 0.3375 0.59140625 0.2046875 0.0625
0 0.1265625 0.5921875 0.196875 0.0484375
0 0.5484375 0.5953125 0.2046875 0.059375
0 0.34140625 0.6453125 0.2015625 0.0484375
0 0.54296875 0.646875 0.2078125 0.04375
0 0.9328125 0.64765625 0.134375 0.0625
0 0.75703125 0.64921875 0.2109375 0.053125
0 0.13359375 0.65 0.2015625 0.0515625
0 0.13671875 0.703125 0.2078125 0.0515625
0 0.34140625 0.7046875 0.2078125 0.053125
0 0.7546875 0.7046875 0.2078125 0.053125
0 0.93046875 0.7046875 0.1390625 0.053125
0 0.5453125 0.70546875 0.2046875 0.0515625
0 0.134375 0.7546875 0.196875 0.0515625
0 0.75625 0.7609375 0.209375 0.0546875
0 0.33984375 0.7609375 0.196875 0.053125
0 0.646875 0.0765625 0.209375 0.059375
0 0.54296875 0.76328125 0.2078125 0.059375
0 0.9328125 0.7640625 0.134375 0.059375
0 0.13203125 0.8140625 0.2046875 0.0515625
0 0.3390625 0.81484375 0.2078125 0.0453125
0 0.89375 0.08203125 0.2125 0.0484375
0 0.75234375 0.8171875 0.2078125 0.053125
0 0.54296875 0.82109375 0.2046875 0.05625
0 0.4203125 0.0828125 0.2046875 0.0671875
0 0.9328125 0.83203125 0.134375 0.0625
0 0.1296875 0.8703125 0.2015625 0.0484375
0 0.33515625 0.87265625 0.2046875 0.0453125
0 0.75234375 0.875 0.2046875 0.0609375
0 0.5421875 0.87734375 0.2078125 0.0578125
0 0.93125 0.88203125 0.1375 0.0484375
0 0.0484375 0.08984375 0.096875 0.0625
0 0.21015625 0.09765625 0.196875 0.0609375