0 0.74140625 0.13828125 0.5171875 0.1140625
0 0.24140625 0.1390625 0.4828125 0.090625
0 0.74375 0.25390625 0.5125 0.0984375
0 0.24296875 0.25703125 0.4859375 0.096875
0 0.74140625 0.36171875 0.5171875 0.0984375
0 0.74296875 0.03984375 0.5140625 0.0796875
0 0.240625 0.0484375 0.48125 0.096875
0 0.74296875 0.47734375 0.5140625 0.10625
0 0.24375 0.49140625 0.4859375 0.11875
0 0.74140625 0.58515625 0.5171875 0.0890625
0 0.23828125 0.6203125 0.4765625 0.115625
0 0.74140625 0.70078125 0.5125 0.090625
0 0.240625 0.7484375 0.48125 0.0890625
0 0.7453125 0.8140625 0.509375 0.090625
0 0.2390625 0.83984375 0.4765625 0.096875