0 0.475 0.14921875 0.2671875 0.0578125
0 0.8078125 0.15625 0.2703125 0.053125
0 0.19609375 0.1578125 0.2640625 0.0609375
0 0.47265625 0.2140625 0.2703125 0.0578125
0 0.81015625 0.22265625 0.275 0.053125
0 0.1875 0.22578125 0.2640625 0.0578125
0 0.2046875 0.0265625 0.275 0.053125
0 0.47734375 0.2828125 0.2703125 0.0578125
0 0.8140625 0.2921875 0.2703125 0.0546875
0 0.19921875 0.29296875 0.2703125 0.05625
0 0.48671875 0.35078125 0.2703125 0.0546875
0 0.8125 0.359375 0.2703125 0.053125
0 0.20703125 0.359375 0.2703125 0.05625
0 0.4828125 0.41328125 0.275 0.0484375
0 0.821875 0.42421875 0.271875 0.0578125
0 0.2015625 0.428125 0.2703125 0.053125
0 0.48671875 0.47734375 0.2703125 0.0578125
0 0.21015625 0.48828125 0.275 0.0515625
0 0.80859375 0.49140625 0.275 0.0484375
0 0.4859375 0.5359375 0.2703125 0.0484375
0 0.8265625 0.55546875 0.2703125 0.053125
0 0.1828125 0.5609375 0.2640625 0.05625
0 0.4828125 0.6046875 0.2671875 0.0578125
0 0.8296875 0.61875 0.275 0.0515625
0 0.19140625 0.6203125 0.2671875 0.053125
0 0.82421875 0.6703125 0.275 0.053125
0 0.4796875 0.67578125 0.2703125 0.0578125
0 0.1875 0.6828125 0.275 0.0671875
0 0.4796875 0.73671875 0.2640625 0.053125
0 0.821875 0.74140625 0.275 0.0578125
0 0.178125 0.75 0.2703125 0.05625
0 0.47578125 0.078125 0.2640625 0.0609375
0 0.8109375 0.81015625 0.2703125 0.059375
0 0.80546875 0.08671875 0.2703125 0.053125
0 0.1921875 0.08984375 0.275 0.0578125