0 0.8796875 0.72734375 0.240625 0.0453125
0 0.11875 0.73125 0.2375 0.04375
0 0.4796875 0.74296875 0.375 0.0484375
0 0.11875 0.76875 0.2375 0.053125
0 0.88203125 0.771875 0.2359375 0.0390625
0 0.4796875 0.7796875 0.3796875 0.0484375
0 0.88046875 0.8046875 0.2390625 0.0375
0 0.11796875 0.80546875 0.2359375 0.0515625
0 0.48203125 0.81640625 0.3796875 0.053125
0 0.11640625 0.84609375 0.2328125 0.0484375
0 0.88046875 0.846875 0.2390625 0.034375
0 0.11796875 0.08515625 0.2359375 0.0453125
0 0.4578125 0.08515625 0.3875 0.0390625
0 0.4859375 0.85546875 0.3796875 0.0453125
0 0.11796875 0.87734375 0.2359375 0.0484375
0 0.8796875 0.88828125 0.240625 0.040625
0 0.48828125 0.896875 0.3921875 0.040625
0 0.1203125 0.91328125 0.240625 0.04375
0 0.87578125 0.1 0.2484375 0.040625
0 0.45546875 0.1234375 0.3765625 0.040625
0 0.12265625 0.12734375 0.2453125 0.04375
0 0.87734375 0.14296875 0.2453125 0.04375
0 0.4578125 0.16328125 0.3796875 0.0375
0 0.115625 0.16796875 0.23125 0.04375
0 0.87109375 0.1828125 0.2546875 0.0328125
0 0.46171875 0.20078125 0.38125 0.0390625
0 0.87734375 0.0203125 0.24375 0.040625
0 0.115625 0.21015625 0.23125 0.04375
0 0.87265625 0.22109375 0.2546875 0.04375
0 0.45703125 0.24296875 0.384375 0.0390625
0 0.115625 0.24765625 0.23125 0.04375
0 0.87265625 0.25859375 0.2546875 0.040625
0 0.4515625 0.2796875 0.3828125 0.040625
0 0.11796875 0.28984375 0.2328125 0.040625
0 0.8734375 0.2984375 0.253125 0.040625
0 0.4515625 0.3171875 0.3796875 0.034375
0 0.11875 0.3265625 0.2359375 0.0390625
0 0.87109375 0.3375 0.2546875 0.04375
0 0.4515625 0.3578125 0.3796875 0.0328125
0 0.115625 0.3609375 0.23125 0.053125
0 0.87265625 0.3765625 0.2546875 0.040625
0 0.12265625 0.03984375 0.24375 0.040625
0 0.4640625 0.39453125 0.365625 0.040625
0 0.12109375 0.4015625 0.2421875 0.04375
0 0.8734375 0.41953125 0.25 0.040625
0 0.4671875 0.04296875 0.3765625 0.0390625
0 0.47578125 0.4375 0.3796875 0.040625
0 0.1203125 0.44453125 0.240625 0.0453125
0 0.875 0.46015625 0.25 0.040625
0 0.47734375 0.47265625 0.3796875 0.04375
0 0.12109375 0.48671875 0.240625 0.040625
0 0.87578125 0.496875 0.2484375 0.034375
0 0.48046875 0.5140625 0.3828125 0.04375
0 0.11796875 0.5265625 0.2359375 0.053125
0 0.87578125 0.53515625 0.2484375 0.0453125
0 0.47578125 0.55390625 0.3828125 0.0390625
0 0.8734375 0.571875 0.25 0.0390625
0 0.11640625 0.5734375 0.2328125 0.0453125
0 0.47578125 0.5875 0.384375 0.034375
0 0.87578125 0.059375 0.2484375 0.04375
0 0.875 0.61328125 0.25 0.04375
0 0.12265625 0.6140625 0.2453125 0.0453125
0 0.47734375 0.6265625 0.3796875 0.0515625
0 0.875 0.6515625 0.25 0.0390625
0 0.1203125 0.6546875 0.240625 0.0453125
0 0.48203125 0.6671875 0.375 0.0484375
0 0.87734375 0.6890625 0.24375 0.0390625
0 0.11875 0.70078125 0.2359375 0.0484375
0 0.48671875 0.703125 0.3796875 0.0484375