0 0.0828125 0.1765625 0.165625 0.0359375
0 0.2828125 0.18359375 0.1984375 0.034375
0 0.49140625 0.1859375 0.2125 0.03125
0 0.90703125 0.1890625 0.1859375 0.03125
0 0.70703125 0.18984375 0.2125 0.0328125
0 0.08515625 0.209375 0.1703125 0.0453125
0 0.2828125 0.2125 0.196875 0.0390625
0 0.490625 0.2203125 0.2140625 0.034375
0 0.90859375 0.22109375 0.1828125 0.0359375
0 0.70703125 0.22265625 0.2125 0.034375
0 0.084375 0.24296875 0.16875 0.040625
0 0.28359375 0.24609375 0.2 0.040625
0 0.49140625 0.2484375 0.2125 0.04375
0 0.90859375 0.25234375 0.1828125 0.0359375
0 0.70703125 0.2546875 0.2140625 0.034375
0 0.084375 0.275 0.16875 0.040625
0 0.28515625 0.27734375 0.2015625 0.04375
0 0.49375 0.28359375 0.2109375 0.0359375
0 0.90859375 0.2859375 0.18125 0.0359375
0 0.70703125 0.2859375 0.2140625 0.0359375
0 0.08515625 0.3078125 0.1703125 0.040625
0 0.28515625 0.31015625 0.2 0.040625
0 0.49140625 0.31640625 0.2125 0.0390625
0 0.90859375 0.31875 0.178125 0.0359375
0 0.709375 0.31953125 0.2171875 0.034375
0 0.084375 0.33984375 0.16875 0.040625
0 0.28515625 0.34375 0.2 0.040625
0 0.49296875 0.34765625 0.2140625 0.040625
0 0.90859375 0.35078125 0.18125 0.0359375
0 0.709375 0.35234375 0.2171875 0.0359375
0 0.084375 0.3734375 0.16875 0.04375
0 0.28359375 0.375 0.196875 0.040625
0 0.49296875 0.38125 0.2125 0.040625
0 0.71015625 0.38359375 0.215625 0.0359375
0 0.91015625 0.384375 0.178125 0.0359375
0 0.084375 0.40859375 0.16875 0.040625
0 0.28515625 0.4125 0.2 0.0359375
0 0.49375 0.41328125 0.2140625 0.040625
0 0.9109375 0.415625 0.178125 0.0359375
0 0.71015625 0.4171875 0.2140625 0.034375
0 0.084375 0.43984375 0.16875 0.04375
0 0.28515625 0.44453125 0.196875 0.0453125
0 0.49296875 0.446875 0.2171875 0.0390625
0 0.9109375 0.44921875 0.178125 0.0359375
0 0.71171875 0.45078125 0.2171875 0.034375
0 0.084375 0.47578125 0.16875 0.0453125
0 0.28515625 0.47734375 0.2 0.040625
0 0.49296875 0.4796875 0.2140625 0.0390625
0 0.71171875 0.4828125 0.2171875 0.034375
0 0.909375 0.48203125 0.18125 0.0390625
0 0.084375 0.509375 0.16875 0.04375
0 0.28515625 0.5109375 0.2 0.0359375
0 0.4953125 0.5140625 0.2171875 0.0359375
0 0.91015625 0.5171875 0.178125 0.0359375
0 0.7140625 0.5171875 0.215625 0.0359375
0 0.084375 0.54296875 0.16875 0.04375
0 0.28515625 0.546875 0.2 0.0390625
0 0.4953125 0.54921875 0.2171875 0.034375
0 0.9109375 0.54921875 0.178125 0.034375
0 0.7125 0.54921875 0.2140625 0.034375
0 0.084375 0.57578125 0.165625 0.04375
0 0.28515625 0.578125 0.196875 0.040625
0 0.7125 0.58203125 0.215625 0.034375
0 0.4953125 0.58203125 0.2171875 0.034375
0 0.9109375 0.5828125 0.178125 0.0359375
0 0.0828125 0.60703125 0.165625 0.0390625
0 0.49375 0.6140625 0.2171875 0.0359375
0 0.28515625 0.615625 0.2 0.0390625
0 0.7140625 0.61640625 0.215625 0.034375
0 0.9109375 0.615625 0.178125 0.034375
0 0.084375 0.64453125 0.16875 0.04375
0 0.28515625 0.64921875 0.2 0.040625
0 0.9109375 0.64921875 0.178125 0.0359375
0 0.4953125 0.64921875 0.2171875 0.0359375
0 0.71484375 0.65 0.2140625 0.034375
0 0.0828125 0.678125 0.165625 0.04375
0 0.49609375 0.68125 0.2171875 0.0390625
0 0.2859375 0.6828125 0.2 0.040625
0 0.91328125 0.68359375 0.1734375 0.0359375
0 0.71484375 0.68359375 0.2171875 0.0359375
0 0.0828125 0.71171875 0.165625 0.04375
0 0.28515625 0.7140625 0.2015625 0.0453125
0 0.71484375 0.71640625 0.21875 0.034375
0 0.91171875 0.71640625 0.1765625 0.0359375
0 0.49609375 0.7171875 0.2171875 0.0359375
0 0.0828125 0.74375 0.165625 0.0390625
0 0.49609375 0.75 0.2171875 0.0359375
0 0.28359375 0.7515625 0.2 0.040625
0 0.71484375 0.7515625 0.221875 0.034375
0 0.91328125 0.75234375 0.1734375 0.0359375
0 0.08203125 0.77734375 0.1640625 0.0359375
0 0.4953125 0.78359375 0.2171875 0.0359375
0 0.91328125 0.78515625 0.1734375 0.0390625
0 0.71640625 0.7859375 0.21875 0.0359375
0 0.28359375 0.7859375 0.2015625 0.0453125
0 0.08203125 0.8140625 0.1640625 0.0390625
0 0.71640625 0.81484375 0.21875 0.03125
0 0.91171875 0.815625 0.1765625 0.034375
0 0.49609375 0.81640625 0.21875 0.03125
0 0.28359375 0.8171875 0.2015625 0.0359375