0 0.83046875 0.1671875 0.303125 0.0703125
0 0.13671875 0.1703125 0.2734375 0.084375
0 0.46640625 0.1703125 0.2953125 0.065625
0 0.4703125 0.24609375 0.29375 0.065625
0 0.140625 0.2515625 0.28125 0.071875
0 0.83046875 0.25703125 0.3078125 0.0609375
0 0.4734375 0.02890625 0.29375 0.0578125
0 0.47109375 0.3171875 0.29375 0.071875
0 0.1453125 0.321875 0.290625 0.0703125
0 0.83203125 0.3609375 0.3109375 0.0671875
0 0.12734375 0.03828125 0.2546875 0.0765625
0 0.4671875 0.3859375 0.29375 0.0703125
0 0.1390625 0.39140625 0.278125 0.0671875
0 0.82578125 0.453125 0.303125 0.0671875
0 0.46640625 0.4578125 0.290625 0.0609375
0 0.140625 0.46640625 0.28125 0.065625
0 0.4640625 0.5328125 0.29375 0.065625
0 0.1453125 0.53828125 0.290625 0.0703125
0 0.81875 0.5578125 0.303125 0.0703125
0 0.4625 0.59765625 0.2859375 0.0609375
0 0.1421875 0.6046875 0.2828125 0.071875
0 0.81875 0.6453125 0.3015625 0.0671875
0 0.4421875 0.66484375 0.290625 0.0703125
0 0.146875 0.68125 0.29375 0.0703125
0 0.44375 0.73671875 0.290625 0.065625
0 0.81640625 0.74765625 0.303125 0.0703125
0 0.1453125 0.75703125 0.290625 0.0703125
0 0.4390625 0.81015625 0.290625 0.071875
0 0.140625 0.83203125 0.28125 0.075
0 0.81484375 0.83671875 0.3015625 0.0625
0 0.43984375 0.875 0.2953125 0.0578125
0 0.8640625 0.0875 0.271875 0.0765625
0 0.14453125 0.884375 0.2890625 0.0453125
0 0.47265625 0.0984375 0.29375 0.0671875
0 0.12734375 0.10234375 0.253125 0.0671875