0 0.5140625 0.75859375 0.3609375 0.0578125
0 0.16796875 0.7625 0.3359375 0.053125
0 0.84609375 0.7640625 0.3078125 0.0484375
0 0.50859375 0.80546875 0.4046875 0.04375
0 0.14921875 0.81015625 0.2984375 0.0578125
0 0.75625 0.0828125 0.4234375 0.0609375
0 0.52265625 0.85234375 0.346875 0.0578125
0 0.17421875 0.859375 0.346875 0.0484375
0 0.83046875 0.8609375 0.3390625 0.0625
0 0.15859375 0.08671875 0.3171875 0.053125
0 0.17421875 0.90625 0.346875 0.0578125
0 0.4171875 0.1234375 0.4234375 0.04375
0 0.14921875 0.16796875 0.2984375 0.053125
0 0.74296875 0.1703125 0.4234375 0.075
0 0.40390625 0.209375 0.41875 0.053125
0 0.146875 0.2609375 0.29375 0.0546875
0 0.7484375 0.26171875 0.4015625 0.0578125
0 0.41796875 0.30625 0.4234375 0.0578125
0 0.1609375 0.36328125 0.321875 0.0625
0 0.7671875 0.365625 0.4234375 0.0609375
0 0.4203125 0.03984375 0.43125 0.040625
0 0.44140625 0.41015625 0.428125 0.0484375
0 0.79453125 0.4640625 0.4109375 0.0484375
0 0.1703125 0.46328125 0.340625 0.0578125
0 0.946875 0.0484375 0.10625 0.0484375
0 0.45078125 0.51328125 0.4265625 0.053125
0 0.81484375 0.52265625 0.3703125 0.0703125
0 0.46640625 0.5609375 0.3796875 0.0578125
0 0.15625 0.56875 0.3109375 0.0671875
0 0.7921875 0.578125 0.415625 0.0609375
0 0.48046875 0.61328125 0.3921875 0.0484375
0 0.15234375 0.6203125 0.303125 0.075
0 0.1703125 0.67265625 0.340625 0.0421875
0 0.84765625 0.67578125 0.303125 0.0390625
0 0.85703125 0.71484375 0.2859375 0.05625
0 0.4828125 0.71484375 0.45 0.0453125
0 0.14453125 0.7171875 0.2890625 0.0625