0 0.38203125 0.10703125 0.221875 0.0390625
0 0.8796875 0.11171875 0.2171875 0.0375
0 0.878125 0.01171875 0.215625 0.0234375
0 0.62109375 0.1140625 0.2171875 0.0359375
0 0.621875 0.01171875 0.215625 0.0234375
0 0.125 0.134375 0.2265625 0.0484375
0 0.38203125 0.1421875 0.2171875 0.0390625
0 0.8796875 0.14765625 0.2171875 0.0375
0 0.62265625 0.14765625 0.215625 0.0375
0 0.1265625 0.1703125 0.2265625 0.0484375
0 0.38203125 0.178125 0.21875 0.0328125
0 0.62265625 0.18125 0.215625 0.0328125
0 0.8796875 0.18359375 0.2171875 0.0390625
0 0.1234375 0.2046875 0.2265625 0.0515625
0 0.38125 0.21015625 0.21875 0.040625
0 0.8796875 0.2171875 0.2171875 0.0390625
0 0.625 0.2203125 0.2125 0.0390625
0 0.1265625 0.02421875 0.2234375 0.0484375
0 0.1234375 0.24140625 0.2265625 0.053125
0 0.38125 0.24609375 0.221875 0.04375
0 0.8796875 0.25390625 0.2171875 0.0390625
0 0.625 0.2546875 0.2125 0.0390625
0 0.12265625 0.275 0.2265625 0.0453125
0 0.37890625 0.28125 0.221875 0.0453125
0 0.8796875 0.28984375 0.2171875 0.034375
0 0.6234375 0.2921875 0.215625 0.034375
0 0.12109375 0.3125 0.2265625 0.04375
0 0.37890625 0.31875 0.221875 0.04375
0 0.8796875 0.32578125 0.21875 0.0390625
0 0.6234375 0.32578125 0.215625 0.0390625
0 0.11875 0.34765625 0.23125 0.0484375
0 0.3796875 0.35703125 0.2234375 0.04375
0 0.38203125 0.0359375 0.2171875 0.0390625
0 0.8796875 0.3609375 0.221875 0.0390625
0 0.6234375 0.3609375 0.215625 0.0390625
0 0.11796875 0.38203125 0.23125 0.0453125
0 0.37734375 0.3921875 0.221875 0.04375
0 0.62109375 0.39453125 0.221875 0.0390625
0 0.87734375 0.3953125 0.221875 0.0390625
0 0.115625 0.41953125 0.23125 0.04375
0 0.8796875 0.0421875 0.2125 0.0328125
0 0.3765625 0.42421875 0.2265625 0.04375
0 0.61875 0.43046875 0.21875 0.0390625
0 0.8765625 0.43125 0.21875 0.0390625
0 0.625 0.04296875 0.2171875 0.0390625
0 0.10546875 0.4546875 0.2109375 0.04375
0 0.36171875 0.46015625 0.2265625 0.0390625
0 0.87734375 0.4640625 0.2265625 0.0390625
0 0.61640625 0.46640625 0.221875 0.0390625
0 0.1046875 0.48828125 0.2078125 0.0390625
0 0.359375 0.4953125 0.2234375 0.0390625
0 0.87734375 0.50390625 0.221875 0.0390625
0 0.615625 0.50390625 0.21875 0.0390625
0 0.1046875 0.52421875 0.2078125 0.0390625
0 0.359375 0.5296875 0.2265625 0.0390625
0 0.6140625 0.5375 0.2234375 0.0390625
0 0.8765625 0.53984375 0.2234375 0.0390625
0 0.10234375 0.5609375 0.2046875 0.04375
0 0.35703125 0.56875 0.225 0.040625
0 0.61328125 0.5734375 0.2265625 0.034375
0 0.8765625 0.57578125 0.2234375 0.0390625
0 0.10234375 0.59609375 0.2046875 0.0390625
0 0.35546875 0.6046875 0.2265625 0.0390625
0 0.1265625 0.0609375 0.2234375 0.0484375
0 0.875 0.6109375 0.2265625 0.0390625
0 0.61328125 0.6109375 0.2265625 0.0390625
0 0.10234375 0.634375 0.2046875 0.0484375
0 0.3546875 0.6390625 0.2265625 0.04375
0 0.6109375 0.6453125 0.221875 0.034375
0 0.8765625 0.64921875 0.221875 0.0390625
0 0.10234375 0.66796875 0.2046875 0.034375
0 0.3546875 0.67578125 0.2265625 0.04375
0 0.61171875 0.68125 0.2265625 0.0390625
0 0.875 0.6828125 0.2265625 0.0390625
0 0.103125 0.703125 0.2046875 0.0390625
0 0.3546875 0.71015625 0.2265625 0.0390625
0 0.38125 0.07109375 0.21875 0.0390625
0 0.6109375 0.71484375 0.2234375 0.04375
0 0.875 0.72109375 0.2265625 0.0390625
0 0.10234375 0.740625 0.2046875 0.0390625
0 0.35234375 0.74765625 0.2265625 0.040625
0 0.6109375 0.7515625 0.2265625 0.0484375
0 0.875 0.75625 0.2265625 0.0390625
0 0.6234375 0.0765625 0.215625 0.0390625
0 0.88125 0.078125 0.2125 0.0359375
0 0.10234375 0.77890625 0.2 0.0390625
0 0.35078125 0.78359375 0.2265625 0.0390625
0 0.609375 0.7875 0.2265625 0.0453125
0 0.8734375 0.79296875 0.2265625 0.0390625
0 0.10234375 0.8171875 0.2015625 0.04375
0 0.35 0.821875 0.2265625 0.040625
0 0.6109375 0.8234375 0.2265625 0.04375
0 0.8765625 0.83203125 0.2265625 0.0390625
0 0.10078125 0.8546875 0.2015625 0.04375
0 0.35 0.8578125 0.2265625 0.04375
0 0.609375 0.86171875 0.2265625 0.0484375
0 0.8765625 0.86796875 0.2234375 0.0390625
0 0.10078125 0.8890625 0.2015625 0.0390625
0 0.3484375 0.8921875 0.23125 0.034375
0 0.609375 0.8953125 0.2265625 0.025
0 0.87734375 0.8953125 0.2265625 0.025
0 0.125 0.09765625 0.2265625 0.0484375