0 0.74375 0.18984375 0.5125 0.0890625
0 0.2078125 0.1984375 0.415625 0.0890625
0 0.74765625 0.296875 0.5046875 0.0921875
0 0.2078125 0.30390625 0.415625 0.0921875
0 0.74375 0.4046875 0.5125 0.09375
0 0.21015625 0.4109375 0.4203125 0.096875
0 0.21171875 0.51796875 0.4234375 0.090625
0 0.74140625 0.5296875 0.5125 0.0875
0 0.21171875 0.6203125 0.4234375 0.090625
0 0.7375 0.6328125 0.525 0.103125
0 0.74140625 0.06953125 0.5140625 0.1078125
0 0.209375 0.72265625 0.4140625 0.103125
0 0.7328125 0.7453125 0.534375 0.10625
0 0.21875 0.821875 0.4328125 0.103125
0 0.72578125 0.84375 0.5328125 0.10625
0 0.21484375 0.0859375 0.4296875 0.103125