0 0.46015625 0.12890625 0.365625 0.04375
0 0.13828125 0.13359375 0.275 0.04375
0 0.83125 0.14140625 0.3375 0.0421875
0 0.459375 0.178125 0.365625 0.04375
0 0.13828125 0.1828125 0.275 0.0390625
0 0.83046875 0.18515625 0.3375 0.0390625
0 0.459375 0.22578125 0.3640625 0.04375
0 0.1390625 0.2296875 0.2765625 0.0390625
0 0.46171875 0.275 0.3609375 0.040625
0 0.1390625 0.2796875 0.275 0.04375
0 0.459375 0.0296875 0.3640625 0.04375
0 0.46171875 0.32421875 0.365625 0.04375
0 0.1390625 0.3265625 0.275 0.0359375
0 0.4625 0.3734375 0.365625 0.04375
0 0.13671875 0.03671875 0.2734375 0.0421875
0 0.1390625 0.37578125 0.278125 0.0421875
0 0.46484375 0.41953125 0.3640625 0.04375
0 0.1390625 0.425 0.278125 0.040625
0 0.83125 0.04765625 0.3375 0.0390625
0 0.4640625 0.4703125 0.365625 0.04375
0 0.1390625 0.4703125 0.278125 0.04375
0 0.4625 0.51796875 0.365625 0.0390625
0 0.1390625 0.52109375 0.278125 0.0421875
0 0.7515625 0.55078125 0.165625 0.040625
0 0.46484375 0.56484375 0.3640625 0.0453125
0 0.1390625 0.565625 0.278125 0.040625
0 0.75234375 0.59609375 0.16875 0.040625
0 0.46640625 0.615625 0.365625 0.04375
0 0.140625 0.61640625 0.28125 0.0390625
0 0.83359375 0.6421875 0.3328125 0.040625
0 0.46640625 0.66484375 0.365625 0.040625
0 0.140625 0.6671875 0.28125 0.040625
0 0.83359375 0.68671875 0.3328125 0.0421875
0 0.46484375 0.7140625 0.365625 0.04375
0 0.140625 0.71640625 0.28125 0.0484375
0 0.83359375 0.73203125 0.3328125 0.0421875
0 0.46484375 0.76328125 0.365625 0.04375
0 0.1390625 0.7640625 0.278125 0.040625
0 0.4578125 0.078125 0.365625 0.0390625
0 0.83359375 0.78203125 0.3328125 0.0421875
0 0.4640625 0.81640625 0.365625 0.0484375
0 0.1390625 0.81640625 0.278125 0.0484375
0 0.83359375 0.82578125 0.3328125 0.0359375
0 0.13671875 0.084375 0.2734375 0.040625
0 0.83046875 0.0921875 0.3390625 0.0359375