0 0.1390625 0.10859375 0.278125 0.0484375
0 0.86640625 0.12734375 0.2671875 0.075
0 0.46171875 0.14296875 0.3578125 0.053125
0 0.1390625 0.1578125 0.275 0.05625
0 0.10546875 0.20390625 0.2109375 0.0546875
0 0.45078125 0.2234375 0.4890625 0.084375
0 0.86640625 0.22734375 0.2671875 0.084375
0 0.1046875 0.25 0.2078125 0.0515625
0 0.44609375 0.025 0.3578125 0.05
0 0.13203125 0.02734375 0.2640625 0.0546875
0 0.103125 0.29140625 0.20625 0.0453125
0 0.87265625 0.31484375 0.2546875 0.0828125
0 0.4546875 0.3171875 0.490625 0.0828125
0 0.10546875 0.3375 0.209375 0.0578125
0 0.1046875 0.38203125 0.2078125 0.05625
0 0.8734375 0.40234375 0.253125 0.0890625
0 0.45078125 0.4109375 0.49375 0.0890625
0 0.10234375 0.428125 0.2046875 0.0515625
0 0.86015625 0.0453125 0.2734375 0.090625
0 0.1046875 0.4734375 0.209375 0.05625
0 0.87109375 0.4890625 0.2578125 0.0875
0 0.45546875 0.5015625 0.4828125 0.0796875
0 0.10703125 0.51953125 0.2140625 0.05625
0 0.1046875 0.5671875 0.209375 0.059375
0 0.87265625 0.58203125 0.2546875 0.0828125
0 0.4515625 0.58203125 0.4859375 0.075
0 0.1046875 0.615625 0.2078125 0.0484375
0 0.10546875 0.6578125 0.209375 0.0515625
0 0.4546875 0.671875 0.4828125 0.0765625
0 0.13671875 0.0671875 0.271875 0.0484375
0 0.87109375 0.68046875 0.2578125 0.0828125
0 0.10546875 0.69921875 0.2078125 0.053125
0 0.10703125 0.74609375 0.2140625 0.053125
0 0.4578125 0.75234375 0.49375 0.084375
0 0.87109375 0.7609375 0.2578125 0.084375
0 0.1046875 0.7875 0.209375 0.0453125
0 0.1109375 0.82421875 0.21875 0.0515625
0 0.4515625 0.0828125 0.35625 0.0453125
0 0.459375 0.83984375 0.48125 0.0703125
0 0.8703125 0.8484375 0.259375 0.096875
0 0.109375 0.86328125 0.21875 0.053125
0 0.1109375 0.89765625 0.221875 0.03125