0 0.9171875 0.10546875 0.165625 0.0359375
0 0.66796875 0.10546875 0.29375 0.0359375
0 0.37890625 0.1078125 0.28125 0.034375
0 0.0984375 0.13671875 0.196875 0.034375
0 0.6609375 0.14453125 0.29375 0.0359375
0 0.3578125 0.1453125 0.28125 0.040625
0 0.91171875 0.14453125 0.1765625 0.0359375
0 0.10234375 0.1765625 0.2046875 0.0359375
0 0.6578125 0.18125 0.29375 0.04375
0 0.36796875 0.18359375 0.2796875 0.034375
0 0.91171875 0.18515625 0.1765625 0.0359375
0 0.1 0.01953125 0.2 0.0390625
0 0.103125 0.21328125 0.20625 0.0328125
0 0.65625 0.2171875 0.29375 0.0359375
0 0.36796875 0.22109375 0.284375 0.0359375
0 0.91328125 0.225 0.1734375 0.0390625
0 0.66328125 0.02265625 0.29375 0.034375
0 0.3734375 0.025 0.2859375 0.0359375
0 0.10234375 0.2546875 0.2046875 0.0359375
0 0.3609375 0.25703125 0.2828125 0.0359375
0 0.6703125 0.25703125 0.29375 0.03125
0 0.91328125 0.26171875 0.1703125 0.040625
0 0.1 0.2921875 0.2 0.03125
0 0.34375 0.2953125 0.240625 0.0390625
0 0.665625 0.296875 0.29375 0.0359375
0 0.9109375 0.30078125 0.178125 0.04375
0 0.91484375 0.0328125 0.1703125 0.0390625
0 0.0984375 0.328125 0.196875 0.0359375
0 0.66796875 0.3328125 0.29375 0.03125
0 0.36171875 0.334375 0.2828125 0.04375
0 0.91328125 0.33984375 0.1734375 0.04375
0 0.0984375 0.3703125 0.196875 0.03125
0 0.35 0.37109375 0.2859375 0.0484375
0 0.671875 0.37265625 0.2953125 0.0359375
0 0.9109375 0.37734375 0.178125 0.04375
0 0.1 0.40859375 0.196875 0.03125
0 0.34609375 0.41328125 0.284375 0.04375
0 0.64453125 0.41328125 0.29375 0.04375
0 0.91015625 0.421875 0.178125 0.0484375
0 0.0875 0.4484375 0.175 0.0375
0 0.35078125 0.4515625 0.28125 0.0515625
0 0.640625 0.4546875 0.29375 0.0390625
0 0.9015625 0.45546875 0.196875 0.04375
0 0.08984375 0.4875 0.1796875 0.03125
0 0.35078125 0.490625 0.28125 0.0453125
0 0.65 0.490625 0.290625 0.0390625
0 0.90234375 0.4953125 0.1953125 0.04375
0 0.3421875 0.52421875 0.2859375 0.04375
0 0.0921875 0.5234375 0.184375 0.0375
0 0.646875 0.53125 0.290625 0.04375
0 0.89609375 0.53203125 0.2078125 0.0359375
0 0.34140625 0.5578125 0.2859375 0.04375
0 0.09375 0.5625 0.1875 0.04375
0 0.640625 0.56953125 0.2890625 0.040625
0 0.89375 0.57265625 0.2125 0.0453125
0 0.1 0.05859375 0.2 0.0390625
0 0.3421875 0.60078125 0.2859375 0.059375
0 0.09609375 0.60703125 0.1921875 0.0359375
0 0.6453125 0.609375 0.29375 0.0390625
0 0.8953125 0.6140625 0.209375 0.0484375
0 0.09609375 0.64453125 0.1921875 0.034375
0 0.34140625 0.6453125 0.29375 0.0515625
0 0.63828125 0.64765625 0.29375 0.040625
0 0.89921875 0.65625 0.2015625 0.0453125
0 0.0953125 0.68046875 0.190625 0.03125
0 0.3375 0.68359375 0.2859375 0.04375
0 0.91796875 0.06875 0.1640625 0.034375
0 0.375 0.06953125 0.284375 0.0359375
0 0.640625 0.6875 0.29375 0.0359375
0 0.9015625 0.69453125 0.196875 0.0390625
0 0.09609375 0.725 0.1921875 0.04375
0 0.35078125 0.72734375 0.290625 0.0453125
0 0.65 0.7328125 0.2953125 0.04375
0 0.9 0.734375 0.2 0.04375
0 0.34140625 0.76328125 0.290625 0.04375
0 0.0921875 0.76328125 0.184375 0.0328125
0 0.6359375 0.77421875 0.29375 0.040625
0 0.9046875 0.775 0.190625 0.04375
0 0.34140625 0.80390625 0.290625 0.0484375
0 0.09609375 0.80390625 0.1921875 0.0359375
0 0.634375 0.81484375 0.29375 0.04375
0 0.9015625 0.81484375 0.196875 0.0484375
0 0.3390625 0.8390625 0.290625 0.0515625
0 0.09609375 0.84140625 0.1921875 0.0359375
0 0.6359375 0.853125 0.29375 0.0390625
0 0.89921875 0.8546875 0.2015625 0.053125
0 0.09609375 0.87890625 0.1921875 0.03125
0 0.33984375 0.8796875 0.2890625 0.0484375
0 0.89609375 0.8875 0.2078125 0.034375
0 0.6421875 0.890625 0.290625 0.034375
0 0.10234375 0.0984375 0.2015625 0.0359375