0 0.4984375 0.890625 0.3265625 0.065625
0 0.15390625 0.89296875 0.3078125 0.05625
0 0.8390625 0.9 0.321875 0.0359375
0 0.83984375 0.09375 0.3203125 0.071875
0 0.5015625 0.15390625 0.325 0.075
0 0.15625 0.16484375 0.3125 0.0671875
0 0.8390625 0.17421875 0.321875 0.0671875
0 0.8390625 0.02265625 0.321875 0.0453125
0 0.4953125 0.2328125 0.325 0.0828125
0 0.1609375 0.24375 0.321875 0.0671875
0 0.83984375 0.25390625 0.3203125 0.0765625
0 0.5015625 0.31875 0.321875 0.0796875
0 0.1578125 0.328125 0.3140625 0.071875
0 0.8390625 0.33515625 0.321875 0.071875
0 0.49765625 0.4 0.3203125 0.0828125
0 0.15859375 0.40859375 0.3171875 0.0671875
0 0.834375 0.41796875 0.325 0.071875
0 0.4984375 0.478125 0.3265625 0.0796875
0 0.1578125 0.49140625 0.3140625 0.0703125
0 0.83984375 0.5015625 0.3203125 0.0703125
0 0.50234375 0.5578125 0.3265625 0.0890625
0 0.1609375 0.57578125 0.321875 0.0703125
0 0.8375 0.5828125 0.325 0.0703125
0 0.5 0.64296875 0.3265625 0.0796875
0 0.1609375 0.65625 0.321875 0.0671875
0 0.84140625 0.66484375 0.3171875 0.075
0 0.50390625 0.07109375 0.325 0.0765625
0 0.5 0.725 0.3296875 0.0796875
0 0.1546875 0.7375 0.309375 0.065625
0 0.83984375 0.74765625 0.3203125 0.071875
0 0.49609375 0.8078125 0.325 0.0765625
0 0.15390625 0.81875 0.3078125 0.0703125
0 0.84375 0.834375 0.3125 0.071875
0 0.16015625 0.084375 0.3171875 0.065625