0 0.4625 0.875 0.290625 0.0609375
0 0.165625 0.88125 0.28125 0.0578125
0 0.7796875 0.88203125 0.2890625 0.0578125
0 0.77890625 0.1296875 0.2890625 0.0640625
0 0.15234375 0.13359375 0.2859375 0.0609375
0 0.45546875 0.134375 0.2859375 0.065625
0 0.78359375 0.20546875 0.2890625 0.0671875
0 0.4546875 0.20546875 0.290625 0.0609375
0 0.15234375 0.209375 0.2859375 0.0578125
0 0.7875 0.28125 0.2890625 0.0578125
0 0.45703125 0.2828125 0.290625 0.0609375
0 0.1546875 0.28359375 0.290625 0.0609375
0 0.78515625 0.353125 0.2953125 0.0609375
0 0.453125 0.35546875 0.29375 0.0609375
0 0.15390625 0.36171875 0.2890625 0.0609375
0 0.7859375 0.43046875 0.2953125 0.065625
0 0.4546875 0.43046875 0.2953125 0.065625
0 0.15859375 0.43359375 0.284375 0.0609375
0 0.7859375 0.5046875 0.2953125 0.0625
0 0.45546875 0.50703125 0.290625 0.0609375
0 0.15625 0.50859375 0.284375 0.0546875
0 0.771875 0.05390625 0.2890625 0.0625
0 0.4546875 0.05859375 0.290625 0.065625
0 0.453125 0.58046875 0.290625 0.0578125
0 0.78828125 0.58203125 0.290625 0.065625
0 0.1546875 0.584375 0.2859375 0.0578125
0 0.15390625 0.06015625 0.2796875 0.0609375
0 0.4546875 0.6515625 0.29375 0.059375
0 0.7875 0.65625 0.29375 0.065625
0 0.15390625 0.6578125 0.2859375 0.05625
0 0.4640625 0.728125 0.29375 0.0625
0 0.7859375 0.734375 0.2890625 0.0625
0 0.15625 0.734375 0.284375 0.0609375
0 0.46015625 0.80078125 0.290625 0.0609375
0 0.16484375 0.80625 0.2796875 0.0625
0 0.7859375 0.81015625 0.290625 0.059375