0 0.75859375 0.11171875 0.2765625 0.0453125
0 0.953125 0.11875 0.09375 0.0390625
0 0.19140625 0.13359375 0.2671875 0.053125
0 0.475 0.13671875 0.2625 0.05625
0 0.02734375 0.1375 0.0546875 0.040625
0 0.7640625 0.1578125 0.2671875 0.040625
0 0.9484375 0.165625 0.103125 0.0453125
0 0.203125 0.17578125 0.2671875 0.0609375
0 0.4796875 0.1765625 0.2578125 0.0609375
0 0.0296875 0.17734375 0.059375 0.0390625
0 0.76328125 0.19921875 0.2671875 0.0453125
0 0.9484375 0.20703125 0.103125 0.0515625
0 0.02734375 0.21953125 0.0546875 0.0453125
0 0.14765625 0.22109375 0.1390625 0.0453125
0 0.365625 0.23828125 0.2890625 0.0875
0 0.68984375 0.24375 0.2890625 0.0453125
0 0.7546875 0.0265625 0.271875 0.053125
0 0.921875 0.265625 0.15625 0.065625
0 0.03984375 0.2640625 0.0796875 0.04375
0 0.14453125 0.26796875 0.128125 0.04375
0 0.9515625 0.02734375 0.096875 0.0453125
0 0.32578125 0.2828125 0.2859375 0.075
0 0.6875 0.29453125 0.2890625 0.0453125
0 0.14921875 0.3078125 0.1421875 0.0359375
0 0.03125 0.3109375 0.0625 0.0359375
0 0.91796875 0.3140625 0.1640625 0.0625
0 0.35078125 0.33203125 0.2890625 0.0703125
0 0.6890625 0.33515625 0.29375 0.04375
0 0.13125 0.35078125 0.1203125 0.040625
0 0.03359375 0.35 0.0671875 0.040625
0 0.9203125 0.359375 0.159375 0.05625
0 0.33046875 0.37890625 0.284375 0.071875
0 0.6921875 0.384375 0.2890625 0.0453125
0 0.1078125 0.39296875 0.0765625 0.0390625
0 0.025 0.39375 0.05 0.040625
0 0.92265625 0.4015625 0.1546875 0.059375
0 0.28359375 0.41953125 0.2796875 0.0640625
0 0.696875 0.43046875 0.2890625 0.0453125
0 0.10078125 0.43359375 0.0875 0.0390625
0 0.02734375 0.43515625 0.0546875 0.0453125
0 0.1875 0.04453125 0.2703125 0.0515625
0 0.92265625 0.4484375 0.1546875 0.059375
0 0.28515625 0.46875 0.275 0.053125
0 0.1078125 0.4734375 0.09375 0.040625
0 0.69375 0.4796875 0.2859375 0.053125
0 0.03125 0.48046875 0.0625 0.040625
0 0.46171875 0.04921875 0.2640625 0.05625
0 0.92421875 0.4953125 0.1515625 0.0578125
0 0.109375 0.515625 0.0921875 0.0390625
0 0.29921875 0.515625 0.284375 0.053125
0 0.03125 0.521875 0.0625 0.0390625
0 0.68984375 0.521875 0.284375 0.053125
0 0.91796875 0.5375 0.1609375 0.05625
0 0.10546875 0.55546875 0.084375 0.0390625
0 0.28984375 0.55859375 0.284375 0.0578125
0 0.021875 0.05625 0.04375 0.0453125
0 0.69140625 0.56953125 0.2890625 0.0484375
0 0.91796875 0.58203125 0.1640625 0.0609375
0 0.10703125 0.59375 0.0828125 0.0390625
0 0.5015625 0.59609375 0.096875 0.040625
0 0.28984375 0.60234375 0.28125 0.0515625
0 0.0328125 0.603125 0.0625 0.0390625
0 0.6921875 0.61796875 0.2890625 0.053125
0 0.91953125 0.63359375 0.1609375 0.059375
0 0.1109375 0.6359375 0.090625 0.040625
0 0.5015625 0.63671875 0.09375 0.04375
0 0.02734375 0.64609375 0.0546875 0.0421875
0 0.2859375 0.64921875 0.2796875 0.0515625
0 0.69453125 0.66328125 0.29375 0.0484375
0 0.5 0.67890625 0.1109375 0.04375
0 0.10078125 0.68046875 0.0796875 0.040625
0 0.92265625 0.68046875 0.1546875 0.0609375
0 0.0265625 0.6890625 0.053125 0.0390625
0 0.75390625 0.06953125 0.2640625 0.04375
0 0.28125 0.70078125 0.2890625 0.0453125
0 0.703125 0.7078125 0.290625 0.0515625
0 0.5015625 0.72109375 0.1140625 0.040625
0 0.10078125 0.72109375 0.071875 0.0453125
0 0.9328125 0.728125 0.134375 0.053125
0 0.03125 0.73046875 0.0625 0.04375
0 0.9515625 0.07421875 0.096875 0.0515625
0 0.2796875 0.74609375 0.2859375 0.0515625
0 0.7046875 0.7546875 0.2890625 0.053125
0 0.10234375 0.76171875 0.0671875 0.0453125
0 0.50625 0.7640625 0.121875 0.04375
0 0.9359375 0.77421875 0.128125 0.0484375
0 0.03359375 0.77421875 0.0671875 0.040625
0 0.275 0.7859375 0.2890625 0.0484375
0 0.71171875 0.79921875 0.2890625 0.0515625
0 0.49765625 0.8078125 0.1390625 0.04375
0 0.93125 0.8140625 0.1375 0.05625
0 0.0265625 0.81484375 0.053125 0.0390625
0 0.23828125 0.8328125 0.2859375 0.05625
0 0.71015625 0.8453125 0.2890625 0.0515625
0 0.48828125 0.8484375 0.15625 0.040625
0 0.02734375 0.85390625 0.0546875 0.0421875
0 0.9328125 0.8578125 0.134375 0.0484375
0 0.24140625 0.8796875 0.2875 0.0484375
0 0.71171875 0.8859375 0.29375 0.040625
0 0.48828125 0.88671875 0.15625 0.0390625
0 0.19375 0.0890625 0.2703125 0.0609375
0 0.9328125 0.890625 0.134375 0.0265625
0 0.46875 0.09375 0.2625 0.0515625
0 0.025 0.09765625 0.05 0.0359375