0 0.3125 0.1109375 0.25 0.0453125
0 0.0640625 0.12109375 0.128125 0.04375
0 0.58046875 0.14296875 0.2546875 0.0390625
0 0.3125 0.1515625 0.253125 0.04375
0 0.05625 0.1546875 0.1109375 0.0390625
0 0.859375 0.1546875 0.28125 0.040625
0 0.5796875 0.01796875 0.2453125 0.0328125
0 0.58046875 0.1828125 0.25 0.0390625
0 0.05546875 0.1890625 0.1109375 0.0390625
0 0.31015625 0.19140625 0.2484375 0.04375
0 0.859375 0.20546875 0.2796875 0.0390625
0 0.06640625 0.02265625 0.1328125 0.040625
0 0.06015625 0.22265625 0.115625 0.0390625
0 0.578125 0.225 0.2546875 0.0390625
0 0.3078125 0.22734375 0.25 0.0484375
0 0.85703125 0.2609375 0.2859375 0.04375
0 0.578125 0.265625 0.2546875 0.040625
0 0.30625 0.26796875 0.25 0.0453125
0 0.04921875 0.26953125 0.0984375 0.0390625
0 0.303125 0.30625 0.25 0.04375
0 0.5734375 0.30859375 0.25 0.04375
0 0.05390625 0.31015625 0.1078125 0.040625
0 0.321875 0.0328125 0.25 0.0453125
0 0.8578125 0.31953125 0.284375 0.0453125
0 0.303125 0.3453125 0.25 0.04375
0 0.57421875 0.3484375 0.25 0.04375
0 0.0734375 0.35234375 0.146875 0.0390625
0 0.8578125 0.36875 0.284375 0.0453125
0 0.30078125 0.3890625 0.2546875 0.0453125
0 0.571875 0.3890625 0.25 0.0453125
0 0.06484375 0.39296875 0.1296875 0.040625
0 0.8578125 0.41796875 0.284375 0.0484375
0 0.06640625 0.43125 0.1328125 0.0359375
0 0.86484375 0.04296875 0.2703125 0.0484375
0 0.4328125 0.4421875 0.375 0.0859375
0 0.8578125 0.4671875 0.284375 0.05625
0 0.225 0.47109375 0.1390625 0.0484375
0 0.06484375 0.4734375 0.1296875 0.0296875
0 0.4890625 0.49140625 0.3796875 0.0765625
0 0.06875 0.515625 0.134375 0.0359375
0 0.23046875 0.5171875 0.134375 0.0390625
0 0.8578125 0.525 0.284375 0.05625
0 0.5 0.54296875 0.378125 0.0765625
0 0.06484375 0.05546875 0.1296875 0.0484375
0 0.58203125 0.05625 0.2546875 0.0390625
0 0.24375 0.5578125 0.146875 0.0390625
0 0.06640625 0.5578125 0.1328125 0.034375
0 0.85546875 0.57578125 0.2890625 0.053125
0 0.5109375 0.5921875 0.3796875 0.071875
0 0.06484375 0.59765625 0.1296875 0.0359375
0 0.24296875 0.5984375 0.1625 0.040625
0 0.8578125 0.6296875 0.284375 0.0578125
0 0.06640625 0.6359375 0.1328125 0.0359375
0 0.240625 0.6390625 0.159375 0.0484375
0 0.5015625 0.646875 0.3828125 0.0578125
0 0.0671875 0.6828125 0.134375 0.0390625
0 0.86796875 0.68359375 0.2640625 0.0625
0 0.2453125 0.68359375 0.16875 0.04375
0 0.5203125 0.7015625 0.384375 0.0484375
0 0.31953125 0.07109375 0.25 0.04375
0 0.24296875 0.72578125 0.16875 0.04375
0 0.06953125 0.72734375 0.1390625 0.0390625
0 0.8640625 0.7390625 0.271875 0.053125
0 0.509375 0.75625 0.384375 0.04375
0 0.06875 0.7671875 0.134375 0.0390625
0 0.240625 0.76953125 0.153125 0.04375
0 0.8640625 0.7921875 0.2703125 0.0578125
0 0.0671875 0.8109375 0.134375 0.0390625
0 0.2390625 0.8140625 0.1515625 0.0453125
0 0.50859375 0.81640625 0.384375 0.0609375
0 0.86484375 0.846875 0.2703125 0.065625
0 0.06953125 0.8546875 0.1390625 0.040625
0 0.23671875 0.85546875 0.1640625 0.040625
0 0.5140625 0.87109375 0.3890625 0.053125
0 0.86796875 0.88828125 0.2640625 0.03125
0 0.234375 0.8890625 0.1640625 0.034375
0 0.0671875 0.890625 0.134375 0.0296875
0 0.06640625 0.09140625 0.1296875 0.0453125
0 0.86171875 0.0984375 0.275 0.04375
0 0.5828125 0.10234375 0.253125 0.04375