0 0.7203125 0.146875 0.2015625 0.0359375
0 0.49375 0.1875 0.1734375 0.0359375
0 0.7203125 0.19921875 0.2 0.040625
0 0.5046875 0.23203125 0.1734375 0.0296875
0 0.7203125 0.2484375 0.2 0.040625
0 0.35546875 0.27265625 0.1328125 0.0265625
0 0.50703125 0.2765625 0.1734375 0.0296875
0 0.93828125 0.29765625 0.1234375 0.0234375
0 0.2328125 0.2984375 0.11875 0.0265625
0 0.71875 0.29921875 0.2015625 0.0390625
0 0.35546875 0.30859375 0.1296875 0.0265625
0 0.50625 0.3171875 0.1734375 0.0265625
0 0.9375 0.3296875 0.125 0.0265625
0 0.23203125 0.3328125 0.1140625 0.034375
0 0.3546875 0.3421875 0.1296875 0.0265625
0 0.7203125 0.35 0.2015625 0.0390625
0 0.2328125 0.36171875 0.1140625 0.0296875
0 0.9375 0.36328125 0.125 0.0265625
0 0.50703125 0.36328125 0.1734375 0.0296875
0 0.35546875 0.37890625 0.1296875 0.0265625
0 0.23046875 0.39453125 0.1140625 0.0296875
0 0.9375 0.39453125 0.125 0.0296875
0 0.7171875 0.39921875 0.2 0.0390625
0 0.50625 0.40390625 0.1734375 0.03125
0 0.3546875 0.4125 0.128125 0.025
0 0.23046875 0.4234375 0.1140625 0.03125
0 0.9375 0.4265625 0.125 0.0265625
0 0.35546875 0.44609375 0.1296875 0.025
0 0.50703125 0.4484375 0.1734375 0.0296875
0 0.71640625 0.44921875 0.2015625 0.0390625
0 0.23046875 0.4546875 0.1140625 0.034375
0 0.9375 0.459375 0.125 0.025
0 0.3546875 0.48046875 0.134375 0.0296875
0 0.228125 0.48046875 0.1140625 0.0265625
0 0.50859375 0.490625 0.1734375 0.028125
0 0.9359375 0.49140625 0.128125 0.0265625
0 0.7140625 0.4984375 0.2 0.0390625
0 0.225 0.51171875 0.1015625 0.0296875
0 0.353125 0.51328125 0.1328125 0.0296875
0 0.9359375 0.52265625 0.128125 0.028125
0 0.50703125 0.5328125 0.1734375 0.03125
0 0.2296875 0.54453125 0.1109375 0.03125
0 0.3546875 0.5484375 0.1328125 0.028125
0 0.7140625 0.54921875 0.2 0.0390625
0 0.93515625 0.55546875 0.1296875 0.028125
0 0.509375 0.5734375 0.1734375 0.0265625
0 0.228125 0.57421875 0.1140625 0.0296875
0 0.35546875 0.58203125 0.134375 0.0296875
0 0.93515625 0.58515625 0.1296875 0.0265625
0 0.71484375 0.59765625 0.2015625 0.0390625
0 0.228125 0.6046875 0.1140625 0.028125
0 0.3546875 0.61640625 0.134375 0.028125
0 0.93515625 0.61796875 0.1296875 0.028125
0 0.509375 0.6203125 0.1765625 0.028125
0 0.228125 0.634375 0.1140625 0.028125
0 0.7140625 0.646875 0.2 0.040625
0 0.35546875 0.65 0.1375 0.028125
0 0.93515625 0.65 0.1296875 0.0265625
0 0.509375 0.6625 0.1734375 0.0359375
0 0.22734375 0.66484375 0.115625 0.028125
0 0.93515625 0.6828125 0.1296875 0.0265625
0 0.3546875 0.6828125 0.1375 0.0265625
0 0.2203125 0.6921875 0.125 0.0265625
0 0.7140625 0.69921875 0.2015625 0.034375
0 0.5109375 0.70546875 0.1734375 0.034375
0 0.93359375 0.7125 0.1328125 0.0265625
0 0.35546875 0.71640625 0.1390625 0.0265625
0 0.22265625 0.7203125 0.125 0.021875
0 0.35546875 0.74140625 0.1375 0.028125
0 0.71171875 0.74375 0.2015625 0.0390625
0 0.509375 0.74609375 0.1734375 0.0296875
0 0.5109375 0.78828125 0.1734375 0.03125
0 0.7125 0.790625 0.2 0.0359375
0 0.7140625 0.8328125 0.2 0.0359375