0 0.15859375 0.1078125 0.3171875 0.0515625
0 0.50234375 0.125 0.303125 0.053125
0 0.15859375 0.01328125 0.3171875 0.0265625
0 0.84453125 0.15234375 0.3109375 0.0453125
0 0.15859375 0.1578125 0.3171875 0.0484375
0 0.49375 0.17578125 0.3015625 0.0515625
0 0.84609375 0.20078125 0.3078125 0.0515625
0 0.15390625 0.21015625 0.3078125 0.0578125
0 0.5 0.228125 0.3015625 0.0484375
0 0.50234375 0.02421875 0.303125 0.0484375
0 0.846875 0.25546875 0.30625 0.0515625
0 0.15234375 0.2640625 0.3046875 0.053125
0 0.49765625 0.27734375 0.303125 0.0484375
0 0.8484375 0.31015625 0.303125 0.0484375
0 0.15234375 0.3171875 0.3046875 0.053125
0 0.49765625 0.3265625 0.303125 0.053125
0 0.84609375 0.36171875 0.3078125 0.0453125
0 0.15390625 0.37265625 0.3078125 0.053125
0 0.49765625 0.37734375 0.303125 0.05625
0 0.84609375 0.41328125 0.3078125 0.0484375
0 0.15390625 0.42421875 0.3078125 0.0515625
0 0.49609375 0.42421875 0.3078125 0.053125
0 0.84375 0.0453125 0.3125 0.0515625
0 0.84453125 0.46328125 0.3109375 0.0484375
0 0.5015625 0.47734375 0.303125 0.05625
0 0.15390625 0.4796875 0.3078125 0.0484375
0 0.84609375 0.5171875 0.3078125 0.0453125
0 0.15234375 0.5296875 0.303125 0.0515625
0 0.49765625 0.53125 0.3015625 0.0578125
0 0.15859375 0.05625 0.315625 0.053125
0 0.84609375 0.56875 0.3078125 0.0515625
0 0.4953125 0.5828125 0.303125 0.053125
0 0.1515625 0.5828125 0.303125 0.053125
0 0.8484375 0.625 0.303125 0.053125
0 0.49375 0.63203125 0.303125 0.053125
0 0.15234375 0.63515625 0.3046875 0.0609375
0 0.84609375 0.67421875 0.3078125 0.0515625
0 0.4953125 0.68359375 0.3015625 0.05625
0 0.1546875 0.68671875 0.309375 0.0578125
0 0.846875 0.72890625 0.30625 0.0546875
0 0.50234375 0.0734375 0.303125 0.0515625
0 0.49296875 0.73828125 0.3015625 0.053125
0 0.15390625 0.740625 0.3078125 0.0578125
0 0.84609375 0.7796875 0.3078125 0.0484375
0 0.49375 0.78515625 0.3015625 0.0515625
0 0.15390625 0.78984375 0.3078125 0.0609375
0 0.49765625 0.834375 0.303125 0.0578125
0 0.846875 0.83515625 0.30625 0.0453125
0 0.15234375 0.84375 0.3046875 0.0625
0 0.4984375 0.88125 0.3015625 0.0484375
0 0.1515625 0.88125 0.303125 0.0453125
0 0.846875 0.8828125 0.30625 0.040625
0 0.84453125 0.096875 0.3109375 0.053125