0 0.87734375 0.1515625 0.2453125 0.0875
0 0.3078125 0.16328125 0.2171875 0.0671875
0 0.0765625 0.16328125 0.153125 0.0765625
0 0.5984375 0.2328125 0.2765625 0.0703125
0 0.0765625 0.240625 0.153125 0.075
0 0.303125 0.24296875 0.2171875 0.0578125
0 0.88203125 0.24375 0.2359375 0.0796875
0 0.30390625 0.0265625 0.2171875 0.053125
0 0.3015625 0.30859375 0.2140625 0.0671875
0 0.07578125 0.31640625 0.1515625 0.071875
0 0.59140625 0.321875 0.271875 0.075
0 0.884375 0.3265625 0.23125 0.0765625
0 0.07421875 0.034375 0.1484375 0.06875
0 0.30546875 0.3765625 0.2171875 0.0578125
0 0.08046875 0.384375 0.159375 0.0671875
0 0.584375 0.40234375 0.2703125 0.0671875
0 0.88828125 0.41328125 0.2234375 0.0796875
0 0.0796875 0.4578125 0.15625 0.075
0 0.290625 0.459375 0.2125 0.0625
0 0.58984375 0.484375 0.275 0.0765625
0 0.88671875 0.50625 0.2265625 0.0828125
0 0.884375 0.053125 0.23125 0.0875
0 0.08203125 0.52890625 0.1609375 0.0671875
0 0.6078125 0.053125 0.2828125 0.0890625
0 0.29296875 0.5328125 0.2125 0.0625
0 0.59609375 0.5734375 0.2859375 0.071875
0 0.2953125 0.5953125 0.2125 0.0625
0 0.08203125 0.59765625 0.1640625 0.075
0 0.8890625 0.6 0.221875 0.0765625
0 0.56484375 0.6546875 0.2453125 0.059375
0 0.08046875 0.6703125 0.1609375 0.075
0 0.2859375 0.678125 0.209375 0.0625
0 0.8890625 0.6890625 0.221875 0.0828125
0 0.54921875 0.74140625 0.2453125 0.0625
0 0.27890625 0.74140625 0.2078125 0.075
0 0.0765625 0.74296875 0.153125 0.0765625
0 0.890625 0.771875 0.21875 0.0828125
0 0.0765625 0.81640625 0.153125 0.0828125
0 0.2828125 0.8265625 0.2171875 0.0703125
0 0.5578125 0.828125 0.2484375 0.0609375
0 0.8859375 0.84375 0.228125 0.0625
0 0.30390625 0.09140625 0.2171875 0.071875
0 0.07421875 0.09453125 0.1484375 0.0703125
0 0.6046875 0.1390625 0.2796875 0.0875