0 0.67421875 0.80625 0.4625 0.0453125
0 0.21015625 0.80859375 0.4203125 0.040625
0 0.678125 0.8484375 0.4546875 0.0453125
0 0.21171875 0.85234375 0.4203125 0.04375
0 0.6765625 0.890625 0.4546875 0.053125
0 0.209375 0.8953125 0.4140625 0.040625
0 0.6765625 0.93125 0.4578125 0.0484375
0 0.21015625 0.93984375 0.4203125 0.0390625
0 0.21015625 0.09609375 0.4203125 0.0453125
0 0.6828125 0.97265625 0.4453125 0.0484375
0 0.209375 0.9796875 0.415625 0.0359375
0 0.6765625 0.103125 0.45 0.04375
0 0.2078125 0.140625 0.409375 0.0453125
0 0.6828125 0.146875 0.4453125 0.0390625
0 0.21484375 0.0140625 0.4296875 0.028125
0 0.67578125 0.01796875 0.4546875 0.0328125
0 0.2234375 0.1859375 0.4453125 0.040625
0 0.6875 0.20078125 0.4375 0.04375
0 0.228125 0.22890625 0.45625 0.0421875
0 0.68984375 0.2390625 0.428125 0.053125
0 0.22734375 0.27421875 0.4546875 0.0453125
0 0.68984375 0.28359375 0.428125 0.0515625
0 0.22578125 0.3171875 0.4515625 0.0484375
0 0.6890625 0.3296875 0.428125 0.0484375
0 0.228125 0.36328125 0.4546875 0.0484375
0 0.6859375 0.375 0.4359375 0.0515625
0 0.22578125 0.4078125 0.45 0.0453125
0 0.68359375 0.41953125 0.4375 0.0515625
0 0.2203125 0.44921875 0.440625 0.0484375
0 0.68515625 0.46171875 0.4375 0.0515625
0 0.2140625 0.49765625 0.4265625 0.0484375
0 0.6859375 0.5046875 0.4359375 0.0484375
0 0.21484375 0.0515625 0.4296875 0.040625
0 0.21171875 0.5421875 0.4234375 0.04375
0 0.68046875 0.55078125 0.4359375 0.04375
0 0.6765625 0.05859375 0.4515625 0.0453125
0 0.2078125 0.58515625 0.415625 0.0390625
0 0.6765625 0.59609375 0.4578125 0.0453125
0 0.21484375 0.6359375 0.4296875 0.040625
0 0.67421875 0.64453125 0.4625 0.04375
0 0.21875 0.6765625 0.4375 0.0515625
0 0.6765625 0.68046875 0.4578125 0.0453125
0 0.2171875 0.7203125 0.434375 0.04375
0 0.6765625 0.72578125 0.45 0.04375
0 0.6765625 0.7671875 0.4546875 0.0359375
0 0.21171875 0.76953125 0.4234375 0.0453125