0 0.921875 0.11328125 0.15625 0.05625
0 0.3546875 0.11640625 0.3203125 0.0546875
0 0.678125 0.11875 0.3109375 0.05625
0 0.0890625 0.12109375 0.178125 0.05625
0 0.92421875 0.16015625 0.1515625 0.0515625
0 0.3703125 0.165625 0.303125 0.053125
0 0.08984375 0.17109375 0.1796875 0.0484375
0 0.69140625 0.18359375 0.3125 0.040625
0 0.9203125 0.0203125 0.1546875 0.040625
0 0.925 0.209375 0.15 0.05625
0 0.375 0.2140625 0.3125 0.05625
0 0.69609375 0.225 0.3109375 0.0453125
0 0.103125 0.22578125 0.20625 0.0578125
0 0.3578125 0.02265625 0.303125 0.0453125
0 0.68046875 0.02265625 0.315625 0.0453125
0 0.9265625 0.259375 0.146875 0.0484375
0 0.3765625 0.2640625 0.3140625 0.053125
0 0.69609375 0.27734375 0.315625 0.0625
0 0.09140625 0.02734375 0.1828125 0.053125
0 0.103125 0.28203125 0.20625 0.0546875
0 0.37109375 0.3125 0.3171875 0.053125
0 0.92734375 0.3125 0.1453125 0.053125
0 0.103125 0.32578125 0.20625 0.0484375
0 0.69375 0.328125 0.315625 0.0609375
0 0.3703125 0.36640625 0.315625 0.0609375
0 0.925 0.3671875 0.15 0.053125
0 0.6875 0.37734375 0.303125 0.0453125
0 0.10078125 0.37890625 0.2015625 0.05625
0 0.3703125 0.4078125 0.3171875 0.0484375
0 0.92265625 0.41171875 0.1546875 0.0515625
0 0.6875 0.4234375 0.3125 0.0453125
0 0.1 0.42421875 0.2 0.04375
0 0.365625 0.459375 0.3109375 0.0609375
0 0.925 0.459375 0.15 0.05625
0 0.09609375 0.475 0.1921875 0.0484375
0 0.69140625 0.47578125 0.3171875 0.0609375
0 0.35703125 0.509375 0.3203125 0.0515625
0 0.92734375 0.51015625 0.1453125 0.0515625
0 0.09375 0.5203125 0.1875 0.0515625
0 0.68984375 0.52421875 0.315625 0.0609375
0 0.35546875 0.55390625 0.315625 0.04375
0 0.9265625 0.55625 0.146875 0.0515625
0 0.09375 0.5640625 0.1875 0.0390625
0 0.6828125 0.57421875 0.315625 0.0578125
0 0.93125 0.5984375 0.1375 0.0484375
0 0.35234375 0.603125 0.315625 0.0515625
0 0.09375 0.6109375 0.1859375 0.04375
0 0.67890625 0.625 0.3171875 0.0515625
0 0.9265625 0.6453125 0.146875 0.053125
0 0.921875 0.0640625 0.15625 0.05625
0 0.35234375 0.6546875 0.321875 0.0578125
0 0.0921875 0.66015625 0.184375 0.0609375
0 0.678125 0.6703125 0.3203125 0.053125
0 0.35703125 0.06875 0.3125 0.05625
0 0.9203125 0.6984375 0.159375 0.0546875
0 0.6765625 0.071875 0.3109375 0.0484375
0 0.36796875 0.71171875 0.30625 0.059375
0 0.67578125 0.71484375 0.3109375 0.04375
0 0.0953125 0.71640625 0.190625 0.0484375
0 0.09140625 0.071875 0.1828125 0.0484375
0 0.921875 0.75 0.15625 0.0484375
0 0.3546875 0.7546875 0.3171875 0.0453125
0 0.678125 0.7640625 0.3125 0.0484375
0 0.09609375 0.765625 0.190625 0.0515625
0 0.91953125 0.79453125 0.159375 0.053125
0 0.3546875 0.80390625 0.3203125 0.059375
0 0.0953125 0.81015625 0.190625 0.0484375
0 0.6765625 0.8109375 0.315625 0.04375
0 0.91953125 0.8453125 0.1609375 0.0515625
0 0.67578125 0.8546875 0.315625 0.0453125
0 0.35234375 0.8546875 0.3171875 0.0453125
0 0.09375 0.8609375 0.1875 0.053125
0 0.91953125 0.8859375 0.1609375 0.040625
0 0.35078125 0.89296875 0.3171875 0.0296875