0 0.6296875 0.10546875 0.1015625 0.0265625
0 0.52421875 0.1078125 0.1015625 0.0265625
0 0.4234375 0.109375 0.0984375 0.0265625
0 0.32109375 0.11328125 0.0984375 0.025
0 0.62890625 0.01171875 0.0984375 0.021875
0 0.21875 0.11640625 0.096875 0.0296875
0 0.1203125 0.1203125 0.09375 0.021875
0 0.94140625 0.125 0.1015625 0.021875
0 0.52421875 0.01328125 0.1015625 0.025
0 0.83671875 0.125 0.1015625 0.0265625
0 0.03359375 0.125 0.0671875 0.0265625
0 0.73203125 0.12734375 0.1015625 0.025
0 0.62890625 0.1296875 0.1015625 0.021875
0 0.52421875 0.1296875 0.1015625 0.021875
0 0.4234375 0.13359375 0.1015625 0.0265625
0 0.32109375 0.1359375 0.0984375 0.0203125
0 0.2171875 0.1421875 0.096875 0.025
0 0.1203125 0.146875 0.096875 0.0296875
0 0.0328125 0.14921875 0.065625 0.0265625
0 0.83671875 0.15 0.1015625 0.025
0 0.9421875 0.15 0.103125 0.0265625
0 0.7328125 0.1515625 0.1015625 0.0265625
0 0.6296875 0.15390625 0.1015625 0.0265625
0 0.52265625 0.15625 0.1015625 0.021875
0 0.421875 0.1578125 0.1015625 0.025
0 0.31953125 0.1609375 0.0984375 0.021875
0 0.2171875 0.16484375 0.096875 0.021875
0 0.42421875 0.0171875 0.0984375 0.0265625
0 0.1203125 0.1703125 0.096875 0.021875
0 0.94375 0.17421875 0.1015625 0.025
0 0.03359375 0.17421875 0.0671875 0.0265625
0 0.8375 0.17578125 0.103125 0.0265625
0 0.7328125 0.1765625 0.1015625 0.0265625
0 0.321875 0.01796875 0.09375 0.0265625
0 0.6296875 0.178125 0.1015625 0.025
0 0.52421875 0.17890625 0.1015625 0.025
0 0.421875 0.18125 0.0984375 0.025
0 0.31875 0.18515625 0.0984375 0.021875
0 0.2171875 0.18984375 0.0984375 0.0296875
0 0.11875 0.19453125 0.096875 0.025
0 0.03359375 0.196875 0.065625 0.0265625
0 0.94375 0.1984375 0.103125 0.0265625
0 0.8375 0.19921875 0.1015625 0.021875
0 0.7328125 0.20078125 0.1015625 0.021875
0 0.52421875 0.2015625 0.1015625 0.025
0 0.6296875 0.2015625 0.1015625 0.025
0 0.421875 0.20546875 0.1015625 0.025
0 0.31875 0.209375 0.1015625 0.021875
0 0.2171875 0.2140625 0.0984375 0.0265625
0 0.11875 0.2171875 0.096875 0.0265625
0 0.22265625 0.021875 0.096875 0.03125
0 0.0328125 0.22109375 0.065625 0.0265625
0 0.8390625 0.225 0.103125 0.0265625
0 0.94453125 0.225 0.103125 0.025
0 0.7328125 0.225 0.1015625 0.0265625
0 0.62890625 0.22734375 0.1015625 0.0296875
0 0.52421875 0.228125 0.1015625 0.021875
0 0.421875 0.2296875 0.1015625 0.021875
0 0.31875 0.234375 0.0984375 0.021875
0 0.2171875 0.23671875 0.096875 0.0265625
0 0.11875 0.24140625 0.096875 0.021875
0 0.0328125 0.24375 0.0625 0.0265625
0 0.83984375 0.24765625 0.1015625 0.025
0 0.94609375 0.2484375 0.10625 0.025
0 0.7359375 0.2484375 0.1015625 0.0265625
0 0.6296875 0.25 0.1015625 0.025
0 0.9390625 0.025 0.103125 0.0265625
0 0.52421875 0.25234375 0.1015625 0.0265625
0 0.4203125 0.25390625 0.1015625 0.0203125
0 0.3171875 0.25859375 0.0984375 0.025
0 0.11796875 0.26328125 0.0984375 0.0234375
0 0.2171875 0.26328125 0.0984375 0.0265625
0 0.0328125 0.26953125 0.0625 0.025
0 0.84140625 0.271875 0.1015625 0.0234375
0 0.94609375 0.271875 0.103125 0.021875
0 0.1234375 0.02734375 0.09375 0.0203125
0 0.834375 0.02734375 0.1015625 0.025
0 0.7359375 0.275 0.1015625 0.021875
0 0.62890625 0.275 0.1015625 0.0234375
0 0.52421875 0.2765625 0.1015625 0.021875
0 0.4203125 0.27734375 0.1015625 0.0203125
0 0.3171875 0.28359375 0.1015625 0.021875
0 0.2171875 0.28515625 0.0984375 0.025
0 0.11796875 0.28984375 0.096875 0.021875
0 0.03125 0.29296875 0.0625 0.025
0 0.8421875 0.2984375 0.1015625 0.0296875
0 0.946875 0.29921875 0.103125 0.0265625
0 0.52421875 0.30078125 0.1015625 0.021875
0 0.7359375 0.30078125 0.103125 0.0265625
0 0.421875 0.30078125 0.1015625 0.025
0 0.6296875 0.3015625 0.1015625 0.0265625
0 0.03515625 0.03125 0.0703125 0.025
0 0.3171875 0.3078125 0.1015625 0.021875
0 0.2171875 0.31015625 0.0984375 0.0234375
0 0.73203125 0.03125 0.1015625 0.025
0 0.11875 0.3140625 0.096875 0.0265625
0 0.03125 0.31875 0.0625 0.0234375
0 0.8421875 0.321875 0.1015625 0.021875
0 0.73671875 0.3234375 0.103125 0.021875
0 0.9484375 0.32421875 0.103125 0.025
0 0.525 0.32421875 0.1015625 0.025
0 0.6296875 0.32421875 0.103125 0.0296875
0 0.421875 0.3265625 0.1015625 0.0234375
0 0.3171875 0.3328125 0.0984375 0.0234375
0 0.21640625 0.33515625 0.0984375 0.0234375
0 0.11875 0.3375 0.096875 0.0234375
0 0.0296875 0.340625 0.059375 0.025
0 0.8421875 0.34765625 0.103125 0.0265625
0 0.52734375 0.3484375 0.103125 0.021875
0 0.63125 0.3484375 0.103125 0.0265625
0 0.73828125 0.3484375 0.103125 0.021875
0 0.9484375 0.35 0.103125 0.0234375
0 0.4234375 0.35078125 0.1015625 0.021875
0 0.6296875 0.0359375 0.1015625 0.021875
0 0.3171875 0.3578125 0.1015625 0.021875
0 0.2171875 0.359375 0.096875 0.025
0 0.11875 0.36171875 0.0984375 0.021875
0 0.03125 0.365625 0.0625 0.0265625
0 0.52421875 0.0359375 0.1015625 0.0203125
0 0.54296875 0.3703125 0.103125 0.0265625
0 0.64921875 0.37109375 0.103125 0.0265625
0 0.9578125 0.3734375 0.084375 0.0265625
0 0.7546875 0.375 0.103125 0.03125
0 0.859375 0.3765625 0.1015625 0.0234375
0 0.4375 0.37734375 0.103125 0.0265625
0 0.23203125 0.38125 0.0984375 0.021875
0 0.3328125 0.38125 0.1015625 0.021875
0 0.13203125 0.38671875 0.0953125 0.0265625
0 0.040625 0.3921875 0.08125 0.021875
0 0.42421875 0.03984375 0.0984375 0.025
0 0.54453125 0.39765625 0.103125 0.025
0 0.65 0.39921875 0.103125 0.0265625
0 0.95859375 0.40078125 0.0828125 0.0265625
0 0.8609375 0.40234375 0.1015625 0.025
0 0.4359375 0.40234375 0.103125 0.025
0 0.7546875 0.40234375 0.1015625 0.0265625
0 0.3328125 0.4078125 0.1015625 0.0234375
0 0.23046875 0.40859375 0.0984375 0.025
0 0.13203125 0.41484375 0.0984375 0.025
0 0.040625 0.41484375 0.08125 0.0234375
0 0.321875 0.0421875 0.0984375 0.0234375
0 0.54453125 0.42578125 0.103125 0.025
0 0.95859375 0.42578125 0.0828125 0.0265625
0 0.8609375 0.428125 0.1015625 0.0265625
0 0.65 0.428125 0.103125 0.0265625
0 0.4375 0.428125 0.103125 0.025
0 0.7546875 0.428125 0.1015625 0.0265625
0 0.3328125 0.4328125 0.1015625 0.025
0 0.23046875 0.43515625 0.1015625 0.025
0 0.22109375 0.04453125 0.096875 0.025
0 0.13125 0.43984375 0.096875 0.0265625
0 0.040625 0.4390625 0.08125 0.025
0 0.65 0.453125 0.103125 0.0265625
0 0.95859375 0.45234375 0.0828125 0.0296875
0 0.4375 0.4546875 0.103125 0.0265625
0 0.54453125 0.4546875 0.10625 0.025
0 0.86171875 0.4546875 0.1015625 0.0265625
0 0.75625 0.4546875 0.1015625 0.025
0 0.3328125 0.459375 0.1015625 0.025
0 0.13125 0.4625 0.096875 0.025
0 0.23046875 0.4625 0.1015625 0.025
0 0.040625 0.46328125 0.08125 0.0234375
0 0.54453125 0.478125 0.103125 0.0265625
0 0.86171875 0.4796875 0.103125 0.0265625
0 0.95859375 0.47890625 0.0828125 0.0265625
0 0.75625 0.4796875 0.1015625 0.0265625
0 0.4375 0.48046875 0.103125 0.025
0 0.65 0.48046875 0.10625 0.0265625
0 0.3328125 0.484375 0.1015625 0.025
0 0.23046875 0.48671875 0.0984375 0.025
0 0.1296875 0.48828125 0.0953125 0.0265625
0 0.03984375 0.48828125 0.0796875 0.025
0 0.12265625 0.05078125 0.09375 0.021875
0 0.54296875 0.50390625 0.10625 0.025
0 0.96015625 0.5046875 0.0796875 0.0296875
0 0.4375 0.50625 0.103125 0.025
0 0.75625 0.50625 0.1015625 0.025
0 0.65 0.50703125 0.103125 0.0265625
0 0.86171875 0.50859375 0.103125 0.0234375
0 0.3328125 0.509375 0.1015625 0.025
0 0.23046875 0.51171875 0.0984375 0.025
0 0.83515625 0.0515625 0.1015625 0.025
0 0.93984375 0.0515625 0.103125 0.025
0 0.12890625 0.5140625 0.0984375 0.0265625
0 0.03984375 0.5171875 0.0796875 0.028125
0 0.86171875 0.53125 0.10625 0.025
0 0.96015625 0.53125 0.0796875 0.0296875
0 0.4375 0.53125 0.103125 0.0265625
0 0.54453125 0.53125 0.10625 0.0265625
0 0.75625 0.5328125 0.103125 0.0265625
0 0.03359375 0.05390625 0.0671875 0.0265625
0 0.65 0.53359375 0.103125 0.028125
0 0.33203125 0.53515625 0.1015625 0.025
0 0.2296875 0.5375 0.0984375 0.025
0 0.12890625 0.53984375 0.096875 0.0234375
0 0.03828125 0.540625 0.0765625 0.025
0 0.73203125 0.05625 0.1015625 0.025
0 0.75625 0.5578125 0.103125 0.0265625
0 0.54453125 0.5578125 0.10625 0.0265625
0 0.96015625 0.5578125 0.0796875 0.028125
0 0.4375 0.55859375 0.103125 0.025
0 0.65 0.55859375 0.103125 0.0265625
0 0.86328125 0.56015625 0.103125 0.0265625
0 0.33203125 0.5609375 0.103125 0.025
0 0.2296875 0.5625 0.0984375 0.0265625
0 0.12890625 0.5640625 0.096875 0.025
0 0.03984375 0.5671875 0.0765625 0.0265625
0 0.75703125 0.5828125 0.103125 0.028125
0 0.86328125 0.584375 0.10625 0.025
0 0.4375 0.584375 0.10625 0.025
0 0.54453125 0.584375 0.10625 0.028125
0 0.6296875 0.05859375 0.103125 0.0265625
0 0.96015625 0.584375 0.0796875 0.028125
0 0.65 0.58515625 0.103125 0.028125
0 0.33203125 0.58671875 0.103125 0.0234375
0 0.2296875 0.5890625 0.0984375 0.0265625
0 0.12890625 0.58984375 0.0984375 0.025
0 0.0375 0.59140625 0.075 0.025
0 0.52421875 0.06015625 0.1015625 0.021875
0 0.54453125 0.6109375 0.10625 0.0265625
0 0.75703125 0.6109375 0.103125 0.0265625
0 0.86328125 0.61171875 0.103125 0.0265625
0 0.4359375 0.61171875 0.103125 0.025
0 0.6515625 0.61171875 0.10625 0.0265625
0 0.96015625 0.61328125 0.0796875 0.0296875
0 0.12890625 0.615625 0.1015625 0.028125
0 0.2296875 0.615625 0.0984375 0.025
0 0.33203125 0.615625 0.1015625 0.025
0 0.03828125 0.61640625 0.075 0.0265625
0 0.42421875 0.0640625 0.0984375 0.0265625
0 0.8640625 0.63671875 0.10625 0.0265625
0 0.4375 0.63671875 0.10625 0.025
0 0.54453125 0.63671875 0.10625 0.0265625
0 0.75859375 0.63671875 0.103125 0.0296875
0 0.6515625 0.63828125 0.10625 0.028125
0 0.96015625 0.6390625 0.0796875 0.028125
0 0.2296875 0.640625 0.0984375 0.025
0 0.33203125 0.6421875 0.103125 0.025
0 0.12890625 0.64296875 0.096875 0.0265625
0 0.03828125 0.64453125 0.075 0.0265625
0 0.321875 0.06484375 0.0984375 0.0265625
0 0.75703125 0.66328125 0.103125 0.0234375
0 0.86328125 0.66328125 0.103125 0.0265625
0 0.4359375 0.66484375 0.103125 0.0265625
0 0.54453125 0.66484375 0.10625 0.028125
0 0.96015625 0.66484375 0.0796875 0.0265625
0 0.65 0.665625 0.10625 0.0265625
0 0.12734375 0.66796875 0.0984375 0.0265625
0 0.33203125 0.66796875 0.103125 0.025
0 0.228125 0.66796875 0.0984375 0.0265625
0 0.0375 0.6703125 0.075 0.028125
0 0.21875 0.06875 0.096875 0.028125
0 0.54453125 0.68984375 0.10625 0.0265625
0 0.865625 0.69140625 0.10625 0.0265625
0 0.75703125 0.69140625 0.103125 0.0265625
0 0.4359375 0.69140625 0.103125 0.0265625
0 0.33203125 0.6921875 0.103125 0.0265625
0 0.6515625 0.6921875 0.10625 0.028125
0 0.96171875 0.69375 0.0765625 0.028125
0 0.1265625 0.69375 0.1015625 0.028125
0 0.2296875 0.69375 0.0984375 0.025
0 0.0359375 0.696875 0.071875 0.028125
0 0.54296875 0.71640625 0.10625 0.028125
0 0.75703125 0.7171875 0.103125 0.025
0 0.4359375 0.7171875 0.103125 0.0265625
0 0.865625 0.71875 0.10625 0.0265625
0 0.6515625 0.71875 0.10625 0.0265625
0 0.33046875 0.7203125 0.103125 0.0265625
0 0.96015625 0.71875 0.0796875 0.0296875
0 0.228125 0.72109375 0.1015625 0.028125
0 0.1265625 0.72109375 0.1015625 0.0265625
0 0.0359375 0.7234375 0.071875 0.0265625
0 0.12265625 0.0734375 0.09375 0.025
0 0.6515625 0.74296875 0.10625 0.0234375
0 0.54296875 0.74375 0.10625 0.028125
0 0.75859375 0.74375 0.103125 0.0265625
0 0.4375 0.74375 0.103125 0.021875
0 0.86640625 0.7453125 0.10625 0.0265625
0 0.1265625 0.7453125 0.1015625 0.028125
0 0.96171875 0.74609375 0.0765625 0.0265625
0 0.33046875 0.74609375 0.103125 0.0265625
0 0.228125 0.74765625 0.1015625 0.0265625
0 0.0359375 0.75 0.071875 0.0296875
0 0.93984375 0.07578125 0.103125 0.025
0 0.83671875 0.0765625 0.1015625 0.025
0 0.6515625 0.76953125 0.10625 0.025
0 0.86796875 0.7703125 0.10625 0.0234375
0 0.54453125 0.7703125 0.10625 0.0265625
0 0.75859375 0.7703125 0.10625 0.0234375
0 0.4375 0.771875 0.10625 0.0265625
0 0.1265625 0.77265625 0.1015625 0.028125
0 0.228125 0.77265625 0.0984375 0.0234375
0 0.33203125 0.77265625 0.103125 0.021875
0 0.03515625 0.0765625 0.0671875 0.025
0 0.96171875 0.77421875 0.0765625 0.028125
0 0.0359375 0.7765625 0.071875 0.0265625
0 0.73203125 0.0796875 0.1015625 0.025
0 0.54453125 0.796875 0.10625 0.0265625
0 0.86640625 0.7984375 0.10625 0.025
0 0.1265625 0.7984375 0.1015625 0.0265625
0 0.6515625 0.7984375 0.10625 0.0265625
0 0.75859375 0.7984375 0.10625 0.025
0 0.228125 0.7984375 0.0984375 0.025
0 0.33203125 0.79921875 0.103125 0.0265625
0 0.4375 0.79921875 0.10625 0.0265625
0 0.0359375 0.8015625 0.071875 0.0265625
0 0.96171875 0.803125 0.075 0.0296875
0 0.62890625 0.08203125 0.1015625 0.0265625
0 0.228125 0.821875 0.1015625 0.025
0 0.54453125 0.821875 0.10625 0.021875
0 0.6515625 0.821875 0.103125 0.025
0 0.4375 0.821875 0.103125 0.021875
0 0.1265625 0.8234375 0.1015625 0.025
0 0.33203125 0.8234375 0.103125 0.021875
0 0.759375 0.8234375 0.10625 0.021875
0 0.86875 0.82421875 0.1078125 0.021875
0 0.0375 0.82578125 0.075 0.021875
0 0.9625 0.8265625 0.075 0.025
0 0.52421875 0.084375 0.0984375 0.021875
0 0.4234375 0.0875 0.1015625 0.025
0 0.32109375 0.0890625 0.1015625 0.025
0 0.21875 0.08984375 0.096875 0.025
0 0.034375 0.009375 0.06875 0.01875
0 0.72890625 0.009375 0.1015625 0.01875
0 0.12109375 0.09765625 0.096875 0.025
0 0.94140625 0.1 0.1015625 0.025
0 0.83671875 0.10078125 0.1015625 0.0265625
0 0.03359375 0.10078125 0.0671875 0.025
0 0.73203125 0.10234375 0.1015625 0.0265625