0 0.78125 0.7203125 0.4375 0.028125
0 0.22734375 0.75625 0.4515625 0.0390625
0 0.78125 0.75703125 0.4375 0.028125
0 0.2296875 0.79453125 0.4578125 0.0390625
0 0.7796875 0.79453125 0.4375 0.028125
0 0.22734375 0.83046875 0.4546875 0.0390625
0 0.77890625 0.83515625 0.4421875 0.0296875
0 0.2296875 0.87265625 0.4578125 0.040625
0 0.7796875 0.87890625 0.4375 0.0390625
0 0.23046875 0.909375 0.4609375 0.040625
0 0.78125 0.9125 0.4375 0.03125
0 0.2125 0.44296875 0.425 0.0484375
0 0.76640625 0.45 0.4671875 0.034375
0 0.20703125 0.48828125 0.4109375 0.0390625
0 0.7703125 0.49375 0.4578125 0.034375
0 0.20703125 0.5265625 0.4140625 0.0390625
0 0.77109375 0.53671875 0.4578125 0.0390625
0 0.21015625 0.5640625 0.41875 0.0390625
0 0.77265625 0.56640625 0.4546875 0.0296875
0 0.21015625 0.60234375 0.4203125 0.0390625
0 0.775 0.6046875 0.45 0.034375
0 0.21171875 0.6390625 0.4234375 0.0390625
0 0.775 0.64921875 0.446875 0.03125
0 0.2203125 0.67890625 0.440625 0.0390625
0 0.77890625 0.68359375 0.4421875 0.0296875
0 0.2234375 0.7171875 0.446875 0.040625