0 0.490625 0.10703125 0.18125 0.04375
0 0.69140625 0.109375 0.1828125 0.0453125
0 0.8890625 0.11171875 0.190625 0.0453125
0 0.09375 0.140625 0.1875 0.040625
0 0.89296875 0.015625 0.190625 0.03125
0 0.2984375 0.14765625 0.1859375 0.0375
0 0.68984375 0.15625 0.1828125 0.04375
0 0.4890625 0.1578125 0.18125 0.0453125
0 0.884375 0.15859375 0.184375 0.0359375
0 0.09375 0.1828125 0.1875 0.0453125
0 0.3015625 0.1921875 0.18125 0.0265625
0 0.4859375 0.196875 0.178125 0.0359375
0 0.68984375 0.20078125 0.1828125 0.0359375
0 0.87890625 0.203125 0.190625 0.03125
0 0.04921875 0.22109375 0.0984375 0.0625
0 0.421875 0.2296875 0.1953125 0.0546875
0 0.2015625 0.23828125 0.2015625 0.0515625
0 0.96953125 0.24296875 0.0609375 0.0453125
0 0.6203125 0.24765625 0.1953125 0.04375
0 0.82109375 0.25390625 0.2015625 0.0484375
0 0.0484375 0.27734375 0.096875 0.0609375
0 0.415625 0.2875 0.1921875 0.0546875
0 0.203125 0.2921875 0.2 0.0484375
0 0.96171875 0.29921875 0.0765625 0.0453125
0 0.62109375 0.3015625 0.190625 0.0453125
0 0.82109375 0.31015625 0.196875 0.0484375
0 0.0484375 0.33203125 0.096875 0.0578125
0 0.0921875 0.03359375 0.184375 0.0453125
0 0.4078125 0.33984375 0.1921875 0.05625
0 0.203125 0.34375 0.196875 0.0484375
0 0.62265625 0.35234375 0.190625 0.04375
0 0.9640625 0.3578125 0.071875 0.0515625
0 0.821875 0.36328125 0.196875 0.0484375
0 0.046875 0.3859375 0.09375 0.0609375
0 0.2015625 0.39453125 0.2015625 0.0484375
0 0.4015625 0.39453125 0.1953125 0.053125
0 0.615625 0.40390625 0.1921875 0.0453125
0 0.96640625 0.41015625 0.0671875 0.0484375
0 0.82109375 0.41484375 0.196875 0.0484375
0 0.0484375 0.44140625 0.096875 0.053125
0 0.20546875 0.44453125 0.196875 0.0484375
0 0.40625 0.446875 0.1953125 0.0515625
0 0.615625 0.45546875 0.190625 0.0453125
0 0.821875 0.46640625 0.2 0.0515625
0 0.9640625 0.46484375 0.071875 0.0453125
0 0.046875 0.4953125 0.0921875 0.053125
0 0.20703125 0.49765625 0.196875 0.0453125
0 0.41015625 0.5015625 0.1921875 0.053125
0 0.609375 0.5046875 0.1953125 0.0453125
0 0.9640625 0.51796875 0.071875 0.0484375
0 0.81640625 0.51796875 0.196875 0.0453125
0 0.29921875 0.053125 0.1875 0.0453125
0 0.20703125 0.54921875 0.1921875 0.04375
0 0.04296875 0.55078125 0.0859375 0.0609375
0 0.40625 0.55625 0.1921875 0.059375
0 0.6046875 0.55859375 0.1921875 0.0484375
0 0.81953125 0.57109375 0.2 0.053125
0 0.96640625 0.5734375 0.0671875 0.0484375
0 0.48828125 0.0578125 0.1828125 0.0484375
0 0.6921875 0.05859375 0.1796875 0.0484375
0 0.04296875 0.603125 0.0859375 0.053125
0 0.2046875 0.6046875 0.1921875 0.0484375
0 0.4046875 0.6046875 0.1953125 0.059375
0 0.609375 0.60703125 0.1921875 0.053125
0 0.89453125 0.0609375 0.190625 0.0390625
0 0.8125 0.6203125 0.196875 0.053125
0 0.96640625 0.6265625 0.0671875 0.0453125
0 0.04296875 0.65546875 0.0859375 0.0515625
0 0.1984375 0.6578125 0.196875 0.0484375
0 0.40234375 0.6609375 0.1953125 0.0546875
0 0.6078125 0.6625 0.1921875 0.0484375
0 0.81484375 0.67421875 0.2 0.0515625
0 0.9640625 0.6765625 0.071875 0.040625
0 0.04296875 0.70703125 0.0859375 0.0515625
0 0.1984375 0.7078125 0.196875 0.0453125
0 0.40234375 0.709375 0.1953125 0.053125
0 0.61171875 0.7140625 0.1953125 0.053125
0 0.81640625 0.72734375 0.196875 0.0546875
0 0.9640625 0.7296875 0.071875 0.040625
0 0.4 0.759375 0.1953125 0.053125
0 0.19375 0.7609375 0.196875 0.0453125
0 0.04453125 0.7640625 0.0875 0.0453125
0 0.609375 0.765625 0.1953125 0.053125
0 0.81640625 0.77734375 0.196875 0.053125
0 0.9625 0.7875 0.071875 0.053125
0 0.1984375 0.8109375 0.196875 0.04375
0 0.4 0.8125 0.1953125 0.0484375
0 0.6078125 0.81484375 0.1953125 0.0484375
0 0.04453125 0.81484375 0.0890625 0.0609375
0 0.81015625 0.8234375 0.196875 0.0453125
0 0.96484375 0.83203125 0.0703125 0.0390625
0 0.39453125 0.8640625 0.1953125 0.0484375
0 0.609375 0.86796875 0.1953125 0.04375
0 0.04453125 0.86875 0.0890625 0.05625
0 0.18984375 0.8765625 0.2 0.065625
0 0.8125 0.87890625 0.196875 0.0515625
0 0.96875 0.8859375 0.0625 0.0390625
0 0.09375 0.0921875 0.1875 0.05625
0 0.29921875 0.0984375 0.1890625 0.04375