0 0.2515625 0.19453125 0.1109375 0.0203125
0 0.25 0.21171875 0.10625 0.0203125
0 0.25 0.228125 0.10625 0.0203125
0 0.38671875 0.234375 0.1015625 0.0140625
0 0.25 0.24609375 0.10625 0.0203125
0 0.3859375 0.2515625 0.0984375 0.0171875
0 0.25 0.26328125 0.1078125 0.0203125
0 0.3859375 0.265625 0.0984375 0.0171875
0 0.25 0.2796875 0.10625 0.0140625
0 0.3859375 0.2796875 0.1015625 0.0171875
0 0.3859375 0.29453125 0.096875 0.0140625
0 0.2515625 0.2953125 0.1078125 0.0203125
0 0.3859375 0.31015625 0.096875 0.0171875
0 0.2515625 0.3125 0.1078125 0.0140625
0 0.11640625 0.31640625 0.0984375 0.0140625
0 0.3859375 0.32421875 0.1015625 0.0171875
0 0.24765625 0.33046875 0.10625 0.0140625
0 0.11640625 0.33203125 0.1015625 0.0140625
0 0.3859375 0.33984375 0.1015625 0.0171875
0 0.24609375 0.34609375 0.10625 0.0171875
0 0.11640625 0.3484375 0.1015625 0.0140625
0 0.9125 0.35234375 0.103125 0.0140625
0 0.78359375 0.353125 0.103125 0.0140625
0 0.3859375 0.3546875 0.1015625 0.0140625
0 0.24765625 0.36171875 0.10625 0.0171875
0 0.115625 0.3640625 0.1015625 0.0203125
0 0.9109375 0.36796875 0.103125 0.0140625
0 0.78359375 0.36875 0.103125 0.0125
0 0.3859375 0.3703125 0.0984375 0.0171875
0 0.49140625 0.37109375 0.0765625 0.0140625
0 0.2484375 0.37734375 0.1078125 0.0203125
0 0.1140625 0.38203125 0.1015625 0.0203125
0 0.7828125 0.38359375 0.103125 0.0140625
0 0.9125 0.38359375 0.1015625 0.0140625
0 0.49140625 0.384375 0.0765625 0.0140625
0 0.390625 0.38671875 0.10625 0.0203125
0 0.6765625 0.3890625 0.0703125 0.0140625
0 0.2484375 0.39453125 0.10625 0.0171875
0 0.9109375 0.39765625 0.103125 0.0140625
0 0.78359375 0.4 0.103125 0.0140625
0 0.115625 0.4 0.1015625 0.0203125
0 0.66796875 0.4015625 0.0578125 0.0125
0 0.390625 0.40390625 0.103125 0.0171875
0 0.2484375 0.4109375 0.1078125 0.0203125
0 0.9109375 0.4125 0.103125 0.0140625
0 0.5109375 0.41328125 0.096875 0.0296875
0 0.78359375 0.41484375 0.103125 0.0140625
0 0.115625 0.41796875 0.1015625 0.0203125
0 0.3890625 0.41953125 0.103125 0.0171875
0 0.6265625 0.42421875 0.096875 0.0203125
0 0.25 0.4265625 0.1109375 0.0203125
0 0.91015625 0.428125 0.103125 0.0171875
0 0.78359375 0.428125 0.1015625 0.0140625
0 0.3890625 0.4359375 0.103125 0.0203125
0 0.115625 0.4375 0.1015625 0.0140625
0 0.5328125 0.43984375 0.0921875 0.025
0 0.9109375 0.4421875 0.103125 0.0140625
0 0.78359375 0.4421875 0.103125 0.0203125
0 0.2484375 0.44453125 0.1078125 0.0203125
0 0.62734375 0.44609375 0.096875 0.0203125
0 0.3890625 0.45078125 0.10625 0.0171875
0 0.1140625 0.4546875 0.1015625 0.0140625
0 0.9109375 0.45703125 0.103125 0.0140625
0 0.78359375 0.46015625 0.103125 0.0140625
0 0.2484375 0.4625 0.1109375 0.0203125
0 0.5203125 0.4625 0.09375 0.0203125
0 0.625 0.46640625 0.096875 0.0171875
0 0.38828125 0.4671875 0.10625 0.0203125
0 0.91328125 0.47265625 0.103125 0.0125
0 0.7828125 0.4734375 0.103125 0.0125
0 0.1109375 0.47734375 0.103125 0.0203125
0 0.2484375 0.478125 0.1078125 0.0171875
0 0.38671875 0.484375 0.1015625 0.0171875
0 0.5203125 0.484375 0.096875 0.0171875
0 0.9109375 0.48671875 0.103125 0.0140625
0 0.6265625 0.48671875 0.096875 0.0140625
0 0.78125 0.48828125 0.1015625 0.0140625
0 0.2484375 0.4953125 0.1109375 0.0171875
0 0.109375 0.49609375 0.103125 0.0140625
0 0.38828125 0.5 0.103125 0.0171875
0 0.9109375 0.50234375 0.1015625 0.0140625
0 0.6203125 0.50390625 0.0859375 0.0140625
0 0.78359375 0.50390625 0.103125 0.0140625
0 0.52421875 0.5046875 0.096875 0.0203125
0 0.109375 0.51328125 0.103125 0.0140625
0 0.2484375 0.51328125 0.1078125 0.0203125
0 0.38828125 0.515625 0.1015625 0.0171875
0 0.7828125 0.51796875 0.103125 0.0125
0 0.9109375 0.51796875 0.1015625 0.0171875
0 0.62890625 0.5203125 0.0890625 0.0203125
0 0.5203125 0.5265625 0.0859375 0.0140625
0 0.38671875 0.53125 0.103125 0.0140625
0 0.2484375 0.53125 0.1109375 0.0203125
0 0.1109375 0.5328125 0.1015625 0.0125
0 0.9109375 0.53359375 0.103125 0.0140625
0 0.7828125 0.53359375 0.103125 0.0125
0 0.61875 0.54296875 0.0875 0.0140625
0 0.38828125 0.546875 0.103125 0.0203125
0 0.525 0.546875 0.096875 0.0171875
0 0.9125 0.5484375 0.103125 0.0140625
0 0.1109375 0.5484375 0.103125 0.0203125
0 0.25 0.5484375 0.10625 0.0203125
0 0.7828125 0.5484375 0.103125 0.0125
0 0.7828125 0.5640625 0.103125 0.0140625
0 0.9125 0.5640625 0.1015625 0.0171875
0 0.38828125 0.5640625 0.103125 0.0171875
0 0.63359375 0.5640625 0.0859375 0.0203125
0 0.24765625 0.56484375 0.1109375 0.0171875
0 0.52890625 0.5671875 0.096875 0.0171875
0 0.1109375 0.56875 0.10625 0.0140625
0 0.91328125 0.578125 0.103125 0.0140625
0 0.7828125 0.5796875 0.103125 0.0140625
0 0.38671875 0.58046875 0.103125 0.0171875
0 0.6296875 0.584375 0.0984375 0.0203125
0 0.24765625 0.584375 0.1109375 0.0140625
0 0.1109375 0.58671875 0.10625 0.0140625
0 0.5328125 0.58671875 0.0875 0.0203125
0 0.91328125 0.5921875 0.103125 0.0140625
0 0.78125 0.59375 0.10625 0.0125
0 0.3890625 0.5953125 0.10625 0.0171875
0 0.24609375 0.60078125 0.1109375 0.0171875
0 0.1109375 0.603125 0.10625 0.0140625
0 0.5328125 0.60546875 0.0875 0.0140625
0 0.62890625 0.60546875 0.0875 0.0203125
0 0.91484375 0.60703125 0.1015625 0.0171875
0 0.7828125 0.609375 0.103125 0.0140625
0 0.38828125 0.6109375 0.1015625 0.0140625
0 0.24609375 0.61640625 0.1109375 0.0203125
0 0.1078125 0.62109375 0.103125 0.0140625
0 0.91484375 0.62109375 0.103125 0.0140625
0 0.7828125 0.625 0.103125 0.0125
0 0.38828125 0.6265625 0.10625 0.0171875
0 0.52890625 0.62734375 0.0765625 0.0171875
0 0.63203125 0.62734375 0.09375 0.0203125
0 0.24609375 0.63359375 0.1109375 0.0171875
0 0.91484375 0.63828125 0.1015625 0.0140625
0 0.1109375 0.6390625 0.103125 0.0140625
0 0.7828125 0.6390625 0.103125 0.0140625
0 0.38828125 0.6421875 0.10625 0.0203125
0 0.5296875 0.646875 0.0765625 0.0203125
0 0.24765625 0.64921875 0.1109375 0.0171875
0 0.63359375 0.64921875 0.096875 0.0203125
0 0.91484375 0.65390625 0.10625 0.0140625
0 0.7828125 0.65625 0.103125 0.0140625
0 0.1109375 0.6578125 0.103125 0.0140625
0 0.38828125 0.65859375 0.103125 0.0171875
0 0.24765625 0.6671875 0.1109375 0.0203125
0 0.53359375 0.66796875 0.084375 0.0125
0 0.91484375 0.66953125 0.10625 0.0140625
0 0.7828125 0.66953125 0.10625 0.0140625
0 0.6265625 0.66953125 0.084375 0.0171875
0 0.3890625 0.67421875 0.1015625 0.0171875
0 0.1078125 0.6765625 0.10625 0.0171875
0 0.53515625 0.6828125 0.084375 0.0125
0 0.2484375 0.6828125 0.1109375 0.0140625
0 0.915625 0.68515625 0.10625 0.0171875
0 0.7828125 0.6875 0.10625 0.0140625
0 0.390625 0.68984375 0.10625 0.0171875
0 0.6265625 0.6921875 0.084375 0.0203125
0 0.1109375 0.69609375 0.103125 0.0140625
0 0.52890625 0.69609375 0.0875 0.0140625
0 0.91484375 0.6984375 0.10625 0.0140625
0 0.24765625 0.69921875 0.1109375 0.0140625
0 0.7828125 0.7015625 0.10625 0.0125
0 0.3890625 0.70546875 0.1015625 0.0171875
0 0.52890625 0.7125 0.103125 0.0203125
0 0.915625 0.7140625 0.103125 0.0140625
0 0.24765625 0.7140625 0.1109375 0.0125
0 0.1109375 0.7140625 0.103125 0.0140625
0 0.78359375 0.71640625 0.103125 0.0125
0 0.63671875 0.7171875 0.10625 0.0203125
0 0.3890625 0.72109375 0.10625 0.0140625
0 0.915625 0.7296875 0.103125 0.0140625
0 0.24765625 0.73046875 0.1109375 0.0140625
0 0.78359375 0.73203125 0.103125 0.0140625
0 0.1109375 0.73203125 0.103125 0.0140625
0 0.5296875 0.73203125 0.10625 0.0171875
0 0.63828125 0.7359375 0.10625 0.0140625
0 0.38671875 0.73828125 0.103125 0.0171875
0 0.915625 0.7453125 0.10625 0.0140625
0 0.24765625 0.74765625 0.1109375 0.0171875
0 0.7828125 0.7484375 0.1015625 0.0140625
0 0.1109375 0.7515625 0.10625 0.0171875
0 0.38828125 0.75234375 0.10625 0.0140625
0 0.5296875 0.759375 0.1015625 0.0203125
0 0.915625 0.759375 0.1015625 0.0140625
0 0.6359375 0.7609375 0.103125 0.0125
0 0.78359375 0.76171875 0.1015625 0.0140625
0 0.24765625 0.7640625 0.1109375 0.0140625
0 0.38828125 0.7640625 0.10625 0.009375
0 0.1109375 0.76796875 0.103125 0.0125
0 0.52890625 0.79296875 0.103125 0.0140625
0 0.7859375 0.79453125 0.1015625 0.0171875