0 0.34140625 0.2765625 0.1265625 0.0390625
0 0.68359375 0.2859375 0.159375 0.0296875
0 0.4953125 0.290625 0.1390625 0.0359375
0 0.1984375 0.29921875 0.1375 0.0265625
0 0.3421875 0.30390625 0.128125 0.0359375
0 0.6828125 0.31484375 0.15625 0.0296875
0 0.49765625 0.31953125 0.1421875 0.0296875
0 0.1984375 0.32578125 0.1375 0.0265625
0 0.3421875 0.3296875 0.125 0.0296875
0 0.6828125 0.34140625 0.153125 0.0296875
0 0.4984375 0.34609375 0.1390625 0.0296875
0 0.20078125 0.35078125 0.1375 0.0265625
0 0.35 0.35703125 0.1296875 0.0296875
0 0.6828125 0.36875 0.153125 0.0265625
0 0.50234375 0.3765625 0.1421875 0.0328125
0 0.2015625 0.37890625 0.134375 0.0296875
0 0.3484375 0.384375 0.13125 0.0296875
0 0.68359375 0.4015625 0.1515625 0.034375
0 0.50390625 0.40234375 0.1421875 0.025
0 0.20546875 0.40390625 0.1296875 0.0265625
0 0.3453125 0.4109375 0.1328125 0.0265625
0 0.6828125 0.42890625 0.1515625 0.0296875
0 0.20546875 0.42890625 0.1328125 0.0296875
0 0.50390625 0.43046875 0.1421875 0.0296875
0 0.3484375 0.4375 0.128125 0.025
0 0.6828125 0.45546875 0.1484375 0.034375
0 0.20703125 0.45703125 0.1328125 0.0265625
0 0.50390625 0.4578125 0.1390625 0.0265625
0 0.35 0.4625 0.1296875 0.025
0 0.20703125 0.4828125 0.1328125 0.0265625
0 0.68359375 0.484375 0.15 0.03125
0 0.5046875 0.4859375 0.1390625 0.03125
0 0.353125 0.4890625 0.1265625 0.0265625
0 0.2078125 0.509375 0.13125 0.0296875
0 0.68359375 0.51171875 0.1515625 0.034375
0 0.50625 0.5140625 0.1390625 0.034375
0 0.3546875 0.5171875 0.128125 0.0265625
0 0.2078125 0.53515625 0.13125 0.0296875
0 0.50703125 0.540625 0.1453125 0.028125
0 0.68359375 0.540625 0.1515625 0.028125
0 0.35546875 0.54453125 0.1296875 0.0265625
0 0.2078125 0.56015625 0.13125 0.028125
0 0.68515625 0.56484375 0.1515625 0.034375
0 0.50859375 0.5671875 0.1390625 0.028125
0 0.35546875 0.57109375 0.128125 0.028125
0 0.2078125 0.5875 0.13125 0.03125
0 0.6859375 0.59375 0.1515625 0.034375
0 0.50859375 0.5953125 0.1421875 0.028125
0 0.35703125 0.5984375 0.1265625 0.028125
0 0.209375 0.61328125 0.1328125 0.034375
0 0.6890625 0.62265625 0.1515625 0.03125
0 0.5140625 0.62265625 0.1453125 0.028125
0 0.3578125 0.6234375 0.128125 0.028125
0 0.21015625 0.63828125 0.13125 0.03125
0 0.6890625 0.64765625 0.153125 0.03125
0 0.359375 0.65 0.128125 0.028125
0 0.5140625 0.6515625 0.1421875 0.0265625
0 0.2125 0.66484375 0.1328125 0.028125
0 0.68984375 0.6765625 0.1515625 0.028125
0 0.3578125 0.678125 0.128125 0.028125
0 0.5140625 0.678125 0.1421875 0.028125
0 0.2140625 0.68984375 0.134375 0.03125
0 0.51796875 0.7015625 0.1453125 0.028125
0 0.69140625 0.703125 0.159375 0.0265625
0 0.3609375 0.70546875 0.1296875 0.03125
0 0.2140625 0.71640625 0.134375 0.034375
0 0.36171875 0.7296875 0.128125 0.021875
0 0.6921875 0.73203125 0.159375 0.028125
0 0.51796875 0.7328125 0.1421875 0.028125