0 0.8125 0.15859375 0.375 0.0921875
0 0.328125 0.171875 0.5515625 0.0921875
0 0.80234375 0.26796875 0.3953125 0.1109375
0 0.3296875 0.26953125 0.5484375 0.0890625
0 0.815625 0.37109375 0.36875 0.0984375
0 0.3265625 0.3734375 0.5453125 0.09375
0 0.81484375 0.46875 0.3703125 0.1015625
0 0.29296875 0.47578125 0.553125 0.0921875
0 0.81484375 0.05546875 0.3703125 0.09375
0 0.8171875 0.57109375 0.365625 0.0984375
0 0.28125 0.578125 0.54375 0.0921875
0 0.34765625 0.0625 0.553125 0.0921875
0 0.275 0.66953125 0.540625 0.096875
0 0.8125 0.671875 0.375 0.09375
0 0.80546875 0.765625 0.3890625 0.075
0 0.26796875 0.76953125 0.5328125 0.096875
0 0.80625 0.85078125 0.3875 0.0765625
0 0.28828125 0.85234375 0.5296875 0.075