0 0.35 0.35390625 0.1734375 0.1078125
0 0.3484375 0.43515625 0.178125 0.0984375
0 0.35234375 0.52109375 0.1703125 0.0984375
0 0.3546875 0.60625 0.178125 0.0859375
0 0.3515625 0.6921875 0.1796875 0.0859375
0 0.3515625 0.771875 0.1765625 0.0859375
0 0.75859375 0.88359375 0.24375 0.1078125
0 0.75546875 0.7796875 0.2375 0.0953125
0 0.7578125 0.4765625 0.2453125 0.1140625
0 0.75703125 0.28203125 0.2421875 0.146875
0 0.34921875 0.8640625 0.171875 0.0921875
0 0.34609375 0.946875 0.1734375 0.0859375
0 0.7625 0.57578125 0.24375 0.1296875
0 0.53828125 0.8734375 0.2109375 0.0921875
0 0.540625 0.78125 0.20625 0.0859375
0 0.5359375 0.321875 0.203125 0.1171875
0 0.5390625 0.41015625 0.2 0.1296875
0 0.54140625 0.50390625 0.2 0.1203125
0 0.540625 0.59765625 0.1984375 0.1109375