0 0.03515625 0.8890625 0.0703125 0.0390625
0 0.2671875 0.9015625 0.2359375 0.04375
0 0.27890625 0.3484375 0.2265625 0.0453125
0 0.0375 0.390625 0.075 0.0390625
0 0.275 0.396875 0.228125 0.0453125
0 0.0375 0.4328125 0.071875 0.0390625
0 0.271875 0.446875 0.228125 0.04375
0 0.0359375 0.47578125 0.071875 0.04375
0 0.2703125 0.49765625 0.228125 0.04375
0 0.0375 0.521875 0.075 0.0390625
0 0.26953125 0.546875 0.228125 0.0390625
0 0.0359375 0.56875 0.071875 0.0390625
0 0.2671875 0.6 0.2265625 0.040625
0 0.03515625 0.61171875 0.0703125 0.040625
0 0.265625 0.64921875 0.23125 0.04375
0 0.03515625 0.6578125 0.0703125 0.040625
0 0.265625 0.6984375 0.228125 0.0390625
0 0.0359375 0.703125 0.0703125 0.040625
0 0.03515625 0.74765625 0.0703125 0.0453125
0 0.26796875 0.7484375 0.23125 0.0515625
0 0.265625 0.796875 0.23125 0.04375
0 0.0359375 0.79921875 0.0671875 0.034375
0 0.03515625 0.84375 0.0703125 0.040625
0 0.2671875 0.853125 0.2328125 0.053125