0 0.68359375 0.31875 0.1046875 0.0109375
0 0.68203125 0.33125 0.103125 0.0140625
0 0.68359375 0.34375 0.1046875 0.0125
0 0.68515625 0.35390625 0.1046875 0.0109375
0 0.90546875 0.35078125 0.1046875 0.0109375
0 0.55859375 0.33359375 0.103125 0.0125
0 0.559375 0.34375 0.1046875 0.0125
0 0.559375 0.35546875 0.103125 0.0125
0 0.56015625 0.36640625 0.1015625 0.0125
0 0.5578125 0.37734375 0.1046875 0.0125
0 0.43828125 0.33046875 0.1078125 0.0125
0 0.434375 0.34140625 0.10625 0.0125
0 0.4375 0.3546875 0.1046875 0.0109375
0 0.43671875 0.365625 0.1046875 0.0125
0 0.4421875 0.378125 0.1078125 0.0125
0 0.43984375 0.38828125 0.1046875 0.0125
0 0.44140625 0.39921875 0.103125 0.015625
0 0.32265625 0.3328125 0.1078125 0.0109375
0 0.32578125 0.34453125 0.10625 0.0125
0 0.32890625 0.35625 0.1078125 0.0125
0 0.32890625 0.36640625 0.109375 0.0125
0 0.33125 0.37890625 0.109375 0.0125
0 0.325 0.390625 0.109375 0.0125
0 0.33515625 0.40234375 0.10625 0.0109375
0 0.20859375 0.32890625 0.1140625 0.0125
0 0.20859375 0.33984375 0.1140625 0.0109375
0 0.21015625 0.3515625 0.1125 0.0125
0 0.2109375 0.3625 0.1125 0.0125
0 0.21171875 0.37421875 0.1109375 0.0140625
0 0.08046875 0.3296875 0.1140625 0.0125
0 0.0875 0.340625 0.1140625 0.015625
0 0.090625 0.35234375 0.1140625 0.0140625