0 0.7234375 0.20859375 0.4453125 0.0609375
0 0.72578125 0.290625 0.4453125 0.0625
0 0.725 0.36953125 0.44375 0.0640625
0 0.72734375 0.44609375 0.440625 0.075
0 0.728125 0.52734375 0.4453125 0.0609375
0 0.728125 0.6 0.43125 0.059375
0 0.73359375 0.6828125 0.434375 0.059375
0 0.73125 0.75859375 0.434375 0.0515625
0 0.28359375 0.23828125 0.3703125 0.0515625
0 0.2859375 0.29609375 0.3703125 0.0390625
0 0.2875 0.3578125 0.3671875 0.0390625
0 0.28984375 0.43046875 0.3671875 0.0359375
0 0.29453125 0.49765625 0.3671875 0.0546875
0 0.2953125 0.5703125 0.3640625 0.0390625
0 0.29453125 0.634375 0.3609375 0.0390625
0 0.29921875 0.68125 0.3578125 0.0421875
0 0.3015625 0.734375 0.3578125 0.0578125