0 0.89375 0.12734375 0.2125 0.0671875
0 0.915625 0.12890625 0.16875 0.0515625
0 0.31484375 0.12890625 0.2328125 0.0578125
0 0.35546875 0.1453125 0.23125 0.0578125
0 0.08203125 0.15859375 0.1640625 0.0484375
0 0.6390625 0.16484375 0.2265625 0.0515625
0 0.0984375 0.0171875 0.196875 0.034375
0 0.91484375 0.1859375 0.1703125 0.053125
0 0.89375 0.19453125 0.2125 0.0578125
0 0.890625 0.0203125 0.2125 0.0390625
0 0.0828125 0.21484375 0.165625 0.0515625
0 0.5984375 0.02265625 0.2265625 0.0453125
0 0.30390625 0.2203125 0.23125 0.0609375
0 0.61796875 0.2296875 0.2234375 0.0546875
0 0.89140625 0.2578125 0.2171875 0.05
0 0.07421875 0.26796875 0.1484375 0.0453125
0 0.35703125 0.27890625 0.23125 0.0546875
0 0.61875 0.2796875 0.2234375 0.0546875
0 0.90859375 0.3078125 0.1828125 0.0609375
0 0.8859375 0.3171875 0.228125 0.0546875
0 0.084375 0.3265625 0.16875 0.053125
0 0.3578125 0.33203125 0.23125 0.0484375
0 0.61328125 0.3375 0.2265625 0.0578125
0 0.084375 0.38359375 0.16875 0.0515625
0 0.88671875 0.38828125 0.2265625 0.0515625
0 0.35546875 0.3953125 0.23125 0.0484375
0 0.60703125 0.3953125 0.221875 0.0578125
0 0.90703125 0.396875 0.1859375 0.053125
0 0.3546875 0.44609375 0.23125 0.053125
0 0.084375 0.446875 0.16875 0.053125
0 0.609375 0.453125 0.2265625 0.053125
0 0.9109375 0.45546875 0.178125 0.053125
0 0.890625 0.4625 0.21875 0.05625
0 0.08515625 0.5015625 0.1703125 0.05625
0 0.609375 0.50859375 0.2234375 0.0609375
0 0.3546875 0.51171875 0.23125 0.0484375
0 0.353125 0.0515625 0.2328125 0.0609375
0 0.89140625 0.5375 0.2171875 0.05625
0 0.91171875 0.54296875 0.1765625 0.0484375
0 0.08671875 0.5625 0.1734375 0.053125
0 0.35234375 0.5625 0.23125 0.0578125
0 0.60078125 0.5671875 0.221875 0.0484375
0 0.09140625 0.05859375 0.18125 0.0515625
0 0.909375 0.60234375 0.18125 0.0546875
0 0.8859375 0.61171875 0.228125 0.0453125
0 0.5984375 0.61640625 0.221875 0.053125
0 0.08515625 0.625 0.1703125 0.05625
0 0.34765625 0.625 0.228125 0.0515625
0 0.9109375 0.06640625 0.178125 0.05625
0 0.60078125 0.671875 0.2234375 0.05625
0 0.8890625 0.67421875 0.221875 0.0578125
0 0.34609375 0.6765625 0.2328125 0.0546875
0 0.08046875 0.68125 0.1609375 0.053125
0 0.9109375 0.6859375 0.178125 0.0484375
0 0.30078125 0.06875 0.2328125 0.05625
0 0.60234375 0.728125 0.2265625 0.0578125
0 0.0828125 0.7390625 0.165625 0.0453125
0 0.35078125 0.74140625 0.228125 0.04375
0 0.91171875 0.74765625 0.1765625 0.0578125
0 0.6109375 0.0765625 0.228125 0.05625
0 0.8890625 0.765625 0.221875 0.0609375
0 0.6 0.7859375 0.2234375 0.0484375
0 0.35078125 0.7875 0.228125 0.04375
0 0.0828125 0.7953125 0.165625 0.0609375
0 0.59140625 0.8375 0.2234375 0.05625
0 0.909375 0.83984375 0.18125 0.0578125
0 0.084375 0.84765625 0.16875 0.04375
0 0.35078125 0.8546875 0.23125 0.053125
0 0.58203125 0.88671875 0.2265625 0.04375
0 0.90625 0.88671875 0.1859375 0.0359375
0 0.66953125 0.09609375 0.23125 0.0578125