0 0.8953125 0.86875 0.2078125 0.0484375
0 0.37265625 0.86875 0.2359375 0.0484375
0 0.1234375 0.8703125 0.23125 0.0515625
0 0.64296875 0.87734375 0.2359375 0.04375
0 0.11328125 0.12109375 0.2265625 0.0453125
0 0.9015625 0.125 0.196875 0.04375
0 0.37109375 0.12734375 0.2546875 0.053125
0 0.6515625 0.13203125 0.2453125 0.0625
0 0.11171875 0.17890625 0.221875 0.0453125
0 0.89765625 0.18359375 0.2046875 0.05625
0 0.37109375 0.1890625 0.2546875 0.0515625
0 0.64921875 0.196875 0.2453125 0.0578125
0 0.11171875 0.24140625 0.221875 0.0484375
0 0.89921875 0.24375 0.2015625 0.0515625
0 0.37109375 0.2484375 0.253125 0.0484375
0 0.65390625 0.25625 0.2453125 0.0578125
0 0.9 0.303125 0.2 0.0484375
0 0.11171875 0.30390625 0.221875 0.0546875
0 0.37265625 0.30625 0.2546875 0.0484375
0 0.65234375 0.3140625 0.240625 0.053125
0 0.89609375 0.35859375 0.2078125 0.0515625
0 0.37109375 0.36640625 0.2484375 0.0484375
0 0.11328125 0.36796875 0.2234375 0.04375
0 0.6453125 0.36875 0.2359375 0.0484375
0 0.8953125 0.41328125 0.209375 0.04375
0 0.115625 0.4203125 0.23125 0.0390625
0 0.37109375 0.4265625 0.2453125 0.0484375
0 0.64921875 0.428125 0.2390625 0.053125
0 0.89609375 0.47421875 0.2078125 0.0484375
0 0.115625 0.4796875 0.23125 0.04375
0 0.37265625 0.484375 0.2421875 0.0453125
0 0.64921875 0.4859375 0.240625 0.053125
0 0.89765625 0.53515625 0.2046875 0.0484375
0 0.11640625 0.53515625 0.2328125 0.04375
0 0.3734375 0.54296875 0.24375 0.0484375
0 0.64921875 0.54296875 0.2390625 0.0484375
0 0.8953125 0.59140625 0.209375 0.053125
0 0.115625 0.59375 0.23125 0.04375
0 0.1109375 0.06015625 0.221875 0.0578125
0 0.37265625 0.59765625 0.2421875 0.0484375
0 0.646875 0.6 0.2390625 0.0453125
0 0.8953125 0.64453125 0.209375 0.04375
0 0.115625 0.64921875 0.23125 0.04375
0 0.37265625 0.65234375 0.240625 0.04375
0 0.64453125 0.65625 0.2359375 0.04375
0 0.3734375 0.06875 0.2546875 0.0484375
0 0.89765625 0.6984375 0.2046875 0.0515625
0 0.9 0.07109375 0.196875 0.0515625
0 0.11875 0.70546875 0.2359375 0.0390625
0 0.375 0.7078125 0.240625 0.04375
0 0.64453125 0.07109375 0.25 0.053125
0 0.646875 0.7140625 0.2359375 0.04375
0 0.89296875 0.75703125 0.2140625 0.0546875
0 0.12265625 0.75703125 0.23125 0.04375
0 0.37265625 0.76171875 0.2390625 0.04375
0 0.6421875 0.76796875 0.2359375 0.04375
0 0.89140625 0.81015625 0.2171875 0.0484375
0 0.37265625 0.8125 0.2359375 0.0453125
0 0.12265625 0.81640625 0.23125 0.0484375
0 0.6453125 0.82578125 0.2359375 0.053125