0 0.49609375 0.178125 0.3171875 0.0453125
0 0.5046875 0.22109375 0.334375 0.04375
0 0.509375 0.265625 0.334375 0.040625
0 0.49296875 0.31015625 0.334375 0.04375
0 0.49609375 0.3546875 0.334375 0.040625
0 0.49140625 0.4015625 0.3328125 0.040625
0 0.49296875 0.44453125 0.334375 0.0390625
0 0.5 0.49296875 0.334375 0.040625
0 0.49296875 0.53828125 0.334375 0.0390625
0 0.48671875 0.584375 0.3328125 0.040625
0 0.7921875 0.61796875 0.253125 0.040625
0 0.48046875 0.62890625 0.3328125 0.04375
0 0.7921875 0.64921875 0.2703125 0.0359375
0 0.48046875 0.6734375 0.3265625 0.040625
0 0.790625 0.6859375 0.28125 0.04375
0 0.48671875 0.71640625 0.3265625 0.040625
0 0.7765625 0.72578125 0.246875 0.0390625
0 0.4890625 0.7609375 0.3265625 0.040625
0 0.4953125 0.80546875 0.3265625 0.04375