0 0.7234375 0.1734375 0.375 0.0703125
0 0.26328125 0.178125 0.396875 0.0875
0 0.73046875 0.23828125 0.3828125 0.0796875
0 0.26171875 0.2703125 0.396875 0.0765625
0 0.71171875 0.3140625 0.3921875 0.0703125
0 0.26328125 0.3421875 0.3953125 0.0796875
0 0.6984375 0.37890625 0.3875 0.071875
0 0.265625 0.4203125 0.384375 0.0671875
0 0.69609375 0.4421875 0.384375 0.071875
0 0.2609375 0.48828125 0.3890625 0.0875
0 0.6984375 0.5203125 0.3875 0.0828125
0 0.271875 0.55625 0.3828125 0.0875
0 0.7015625 0.5984375 0.3875 0.071875
0 0.271875 0.63359375 0.384375 0.084375
0 0.70703125 0.665625 0.378125 0.0671875
0 0.2703125 0.7015625 0.3828125 0.075
0 0.70546875 0.72265625 0.3578125 0.0625
0 0.27421875 0.77421875 0.3796875 0.0828125
0 0.71484375 0.78984375 0.3828125 0.05625
0 0.265625 0.08203125 0.4015625 0.0921875
0 0.2703125 0.85078125 0.3828125 0.0796875
0 0.7140625 0.8546875 0.384375 0.0703125
0 0.7234375 0.0953125 0.4015625 0.090625