0 0.8703125 0.1359375 0.259375 0.0828125
0 0.6078125 0.1453125 0.2625 0.0625
0 0.3453125 0.15859375 0.2546875 0.0671875
0 0.10703125 0.1609375 0.2140625 0.0671875
0 0.875 0.21015625 0.25 0.075
0 0.61328125 0.2203125 0.2765625 0.0609375
0 0.1078125 0.22265625 0.2140625 0.0625
0 0.34375 0.23046875 0.2546875 0.075
0 0.8734375 0.2859375 0.253125 0.0765625
0 0.6078125 0.2859375 0.271875 0.0671875
0 0.10703125 0.290625 0.2140625 0.0609375
0 0.34140625 0.29453125 0.2546875 0.0765625
0 0.10546875 0.35 0.2109375 0.0625
0 0.6046875 0.3546875 0.271875 0.0609375
0 0.87265625 0.359375 0.2546875 0.0703125
0 0.34140625 0.365625 0.25625 0.0796875
0 0.103125 0.41640625 0.20625 0.0703125
0 0.87265625 0.42578125 0.2515625 0.071875
0 0.6046875 0.428125 0.271875 0.075
0 0.33671875 0.43046875 0.2578125 0.0765625
0 0.103125 0.48125 0.20625 0.065625
0 0.603125 0.49375 0.275 0.0671875
0 0.87265625 0.49609375 0.2546875 0.0765625
0 0.33515625 0.49609375 0.2578125 0.0671875
0 0.103125 0.5484375 0.20625 0.065625
0 0.60078125 0.56015625 0.2734375 0.0765625
0 0.334375 0.5625 0.2546875 0.0765625
0 0.87109375 0.571875 0.2578125 0.084375
0 0.10234375 0.61328125 0.2046875 0.0703125
0 0.33203125 0.6296875 0.2546875 0.0703125
0 0.60078125 0.63359375 0.271875 0.0765625
0 0.8703125 0.64765625 0.259375 0.084375
0 0.10078125 0.68046875 0.2015625 0.0671875
0 0.3296875 0.696875 0.25625 0.075
0 0.5953125 0.7046875 0.275 0.0765625
0 0.8703125 0.7171875 0.259375 0.0796875
0 0.1 0.74609375 0.2 0.0703125
0 0.3296875 0.7640625 0.2515625 0.0765625
0 0.5953125 0.7703125 0.2703125 0.0875
0 0.86875 0.78984375 0.2625 0.0796875
0 0.0984375 0.8125 0.196875 0.0703125
0 0.3296875 0.81875 0.2546875 0.0703125
0 0.5953125 0.8390625 0.271875 0.090625
0 0.86640625 0.85078125 0.2671875 0.071875
0 0.1 0.8734375 0.2 0.0703125
0 0.32578125 0.87890625 0.259375 0.053125