0 0.4703125 0.13828125 0.1953125 0.0515625
0 0.27734375 0.1453125 0.1828125 0.053125
0 0.09140625 0.1515625 0.1828125 0.0484375
0 0.4671875 0.1890625 0.1953125 0.0578125
0 0.27421875 0.19375 0.1828125 0.0453125
0 0.09140625 0.20078125 0.1828125 0.053125
0 0.46640625 0.234375 0.196875 0.0578125
0 0.27421875 0.2390625 0.1890625 0.040625
0 0.09140625 0.24296875 0.18125 0.0484375
0 0.89140625 0.25546875 0.2171875 0.0578125
0 0.67578125 0.259375 0.2125 0.0625
0 0.46640625 0.28515625 0.196875 0.0453125
0 0.08671875 0.2875 0.1734375 0.0484375
0 0.27265625 0.290625 0.1859375 0.0484375
0 0.89140625 0.31015625 0.2171875 0.0515625
0 0.67421875 0.31875 0.209375 0.0546875
0 0.46640625 0.334375 0.2015625 0.0453125
0 0.271875 0.33984375 0.1859375 0.0453125
0 0.0875 0.34140625 0.175 0.0453125
0 0.89140625 0.365625 0.2171875 0.053125
0 0.6734375 0.37109375 0.2125 0.053125
0 0.46484375 0.3859375 0.2 0.0484375
0 0.2703125 0.38671875 0.1859375 0.0484375
0 0.4703125 0.03984375 0.1953125 0.0578125
0 0.08671875 0.38828125 0.1734375 0.0515625
0 0.890625 0.41953125 0.21875 0.0515625
0 0.6734375 0.4234375 0.2125 0.0453125
0 0.08515625 0.43359375 0.1703125 0.0515625
0 0.26796875 0.43515625 0.1828125 0.053125
0 0.46484375 0.43515625 0.2 0.0515625
0 0.6734375 0.47265625 0.2125 0.0453125
0 0.890625 0.4734375 0.21875 0.0484375
0 0.2796875 0.0484375 0.1796875 0.0578125
0 0.08515625 0.484375 0.1703125 0.053125
0 0.2671875 0.4859375 0.1875 0.0515625
0 0.46484375 0.48671875 0.196875 0.053125
0 0.08515625 0.53125 0.1703125 0.0484375
0 0.265625 0.53359375 0.1875 0.053125
0 0.671875 0.53515625 0.2125 0.05625
0 0.890625 0.53515625 0.2171875 0.05625
0 0.4625 0.5359375 0.2015625 0.0484375
0 0.08515625 0.58046875 0.1703125 0.053125
0 0.265625 0.5828125 0.1875 0.0546875
0 0.671875 0.584375 0.2140625 0.053125
0 0.09609375 0.05859375 0.178125 0.0515625
0 0.4625 0.5890625 0.2015625 0.0515625
0 0.890625 0.59140625 0.21875 0.0578125
0 0.084375 0.62890625 0.16875 0.0515625
0 0.26328125 0.634375 0.1875 0.05625
0 0.671875 0.6359375 0.2171875 0.0515625
0 0.46171875 0.63828125 0.2 0.05625
0 0.890625 0.646875 0.21875 0.05625
0 0.084375 0.678125 0.16875 0.053125
0 0.26328125 0.68515625 0.1875 0.05625
0 0.46015625 0.68984375 0.2015625 0.053125
0 0.66953125 0.69375 0.2140625 0.059375
0 0.8890625 0.7046875 0.21875 0.059375
0 0.08203125 0.72578125 0.1640625 0.0484375
0 0.26171875 0.7296875 0.1875 0.0546875
0 0.4578125 0.74609375 0.2015625 0.0609375
0 0.6703125 0.75 0.2140625 0.0625
0 0.890625 0.7515625 0.2171875 0.053125
0 0.18515625 0.7609375 0.021875 0.0046875
0 0.08203125 0.7765625 0.1640625 0.0484375
0 0.25859375 0.7859375 0.1875 0.0625
0 0.4578125 0.79453125 0.2 0.05625
0 0.6703125 0.803125 0.215625 0.05625
0 0.89140625 0.81015625 0.2171875 0.0609375
0 0.08203125 0.82578125 0.1640625 0.053125
0 0.25859375 0.8328125 0.1890625 0.05625
0 0.4703125 0.08515625 0.1953125 0.053125
0 0.45703125 0.85078125 0.2015625 0.05625
0 0.6703125 0.85703125 0.2140625 0.065625
0 0.89140625 0.8625 0.2171875 0.053125
0 0.08046875 0.87734375 0.1609375 0.053125
0 0.25703125 0.88203125 0.1859375 0.0453125
0 0.27890625 0.09765625 0.1796875 0.0578125
0 0.09140625 0.1046875 0.1828125 0.0453125