0 0.25703125 0.1140625 0.4421875 0.0703125
0 0.7078125 0.125 0.4375 0.071875
0 0.259375 0.178125 0.4453125 0.071875
0 0.71171875 0.1890625 0.4375 0.0671875
0 0.259375 0.24375 0.4453125 0.0671875
0 0.71015625 0.25 0.4359375 0.0625
0 0.26328125 0.31015625 0.446875 0.0671875
0 0.71015625 0.3171875 0.4328125 0.0671875
0 0.265625 0.37109375 0.446875 0.0671875
0 0.71015625 0.38359375 0.4328125 0.071875
0 0.26953125 0.4390625 0.4421875 0.0671875
0 0.7125 0.44453125 0.428125 0.0703125
0 0.25703125 0.0484375 0.446875 0.075
0 0.27421875 0.50703125 0.446875 0.071875
0 0.7140625 0.50859375 0.428125 0.0671875
0 0.271875 0.57109375 0.4421875 0.0765625
0 0.71484375 0.57421875 0.428125 0.071875
0 0.709375 0.05859375 0.4421875 0.0671875
0 0.271875 0.63671875 0.4453125 0.0671875
0 0.71640625 0.640625 0.4328125 0.071875
0 0.27421875 0.70078125 0.4421875 0.0765625
0 0.71640625 0.7046875 0.4328125 0.0671875
0 0.71875 0.7671875 0.4359375 0.065625
0 0.27265625 0.771875 0.4515625 0.0703125
0 0.71640625 0.83046875 0.4328125 0.071875
0 0.271875 0.8375 0.446875 0.0765625
0 0.7140625 0.88125 0.4328125 0.053125