0 0.1765625 0.1390625 0.353125 0.071875
0 0.7015625 0.1546875 0.509375 0.0765625
0 0.18515625 0.2328125 0.365625 0.0765625
0 0.69921875 0.23828125 0.509375 0.071875
0 0.69609375 0.3265625 0.509375 0.0765625
0 0.1890625 0.34375 0.3765625 0.075
0 0.7078125 0.4125 0.5140625 0.0671875
0 0.17578125 0.04296875 0.3515625 0.0765625
0 0.19453125 0.43046875 0.3890625 0.071875
0 0.7171875 0.50390625 0.5171875 0.0703125
0 0.1921875 0.509375 0.384375 0.0703125
0 0.7203125 0.5890625 0.5203125 0.071875
0 0.19453125 0.59375 0.3890625 0.075
0 0.7078125 0.678125 0.5203125 0.071875
0 0.1890625 0.67890625 0.375 0.0703125
0 0.69921875 0.071875 0.509375 0.0765625
0 0.196875 0.76015625 0.39375 0.0703125
0 0.709375 0.765625 0.525 0.0625
0 0.2078125 0.8390625 0.415625 0.071875
0 0.7171875 0.8546875 0.5203125 0.0671875