0 0.38125 0.12109375 0.1875 0.040625
0 0.7546875 0.1234375 0.1828125 0.0484375
0 0.92421875 0.12734375 0.15 0.0484375
0 0.046875 0.15625 0.09375 0.0484375
0 0.19140625 0.1625 0.1875 0.053125
0 0.5671875 0.1671875 0.1859375 0.04375
0 0.38125 0.16953125 0.1875 0.0484375
0 0.75390625 0.171875 0.1828125 0.0484375
0 0.92421875 0.1734375 0.1515625 0.04375
0 0.046875 0.01953125 0.09375 0.0390625
0 0.0453125 0.20078125 0.090625 0.0421875
0 0.19140625 0.209375 0.1921875 0.053125
0 0.5671875 0.2125 0.1828125 0.0484375
0 0.3796875 0.21640625 0.1859375 0.0484375
0 0.75234375 0.2171875 0.1828125 0.040625
0 0.92265625 0.21796875 0.1546875 0.0484375
0 0.18984375 0.02421875 0.1875 0.0484375
0 0.046875 0.25 0.09375 0.0484375
0 0.18984375 0.25390625 0.1921875 0.0515625
0 0.3796875 0.2609375 0.1859375 0.0484375
0 0.56640625 0.2609375 0.1828125 0.04375
0 0.7515625 0.26171875 0.184375 0.0484375
0 0.56953125 0.02734375 0.1875 0.0484375
0 0.921875 0.2671875 0.15625 0.0484375
0 0.38125 0.02890625 0.1875 0.0484375
0 0.0453125 0.296875 0.090625 0.040625
0 0.18984375 0.30078125 0.1921875 0.053125
0 0.56484375 0.30625 0.1828125 0.04375
0 0.3796875 0.3078125 0.1875 0.04375
0 0.75 0.3078125 0.1828125 0.04375
0 0.921875 0.3109375 0.1546875 0.04375
0 0.7546875 0.03359375 0.1859375 0.04375
0 0.046875 0.3421875 0.0921875 0.04375
0 0.18984375 0.34765625 0.1921875 0.053125
0 0.56484375 0.35234375 0.1828125 0.0484375
0 0.92421875 0.03515625 0.1515625 0.04375
0 0.3796875 0.353125 0.1875 0.0484375
0 0.75 0.3546875 0.1859375 0.04375
0 0.9203125 0.35703125 0.159375 0.040625
0 0.046875 0.3890625 0.09375 0.04375
0 0.19140625 0.39453125 0.1921875 0.0484375
0 0.5640625 0.39765625 0.1828125 0.04375
0 0.3796875 0.39921875 0.1828125 0.04375
0 0.7484375 0.4 0.1828125 0.04375
0 0.9203125 0.4015625 0.159375 0.04375
0 0.046875 0.4359375 0.09375 0.04375
0 0.18984375 0.44140625 0.1921875 0.0484375
0 0.3796875 0.4421875 0.1828125 0.040625
0 0.56484375 0.44375 0.1828125 0.0484375
0 0.75 0.44453125 0.1859375 0.0484375
0 0.9203125 0.44609375 0.159375 0.04375
0 0.046875 0.48046875 0.09375 0.04375
0 0.19140625 0.484375 0.1921875 0.04375
0 0.3796875 0.48671875 0.1875 0.04375
0 0.9203125 0.4890625 0.159375 0.04375
0 0.5640625 0.4890625 0.1828125 0.040625
0 0.74765625 0.49140625 0.1828125 0.04375
0 0.046875 0.5296875 0.09375 0.04375
0 0.19140625 0.53125 0.1921875 0.04375
0 0.91953125 0.53359375 0.159375 0.04375
0 0.3796875 0.53359375 0.1859375 0.04375
0 0.56484375 0.53359375 0.1828125 0.04375
0 0.74609375 0.53359375 0.1828125 0.0484375
0 0.3796875 0.57578125 0.1828125 0.0390625
0 0.0484375 0.5765625 0.096875 0.04375
0 0.9203125 0.5765625 0.159375 0.040625
0 0.5640625 0.5765625 0.1828125 0.04375
0 0.19140625 0.578125 0.1875 0.04375
0 0.7484375 0.578125 0.1828125 0.04375
0 0.0453125 0.06015625 0.090625 0.0421875
0 0.3796875 0.6203125 0.1828125 0.04375
0 0.5640625 0.62109375 0.1828125 0.04375
0 0.0484375 0.62265625 0.096875 0.04375
0 0.74765625 0.62265625 0.1828125 0.0484375
0 0.91953125 0.62265625 0.159375 0.04375
0 0.19140625 0.625 0.190625 0.0484375
0 0.3796875 0.6671875 0.1875 0.04375
0 0.5640625 0.6671875 0.1828125 0.04375
0 0.91953125 0.6671875 0.1609375 0.04375
0 0.046875 0.6671875 0.09375 0.0453125
0 0.74765625 0.66796875 0.1828125 0.0390625
0 0.19140625 0.66953125 0.190625 0.040625
0 0.19140625 0.06953125 0.1875 0.053125
0 0.91796875 0.71171875 0.1640625 0.0484375
0 0.5640625 0.71171875 0.18125 0.0484375
0 0.37890625 0.7125 0.1859375 0.04375
0 0.74609375 0.7140625 0.1828125 0.040625
0 0.19140625 0.7140625 0.190625 0.04375
0 0.0484375 0.71484375 0.096875 0.0484375
0 0.5671875 0.0734375 0.1828125 0.0484375
0 0.38125 0.07578125 0.1875 0.04375
0 0.5625 0.75703125 0.1828125 0.04375
0 0.91796875 0.75859375 0.1640625 0.0484375
0 0.37890625 0.75859375 0.1859375 0.0484375
0 0.74609375 0.759375 0.1828125 0.04375
0 0.0484375 0.759375 0.096875 0.04375
0 0.19140625 0.7609375 0.1875 0.0484375
0 0.7546875 0.0796875 0.1828125 0.04375
0 0.74609375 0.803125 0.1828125 0.040625
0 0.91796875 0.803125 0.1640625 0.04375
0 0.5625 0.803125 0.18125 0.04375
0 0.37734375 0.80390625 0.1828125 0.04375
0 0.0484375 0.80625 0.096875 0.04375
0 0.18984375 0.8078125 0.1875 0.04375
0 0.92421875 0.08203125 0.1515625 0.0484375
0 0.5625 0.84609375 0.1828125 0.04375
0 0.91796875 0.8484375 0.1640625 0.04375
0 0.37890625 0.8484375 0.1859375 0.0484375
0 0.7453125 0.8484375 0.1828125 0.04375
0 0.0484375 0.85078125 0.096875 0.04375
0 0.19140625 0.853125 0.1875 0.04375
0 0.046875 0.10703125 0.0921875 0.0484375
0 0.18984375 0.11328125 0.1875 0.053125
0 0.56875 0.1203125 0.184375 0.0515625