0 0.4734375 0.1421875 0.2640625 0.0703125
0 0.196875 0.15390625 0.2640625 0.0703125
0 0.80625 0.1546875 0.271875 0.071875
0 0.47109375 0.21015625 0.2703125 0.071875
0 0.18984375 0.2234375 0.2703125 0.0703125
0 0.8078125 0.225 0.271875 0.0671875
0 0.80625 0.02265625 0.2796875 0.04375
0 0.203125 0.02734375 0.275 0.053125
0 0.47734375 0.28125 0.271875 0.071875
0 0.8125 0.2921875 0.275 0.0671875
0 0.2015625 0.2921875 0.275 0.0671875
0 0.48828125 0.35234375 0.2703125 0.075
0 0.8140625 0.3609375 0.2703125 0.0671875
0 0.2078125 0.3609375 0.2703125 0.0671875
0 0.48203125 0.4125 0.2734375 0.0578125
0 0.203125 0.4265625 0.271875 0.0671875
0 0.8234375 0.42890625 0.2734375 0.0703125
0 0.484375 0.478125 0.2703125 0.0703125
0 0.19609375 0.484375 0.275 0.071875
0 0.81015625 0.49609375 0.275 0.0671875
0 0.484375 0.540625 0.2703125 0.0703125
0 0.828125 0.5609375 0.2703125 0.0703125
0 0.18125 0.5625 0.2640625 0.071875
0 0.48203125 0.6078125 0.2671875 0.071875
0 0.8265625 0.62265625 0.275 0.0578125
0 0.1921875 0.63125 0.2703125 0.0625
0 0.47734375 0.68046875 0.271875 0.071875
0 0.82421875 0.6859375 0.275 0.0671875
0 0.1875 0.69609375 0.2703125 0.0671875
0 0.4796875 0.74140625 0.2671875 0.0671875
0 0.475 0.07421875 0.2703125 0.075
0 0.81953125 0.75 0.2734375 0.075
0 0.8125 0.81875 0.2703125 0.0765625
0 0.80390625 0.0828125 0.2765625 0.0765625
0 0.1921875 0.08671875 0.2703125 0.0625