0 0.2765625 0.1296875 0.534375 0.0515625
0 0.77265625 0.146875 0.4546875 0.0578125
0 0.28828125 0.18359375 0.509375 0.0609375
0 0.7796875 0.2078125 0.440625 0.0609375
0 0.821875 0.021875 0.35625 0.04375
0 0.28828125 0.24609375 0.509375 0.0609375
0 0.31015625 0.0265625 0.5 0.0265625
0 0.7796875 0.26953125 0.440625 0.0578125
0 0.2796875 0.3109375 0.540625 0.053125
0 0.77421875 0.3265625 0.4515625 0.0609375
0 0.29296875 0.36796875 0.5078125 0.0609375
0 0.775 0.3859375 0.45 0.0578125
0 0.28359375 0.43046875 0.5359375 0.0578125
0 0.7796875 0.4421875 0.4375 0.0671875
0 0.77890625 0.49765625 0.4390625 0.0625
0 0.27890625 0.509375 0.5296875 0.05625
0 0.7796875 0.55390625 0.440625 0.0703125
0 0.28359375 0.57421875 0.5078125 0.084375
0 0.7765625 0.60703125 0.4453125 0.065625
0 0.2796875 0.6203125 0.5015625 0.034375
0 0.75390625 0.65625 0.440625 0.071875
0 0.28515625 0.6578125 0.5 0.0703125
0 0.81015625 0.06953125 0.3796875 0.0625
0 0.31484375 0.06953125 0.5359375 0.0578125
0 0.76328125 0.69609375 0.446875 0.0515625
0 0.28359375 0.71875 0.5 0.0625
0 0.76171875 0.73671875 0.4453125 0.0765625
0 0.271875 0.7671875 0.5203125 0.059375
0 0.75625 0.790625 0.440625 0.0703125
0 0.27890625 0.84140625 0.5046875 0.0625
0 0.75703125 0.84375 0.440625 0.0796875
0 0.75234375 0.8859375 0.440625 0.0625
0 0.2828125 0.8890625 0.503125 0.053125