0 0.47265625 0.61640625 0.5203125 0.04375
0 0.4734375 0.66015625 0.5171875 0.040625
0 0.47578125 0.7046875 0.509375 0.040625
0 0.48203125 0.7484375 0.5125 0.04375
0 0.4484375 0.0765625 0.575 0.053125
0 0.4828125 0.78984375 0.5078125 0.0390625
0 0.484375 0.8296875 0.509375 0.040625
0 0.48046875 0.875 0.5046875 0.0390625
0 0.45078125 0.1390625 0.5671875 0.04375
0 0.453125 0.18984375 0.5671875 0.0359375
0 0.44375 0.2359375 0.5625 0.034375
0 0.45078125 0.28359375 0.55625 0.0390625
0 0.4578125 0.33203125 0.54375 0.0390625
0 0.4546875 0.37890625 0.54375 0.0390625
0 0.46171875 0.42578125 0.5390625 0.0484375
0 0.46484375 0.47265625 0.5390625 0.0359375
0 0.47265625 0.5171875 0.5296875 0.0484375
0 0.4703125 0.56484375 0.5265625 0.0453125