0 0.16328125 0.115625 0.3265625 0.0609375
0 0.50703125 0.15 0.3359375 0.053125
0 0.16484375 0.015625 0.3296875 0.03125
0 0.859375 0.16015625 0.28125 0.053125
0 0.165625 0.1703125 0.33125 0.071875
0 0.5140625 0.2046875 0.3375 0.0578125
0 0.859375 0.21015625 0.28125 0.0515625
0 0.1546875 0.2328125 0.3078125 0.0625
0 0.5046875 0.26171875 0.3171875 0.0484375
0 0.85546875 0.271875 0.2890625 0.053125
0 0.1546875 0.28828125 0.3078125 0.0671875
0 0.53125 0.3171875 0.346875 0.0484375
0 0.85703125 0.31953125 0.2859375 0.04375
0 0.15859375 0.36328125 0.315625 0.0671875
0 0.5328125 0.36796875 0.3359375 0.053125
0 0.86171875 0.38125 0.275 0.0484375
0 0.50234375 0.0421875 0.3375 0.0578125
0 0.53125 0.4203125 0.3515625 0.053125
0 0.140625 0.4203125 0.28125 0.065625
0 0.8546875 0.4390625 0.2890625 0.053125
0 0.5203125 0.47734375 0.346875 0.04375
0 0.14296875 0.47734375 0.2859375 0.0609375
0 0.86875 0.49375 0.2625 0.0515625
0 0.853125 0.0515625 0.29375 0.053125
0 0.51328125 0.52734375 0.334375 0.05625
0 0.15234375 0.5296875 0.303125 0.05625
0 0.8703125 0.5484375 0.259375 0.0484375
0 0.15 0.584375 0.3 0.065625
0 0.52265625 0.58671875 0.3265625 0.0484375
0 0.87265625 0.60546875 0.2546875 0.053125
0 0.16328125 0.0640625 0.3265625 0.059375
0 0.140625 0.640625 0.2796875 0.0578125
0 0.52421875 0.6421875 0.353125 0.0484375
0 0.86640625 0.66015625 0.2640625 0.053125
0 0.14765625 0.696875 0.2953125 0.0578125
0 0.5359375 0.7015625 0.35625 0.040625
0 0.86640625 0.71015625 0.2640625 0.053125
0 0.13671875 0.75390625 0.2734375 0.0546875
0 0.5140625 0.75625 0.3515625 0.04375
0 0.8703125 0.75859375 0.259375 0.0484375
0 0.51171875 0.80546875 0.3390625 0.0578125
0 0.8703125 0.8078125 0.259375 0.04375
0 0.1546875 0.8140625 0.309375 0.0625
0 0.53125 0.859375 0.3515625 0.04375
0 0.165625 0.86328125 0.33125 0.0578125
0 0.875 0.86640625 0.25 0.0515625
0 0.5 0.09765625 0.334375 0.05625
0 0.8625 0.10234375 0.275 0.0515625