0 0.796875 0.234375 0.1390625 0.025
0 0.65625 0.2359375 0.1390625 0.034375
0 0.2203125 0.23671875 0.1390625 0.025
0 0.93515625 0.2390625 0.1296875 0.0265625
0 0.3734375 0.24140625 0.134375 0.0296875
0 0.5140625 0.2484375 0.1109375 0.025
0 0.65625 0.26796875 0.1390625 0.0328125
0 0.7984375 0.26796875 0.1390625 0.0234375
0 0.22109375 0.26953125 0.1390625 0.021875
0 0.93359375 0.271875 0.1328125 0.0296875
0 0.3734375 0.27734375 0.134375 0.025
0 0.5140625 0.27890625 0.1109375 0.021875
0 0.7953125 0.30078125 0.1375 0.025
0 0.2203125 0.30078125 0.1390625 0.021875
0 0.65625 0.30078125 0.1390625 0.034375
0 0.9328125 0.30390625 0.134375 0.0265625
0 0.375 0.30859375 0.134375 0.025
0 0.51171875 0.31015625 0.10625 0.0234375
0 0.22109375 0.3265625 0.134375 0.021875
0 0.6546875 0.33046875 0.134375 0.0328125
0 0.7953125 0.3328125 0.1390625 0.0234375
0 0.93515625 0.33515625 0.1296875 0.0265625
0 0.3765625 0.33984375 0.134375 0.025
0 0.5109375 0.33984375 0.10625 0.0203125
0 0.2234375 0.3578125 0.1390625 0.0234375
0 0.7953125 0.3640625 0.1390625 0.0234375
0 0.65234375 0.3640625 0.1375 0.0359375
0 0.9359375 0.36796875 0.128125 0.0296875
0 0.375 0.37109375 0.134375 0.0265625
0 0.5109375 0.37109375 0.10625 0.021875
0 0.2234375 0.38828125 0.1390625 0.021875
0 0.9359375 0.39296875 0.128125 0.0296875
0 0.6515625 0.3953125 0.1390625 0.034375
0 0.7984375 0.396875 0.1375 0.025
0 0.5109375 0.4015625 0.10625 0.025
0 0.3734375 0.40390625 0.134375 0.0234375
0 0.22109375 0.4203125 0.1390625 0.025
0 0.93515625 0.42421875 0.1296875 0.03125
0 0.7984375 0.428125 0.1390625 0.025
0 0.65234375 0.428125 0.1375 0.034375
0 0.3734375 0.43359375 0.134375 0.025
0 0.509375 0.43359375 0.1109375 0.025
0 0.225 0.4515625 0.1390625 0.025
0 0.93515625 0.45703125 0.1296875 0.0296875
0 0.65234375 0.4578125 0.1375 0.0359375
0 0.796875 0.46015625 0.1390625 0.025
0 0.36875 0.46484375 0.125 0.021875
0 0.50625 0.46484375 0.1375 0.025
0 0.225 0.48203125 0.1390625 0.025
0 0.93359375 0.4859375 0.1328125 0.034375
0 0.65234375 0.48828125 0.134375 0.034375
0 0.36796875 0.4890625 0.128125 0.025
0 0.50859375 0.49140625 0.1390625 0.021875
0 0.79296875 0.49296875 0.1375 0.025
0 0.23046875 0.51171875 0.1390625 0.0265625
0 0.50703125 0.51171875 0.1390625 0.0265625
0 0.36875 0.5140625 0.125 0.025
0 0.65625 0.515625 0.1375 0.034375
0 0.9375 0.521875 0.125 0.028125
0 0.79921875 0.525 0.134375 0.025
0 0.3703125 0.54296875 0.1203125 0.025
0 0.234375 0.54453125 0.1390625 0.028125
0 0.6546875 0.5453125 0.134375 0.0359375
0 0.50703125 0.5453125 0.1390625 0.025
0 0.9390625 0.55546875 0.1203125 0.028125
0 0.8015625 0.55625 0.134375 0.025
0 0.3703125 0.57421875 0.1203125 0.025
0 0.65390625 0.5765625 0.1375 0.0359375
0 0.23671875 0.5765625 0.1390625 0.025
0 0.50859375 0.578125 0.1390625 0.025
0 0.8015625 0.5875 0.134375 0.025
0 0.940625 0.58671875 0.11875 0.0296875
0 0.3703125 0.603125 0.1203125 0.025
0 0.2359375 0.60546875 0.1390625 0.021875
0 0.6546875 0.6078125 0.1390625 0.034375
0 0.50625 0.61171875 0.1390625 0.025
0 0.9375 0.61796875 0.125 0.0234375
0 0.7984375 0.61875 0.1390625 0.025
0 0.3703125 0.63359375 0.1203125 0.0234375
0 0.2359375 0.63671875 0.1375 0.025
0 0.6546875 0.640625 0.1390625 0.0359375
0 0.50625 0.64453125 0.1390625 0.025
0 0.7984375 0.65 0.1390625 0.025
0 0.9375 0.6515625 0.125 0.028125
0 0.36875 0.66328125 0.115625 0.0234375
0 0.2359375 0.66953125 0.1390625 0.025
0 0.65859375 0.6703125 0.134375 0.034375
0 0.50625 0.6765625 0.1390625 0.0234375
0 0.80078125 0.6828125 0.1390625 0.0234375
0 0.9375 0.6828125 0.125 0.0234375
0 0.36875 0.69375 0.115625 0.021875
0 0.2359375 0.7015625 0.1390625 0.028125
0 0.65859375 0.7046875 0.134375 0.0359375
0 0.5046875 0.709375 0.1390625 0.025
0 0.803125 0.7140625 0.1390625 0.0265625
0 0.9375 0.7140625 0.125 0.0234375
0 0.3703125 0.72578125 0.115625 0.0234375
0 0.2328125 0.7296875 0.1390625 0.0171875
0 0.66015625 0.7359375 0.134375 0.034375
0 0.5046875 0.74140625 0.1390625 0.0234375
0 0.9375 0.74375 0.125 0.0203125
0 0.803125 0.7453125 0.1390625 0.0234375
0 0.36796875 0.7546875 0.115625 0.0234375
0 0.2328125 0.7546875 0.1390625 0.0265625
0 0.9375 0.76796875 0.125 0.025
0 0.65859375 0.76796875 0.1390625 0.034375
0 0.80546875 0.76953125 0.1390625 0.025
0 0.50234375 0.77265625 0.1390625 0.028125