0 0.70546875 0.21015625 0.43125 0.125
0 0.27890625 0.2203125 0.41875 0.103125
0 0.7046875 0.31640625 0.4375 0.115625
0 0.275 0.32421875 0.415625 0.0984375
0 0.2765625 0.03359375 0.4140625 0.0671875
0 0.70703125 0.4234375 0.440625 0.115625
0 0.2765625 0.42890625 0.41875 0.0984375
0 0.7078125 0.5296875 0.4375 0.1140625
0 0.27890625 0.53359375 0.41875 0.10625
0 0.7078125 0.63671875 0.4375 0.1015625
0 0.2765625 0.64296875 0.4234375 0.1078125
0 0.70703125 0.74375 0.4359375 0.10625
0 0.27734375 0.74375 0.415625 0.1015625
0 0.27890625 0.84140625 0.4203125 0.09375
0 0.7078125 0.84375 0.4359375 0.09375
0 0.7015625 0.0984375 0.4328125 0.10625
0 0.2765625 0.11640625 0.4140625 0.096875