0 0.59375 0.8015625 0.271875 0.0359375
0 0.58671875 0.83671875 0.2796875 0.0390625
0 0.59375 0.8734375 0.2765625 0.0515625
0 0.59609375 0.90625 0.275 0.0484375
0 0.59609375 0.46171875 0.2890625 0.0828125
0 0.6046875 0.49609375 0.284375 0.0765625
0 0.59609375 0.5296875 0.2828125 0.071875
0 0.59140625 0.56484375 0.275 0.0671875
0 0.58984375 0.60234375 0.284375 0.0546875
0 0.59765625 0.63359375 0.2953125 0.04375
0 0.59609375 0.6703125 0.2859375 0.040625
0 0.60078125 0.70546875 0.284375 0.0390625
0 0.59609375 0.734375 0.2859375 0.03125
0 0.5921875 0.7671875 0.275 0.0359375