0 0.5 0.7328125 0.3109375 0.03125
0 0.16328125 0.73828125 0.3078125 0.0296875
0 0.83046875 0.74140625 0.3125 0.034375
0 0.4953125 0.76953125 0.3078125 0.0296875
0 0.1671875 0.77265625 0.30625 0.028125
0 0.8296875 0.77734375 0.3125 0.03125
0 0.49609375 0.80546875 0.303125 0.0296875
0 0.16953125 0.80625 0.3078125 0.025
0 0.82578125 0.8140625 0.3125 0.034375
0 0.50234375 0.0828125 0.29375 0.034375
0 0.5015625 0.84140625 0.3125 0.0265625
0 0.16953125 0.8453125 0.3109375 0.0296875
0 0.82578125 0.8484375 0.3140625 0.03125
0 0.171875 0.87890625 0.3078125 0.0296875
0 0.5015625 0.87890625 0.3078125 0.0296875
0 0.82109375 0.88359375 0.3078125 0.034375
0 0.828125 0.0890625 0.290625 0.0296875
0 0.17421875 0.91328125 0.3109375 0.0296875
0 0.490625 0.91328125 0.3125 0.0296875
0 0.81484375 0.9171875 0.3125 0.0296875
0 0.1734375 0.09375 0.2953125 0.03125
0 0.50390625 0.1140625 0.303125 0.0265625
0 0.80390625 0.1234375 0.29375 0.0296875
0 0.171875 0.125 0.29375 0.034375
0 0.5 0.14453125 0.2953125 0.0296875
0 0.80859375 0.1546875 0.3015625 0.0296875
0 0.1734375 0.15625 0.2984375 0.0296875
0 0.5015625 0.0171875 0.29375 0.03125
0 0.50234375 0.18046875 0.2984375 0.0328125
0 0.80625 0.18515625 0.2984375 0.0296875
0 0.1765625 0.1921875 0.303125 0.0328125
0 0.82109375 0.0203125 0.29375 0.03125
0 0.5046875 0.2125 0.303125 0.0296875
0 0.81484375 0.2171875 0.3015625 0.034375
0 0.1765625 0.2234375 0.2984375 0.025
0 0.50390625 0.2453125 0.29375 0.0296875
0 0.81484375 0.25234375 0.2984375 0.0296875
0 0.1703125 0.25625 0.3015625 0.025
0 0.1765625 0.0265625 0.2953125 0.0296875
0 0.5046875 0.27890625 0.303125 0.0296875
0 0.81484375 0.28359375 0.2984375 0.0328125
0 0.1671875 0.290625 0.303125 0.0296875
0 0.5046875 0.3140625 0.303125 0.0296875
0 0.81484375 0.31953125 0.2953125 0.034375
0 0.171875 0.32421875 0.3015625 0.0265625
0 0.50625 0.34765625 0.30625 0.0296875
0 0.81953125 0.35703125 0.2984375 0.0296875
0 0.171875 0.3578125 0.303125 0.0296875
0 0.50234375 0.38125 0.3078125 0.03125
0 0.17578125 0.3890625 0.303125 0.0296875
0 0.82109375 0.390625 0.3015625 0.0296875
0 0.5 0.415625 0.3078125 0.0296875
0 0.1671875 0.4203125 0.3078125 0.0296875
0 0.82109375 0.42578125 0.2984375 0.0296875
0 0.49765625 0.4515625 0.3015625 0.034375
0 0.17578125 0.45546875 0.303125 0.03125
0 0.8234375 0.459375 0.303125 0.03125
0 0.5 0.48671875 0.303125 0.034375
0 0.50703125 0.04921875 0.290625 0.034375
0 0.81953125 0.49296875 0.303125 0.0296875
0 0.1671875 0.49296875 0.3078125 0.0296875
0 0.5 0.52265625 0.30625 0.028125
0 0.16796875 0.52890625 0.3078125 0.03125
0 0.81640625 0.52890625 0.3078125 0.0265625
0 0.5 0.55625 0.3078125 0.028125
0 0.81640625 0.05625 0.2890625 0.0296875
0 0.16796875 0.5609375 0.3078125 0.028125
0 0.82421875 0.5640625 0.3078125 0.028125
0 0.5046875 0.59140625 0.309375 0.028125
0 0.8234375 0.59765625 0.303125 0.025
0 0.1765625 0.5984375 0.3078125 0.028125
0 0.17421875 0.0609375 0.29375 0.03125
0 0.50390625 0.62734375 0.3078125 0.034375
0 0.18046875 0.63359375 0.3078125 0.028125
0 0.83046875 0.634375 0.3125 0.028125
0 0.5015625 0.66328125 0.3125 0.03125
0 0.165625 0.66796875 0.3078125 0.0296875
0 0.828125 0.6703125 0.3078125 0.028125
0 0.5 0.696875 0.3078125 0.028125
0 0.16484375 0.7046875 0.3125 0.028125
0 0.834375 0.70703125 0.303125 0.03125