0 0.2765625 0.12734375 0.190625 0.0453125
0 0.06484375 0.13125 0.1296875 0.04375
0 0.9 0.13671875 0.1921875 0.0453125
0 0.68359375 0.13828125 0.1921875 0.040625
0 0.490625 0.1390625 0.1921875 0.04375
0 0.2796875 0.178125 0.1890625 0.0453125
0 0.06875 0.178125 0.1328125 0.04375
0 0.68984375 0.18359375 0.190625 0.0453125
0 0.48671875 0.1859375 0.190625 0.0453125
0 0.89453125 0.1875 0.1921875 0.0453125
0 0.07109375 0.22578125 0.1421875 0.04375
0 0.2828125 0.22734375 0.1734375 0.040625
0 0.68125 0.23203125 0.190625 0.0453125
0 0.490625 0.2328125 0.1921875 0.04375
0 0.90234375 0.2359375 0.1953125 0.0484375
0 0.0796875 0.27421875 0.159375 0.04375
0 0.28359375 0.27421875 0.1765625 0.0453125
0 0.6859375 0.2796875 0.190625 0.0484375
0 0.4859375 0.28359375 0.1921875 0.04375
0 0.890625 0.2859375 0.1953125 0.04375
0 0.26328125 0.03125 0.1875 0.0453125
0 0.28515625 0.32109375 0.1734375 0.04375
0 0.0828125 0.321875 0.1546875 0.0453125
0 0.48828125 0.3296875 0.1921875 0.040625
0 0.6859375 0.3296875 0.1921875 0.0453125
0 0.88828125 0.33046875 0.1921875 0.040625
0 0.0734375 0.03515625 0.146875 0.0484375
0 0.28515625 0.36796875 0.1875 0.04375
0 0.0875 0.36875 0.153125 0.0484375
0 0.8890625 0.0375 0.1953125 0.0484375
0 0.8859375 0.37890625 0.1921875 0.04375
0 0.6875 0.37890625 0.190625 0.0453125
0 0.48828125 0.37890625 0.1921875 0.04375
0 0.6859375 0.03828125 0.1921875 0.0484375
0 0.08515625 0.41484375 0.15 0.04375
0 0.2921875 0.415625 0.190625 0.053125
0 0.6890625 0.42421875 0.190625 0.0453125
0 0.4890625 0.4265625 0.1875 0.0453125
0 0.88359375 0.428125 0.190625 0.0453125
0 0.48671875 0.04453125 0.190625 0.040625
0 0.08203125 0.4625 0.1640625 0.0453125
0 0.28515625 0.4640625 0.1875 0.0453125
0 0.69140625 0.47265625 0.190625 0.0453125
0 0.884375 0.4734375 0.1953125 0.04375
0 0.4890625 0.47578125 0.190625 0.0453125
0 0.0796875 0.509375 0.159375 0.04375
0 0.2859375 0.51171875 0.1890625 0.0484375
0 0.8859375 0.5203125 0.1921875 0.0484375
0 0.69140625 0.52421875 0.190625 0.0453125
0 0.49609375 0.525 0.1828125 0.0390625
0 0.0796875 0.55625 0.159375 0.0484375
0 0.28828125 0.56015625 0.190625 0.0484375
0 0.884375 0.56953125 0.1953125 0.0484375
0 0.68984375 0.56953125 0.1921875 0.040625
0 0.49609375 0.56953125 0.1859375 0.0453125
0 0.08046875 0.6046875 0.15625 0.040625
0 0.3015625 0.60703125 0.1859375 0.0453125
0 0.6921875 0.615625 0.190625 0.04375
0 0.49609375 0.61640625 0.1875 0.0484375
0 0.8859375 0.61796875 0.1828125 0.04375
0 0.084375 0.65234375 0.165625 0.0484375
0 0.2921875 0.65625 0.19375 0.0484375
0 0.69375 0.6625 0.190625 0.0484375
0 0.49140625 0.66484375 0.190625 0.0453125
0 0.88828125 0.665625 0.178125 0.0484375
0 0.08515625 0.6984375 0.1609375 0.0453125
0 0.290625 0.7046875 0.1953125 0.04375
0 0.69375 0.71171875 0.190625 0.0453125
0 0.88828125 0.71171875 0.18125 0.0484375
0 0.49609375 0.71171875 0.1921875 0.0484375
0 0.0828125 0.7484375 0.1609375 0.04375
0 0.29296875 0.7515625 0.1921875 0.0484375
0 0.26953125 0.0796875 0.1953125 0.0484375
0 0.0609375 0.08359375 0.121875 0.0453125
0 0.89453125 0.0875 0.1953125 0.0484375
0 0.6875 0.0890625 0.1921875 0.0484375
0 0.4828125 0.09140625 0.1921875 0.0453125