0 0.19921875 0.08828125 0.3984375 0.0765625
0 0.18359375 0.8890625 0.365625 0.065625
0 0.61796875 0.8890625 0.4859375 0.0625
0 0.646875 0.15625 0.4671875 0.0875
0 0.95078125 0.16953125 0.0984375 0.084375
0 0.19453125 0.171875 0.3890625 0.0796875
0 0.2015625 0.0203125 0.403125 0.040625
0 0.646875 0.24375 0.471875 0.0921875
0 0.18984375 0.2609375 0.3796875 0.0859375
0 0.9484375 0.2609375 0.103125 0.084375
0 0.6421875 0.3328125 0.471875 0.0921875
0 0.19140625 0.33984375 0.3796875 0.0921875
0 0.946875 0.34609375 0.10625 0.0765625
0 0.63671875 0.43125 0.4734375 0.0859375
0 0.18984375 0.4328125 0.378125 0.09375
0 0.94296875 0.44140625 0.1140625 0.0828125
0 0.63203125 0.5203125 0.4828125 0.0921875
0 0.18984375 0.521875 0.3796875 0.096875
0 0.946875 0.5359375 0.10625 0.0859375
0 0.6296875 0.61796875 0.48125 0.090625
0 0.1875 0.6203125 0.375 0.0859375
0 0.9421875 0.6265625 0.115625 0.0828125
0 0.64765625 0.06875 0.4703125 0.0875
0 0.95390625 0.0703125 0.0921875 0.08125
0 0.18515625 0.70546875 0.3703125 0.096875
0 0.6234375 0.71484375 0.4859375 0.0921875
0 0.940625 0.734375 0.11875 0.084375
0 0.1828125 0.7984375 0.365625 0.096875
0 0.6203125 0.80546875 0.4890625 0.10625
0 0.93984375 0.83203125 0.1203125 0.0875