0 0.16484375 0.1140625 0.21875 0.053125
0 0.38828125 0.1140625 0.2109375 0.04375
0 0.853125 0.1546875 0.2125 0.04375
0 0.390625 0.1546875 0.2125 0.04375
0 0.16484375 0.15625 0.221875 0.0484375
0 0.62265625 0.15625 0.2078125 0.04375
0 0.8546875 0.1921875 0.2109375 0.0375
0 0.165625 0.1984375 0.2171875 0.04375
0 0.625 0.1984375 0.2125 0.04375
0 0.39453125 0.203125 0.2078125 0.04375
0 0.8578125 0.228125 0.2125 0.040625
0 0.625 0.23671875 0.2125 0.034375
0 0.16796875 0.2390625 0.21875 0.04375
0 0.396875 0.24765625 0.2125 0.04375
0 0.859375 0.265625 0.2125 0.0359375
0 0.62734375 0.27265625 0.2125 0.0390625
0 0.1671875 0.2796875 0.2171875 0.040625
0 0.39921875 0.2953125 0.2140625 0.053125
0 0.859375 0.3109375 0.2125 0.04375
0 0.62890625 0.3171875 0.2078125 0.04375
0 0.16796875 0.321875 0.2140625 0.04375
0 0.39765625 0.33984375 0.2140625 0.0359375
0 0.86171875 0.35078125 0.2171875 0.0390625
0 0.62890625 0.359375 0.2125 0.04375
0 0.16796875 0.3640625 0.2140625 0.0453125
0 0.39765625 0.37890625 0.2125 0.0359375
0 0.86171875 0.3890625 0.2171875 0.040625
0 0.6296875 0.40390625 0.2109375 0.04375
0 0.16796875 0.4078125 0.2171875 0.04375
0 0.4 0.41953125 0.2171875 0.04375
0 0.8640625 0.43046875 0.2171875 0.0390625
0 0.63203125 0.44375 0.209375 0.0390625
0 0.1671875 0.4515625 0.2171875 0.04375
0 0.39921875 0.45546875 0.2171875 0.040625
0 0.86171875 0.47265625 0.2125 0.040625
0 0.63359375 0.48828125 0.209375 0.04375
0 0.165625 0.49375 0.2140625 0.040625
0 0.39921875 0.49375 0.2171875 0.0390625
0 0.8609375 0.51171875 0.2125 0.034375
0 0.634375 0.52734375 0.2078125 0.040625
0 0.396875 0.5328125 0.215625 0.040625
0 0.1703125 0.5359375 0.2171875 0.04375
0 0.86796875 0.5515625 0.2125 0.040625
0 0.6359375 0.5734375 0.2109375 0.04375
0 0.39765625 0.5796875 0.2125 0.0484375
0 0.16953125 0.58203125 0.2171875 0.04375
0 0.8703125 0.59609375 0.215625 0.0359375
0 0.63671875 0.61796875 0.2125 0.0484375
0 0.39921875 0.62265625 0.2125 0.04375
0 0.16796875 0.6265625 0.2171875 0.04375
0 0.86640625 0.634375 0.215625 0.034375
0 0.63828125 0.6578125 0.2140625 0.04375
0 0.4 0.66796875 0.2109375 0.0515625
0 0.1671875 0.66796875 0.21875 0.04375
0 0.86875 0.67421875 0.215625 0.0359375
0 0.16015625 0.06953125 0.21875 0.04375
0 0.6390625 0.7046875 0.2125 0.0484375
0 0.4015625 0.71015625 0.2125 0.053125
0 0.165625 0.71171875 0.221875 0.04375
0 0.8703125 0.7140625 0.209375 0.0390625
0 0.64296875 0.74609375 0.2125 0.0484375
0 0.40390625 0.75 0.2109375 0.0484375
0 0.86875 0.7515625 0.2125 0.0359375
0 0.38671875 0.07578125 0.2125 0.04375
0 0.16796875 0.75625 0.2171875 0.0453125
0 0.64453125 0.78828125 0.2125 0.04375
0 0.875 0.79453125 0.2125 0.0453125
0 0.165625 0.80078125 0.2171875 0.04375
0 0.40390625 0.80078125 0.2109375 0.0453125
0 0.6453125 0.834375 0.2109375 0.0484375
0 0.87265625 0.83671875 0.215625 0.0359375
0 0.40234375 0.8421875 0.2140625 0.0390625
0 0.1671875 0.84609375 0.221875 0.04375