0 0.75859375 0.1046875 0.2390625 0.04375
0 0.0421875 0.12890625 0.084375 0.0484375
0 0.24765625 0.1296875 0.23125 0.040625
0 0.946875 0.13359375 0.10625 0.04375
0 0.490625 0.01328125 0.240625 0.0265625
0 0.7546875 0.15 0.240625 0.0390625
0 0.490625 0.15234375 0.2390625 0.053125
0 0.75390625 0.015625 0.2359375 0.0296875
0 0.0421875 0.16796875 0.0828125 0.053125
0 0.24375 0.1734375 0.2359375 0.0515625
0 0.9484375 0.18046875 0.103125 0.04375
0 0.75703125 0.19453125 0.2453125 0.04375
0 0.49140625 0.2015625 0.2390625 0.0453125
0 0.04296875 0.2203125 0.0859375 0.053125
0 0.24609375 0.225 0.2359375 0.0515625
0 0.95078125 0.2296875 0.0984375 0.04375
0 0.75234375 0.25 0.2453125 0.04375
0 0.490625 0.25 0.240625 0.04375
0 0.24140625 0.2703125 0.2453125 0.053125
0 0.03984375 0.2703125 0.0796875 0.0515625
0 0.9515625 0.27734375 0.096875 0.04375
0 0.4890625 0.30078125 0.2390625 0.0453125
0 0.75390625 0.303125 0.240625 0.04375
0 0.24140625 0.32109375 0.25 0.053125
0 0.953125 0.32421875 0.09375 0.053125
0 0.03828125 0.32421875 0.0765625 0.053125
0 0.4953125 0.34765625 0.24375 0.0484375
0 0.7546875 0.35234375 0.2484375 0.0484375
0 0.0515625 0.0359375 0.1015625 0.053125
0 0.95078125 0.03515625 0.0984375 0.0453125
0 0.24375 0.3734375 0.25 0.0484375
0 0.953125 0.37734375 0.0921875 0.04375
0 0.03984375 0.3796875 0.0765625 0.053125
0 0.2546875 0.03828125 0.228125 0.0515625
0 0.4953125 0.3953125 0.24375 0.0515625
0 0.771875 0.40234375 0.2546875 0.053125
0 0.2359375 0.42421875 0.25 0.053125
0 0.9578125 0.42578125 0.084375 0.04375
0 0.046875 0.4328125 0.09375 0.0484375
0 0.48828125 0.4484375 0.2453125 0.053125
0 0.7609375 0.4546875 0.2546875 0.04375
0 0.96171875 0.47578125 0.0765625 0.0484375
0 0.2296875 0.47734375 0.25 0.0515625
0 0.0421875 0.484375 0.084375 0.053125
0 0.48203125 0.49609375 0.2453125 0.053125
0 0.75859375 0.5046875 0.25 0.0453125
0 0.23046875 0.52734375 0.25 0.053125
0 0.96171875 0.5296875 0.0765625 0.04375
0 0.49140625 0.053125 0.240625 0.0515625
0 0.03828125 0.53828125 0.0765625 0.053125
0 0.7546875 0.05390625 0.240625 0.053125
0 0.484375 0.5484375 0.2453125 0.053125
0 0.75859375 0.55625 0.25 0.0484375
0 0.96171875 0.58046875 0.0765625 0.04375
0 0.2203125 0.5828125 0.2546875 0.053125
0 0.03984375 0.5921875 0.0765625 0.053125
0 0.490625 0.5984375 0.2453125 0.053125
0 0.76171875 0.60703125 0.2453125 0.04375
0 0.96171875 0.63203125 0.0765625 0.0484375
0 0.22734375 0.63828125 0.2484375 0.053125
0 0.03984375 0.64765625 0.0765625 0.053125
0 0.4890625 0.65 0.25 0.0578125
0 0.7640625 0.65859375 0.25 0.0484375
0 0.95625 0.68671875 0.0875 0.0484375
0 0.2171875 0.6921875 0.25 0.053125
0 0.03984375 0.7015625 0.0765625 0.053125
0 0.48671875 0.7046875 0.25 0.0578125
0 0.765625 0.709375 0.24375 0.040625
0 0.95546875 0.740625 0.0890625 0.0484375
0 0.2125 0.74765625 0.25 0.053125
0 0.0375 0.75859375 0.071875 0.0578125
0 0.76796875 0.7609375 0.24375 0.0484375
0 0.48046875 0.76171875 0.2546875 0.0609375
0 0.0453125 0.0796875 0.090625 0.053125
0 0.95546875 0.79921875 0.0890625 0.0515625
0 0.21640625 0.80546875 0.2625 0.053125
0 0.0359375 0.8125 0.071875 0.0578125
0 0.7671875 0.8140625 0.25 0.0453125
0 0.48828125 0.81484375 0.25 0.053125
0 0.2484375 0.084375 0.23125 0.0484375
0 0.95390625 0.85234375 0.0921875 0.0484375
0 0.95078125 0.08515625 0.096875 0.04375
0 0.21484375 0.865625 0.2640625 0.053125
0 0.5015625 0.86640625 0.2546875 0.053125
0 0.76796875 0.8734375 0.2546875 0.0484375
0 0.0375 0.875 0.075 0.0484375
0 0.49375 0.103125 0.240625 0.053125