0 0.48203125 0.12265625 0.3265625 0.0578125
0 0.8296875 0.12890625 0.3375 0.05625
0 0.146875 0.1453125 0.29375 0.05625
0 0.48203125 0.17890625 0.321875 0.0515625
0 0.82890625 0.1828125 0.3421875 0.053125
0 0.4671875 0.01953125 0.34375 0.0390625
0 0.14921875 0.19921875 0.2984375 0.0578125
0 0.83125 0.02421875 0.3375 0.0453125
0 0.484375 0.2359375 0.3171875 0.05625
0 0.8296875 0.23671875 0.3390625 0.053125
0 0.15390625 0.24765625 0.3078125 0.0453125
0 0.484375 0.2875 0.3171875 0.0453125
0 0.83046875 0.28984375 0.334375 0.0515625
0 0.15234375 0.30234375 0.3046875 0.0546875
0 0.83125 0.34453125 0.3375 0.0578125
0 0.484375 0.3453125 0.3171875 0.0609375
0 0.1546875 0.3546875 0.30625 0.0515625
0 0.14765625 0.0375 0.2953125 0.0609375
0 0.83359375 0.396875 0.3328125 0.053125
0 0.48203125 0.4015625 0.3140625 0.053125
0 0.15234375 0.40859375 0.3046875 0.0578125
0 0.48046875 0.45078125 0.3203125 0.0515625
0 0.8265625 0.45546875 0.346875 0.065625
0 0.1515625 0.459375 0.303125 0.05625
0 0.4890625 0.50234375 0.3171875 0.0515625
0 0.8296875 0.5109375 0.3390625 0.053125
0 0.1515625 0.5109375 0.303125 0.0515625
0 0.4890625 0.55625 0.3171875 0.05625
0 0.8328125 0.5625 0.3328125 0.05625
0 0.15625 0.56484375 0.3125 0.05625
0 0.4953125 0.61328125 0.321875 0.0515625
0 0.83046875 0.61640625 0.3328125 0.0515625
0 0.1546875 0.615625 0.309375 0.05625
0 0.4953125 0.66328125 0.3171875 0.053125
0 0.47578125 0.06640625 0.334375 0.05625
0 0.1546875 0.6671875 0.309375 0.053125
0 0.8390625 0.6703125 0.3171875 0.05625
0 0.50625 0.71875 0.321875 0.0625
0 0.15625 0.72109375 0.3125 0.0453125
0 0.84140625 0.725 0.3171875 0.05625
0 0.83515625 0.0734375 0.3265625 0.05625
0 0.1578125 0.77421875 0.3140625 0.05625
0 0.50859375 0.775 0.3265625 0.0515625
0 0.84375 0.7765625 0.3109375 0.0515625
0 0.1609375 0.8234375 0.321875 0.0453125
0 0.5046875 0.828125 0.321875 0.0578125
0 0.846875 0.82734375 0.30625 0.0546875
0 0.1625 0.8734375 0.321875 0.05625
0 0.50859375 0.8796875 0.325 0.0484375
0 0.84609375 0.884375 0.3015625 0.05625
0 0.1515625 0.0921875 0.303125 0.05625