0 0.2765625 0.77265625 0.3265625 0.04375
0 0.609375 0.77421875 0.325 0.0453125
0 0.6109375 0.81484375 0.321875 0.040625
0 0.27734375 0.81640625 0.321875 0.04375
0 0.2796875 0.859375 0.3265625 0.04375
0 0.61640625 0.859375 0.3203125 0.0484375
0 0.61640625 0.9015625 0.321875 0.0484375
0 0.27734375 0.90390625 0.325 0.0453125
0 0.24296875 0.09375 0.3171875 0.04375
0 0.61640625 0.94609375 0.321875 0.04375
0 0.2796875 0.946875 0.3265625 0.04375
0 0.59609375 0.09765625 0.3125 0.0390625
0 0.61796875 0.98203125 0.3265625 0.034375
0 0.26953125 0.984375 0.3328125 0.03125
0 0.24375 0.134375 0.3171875 0.0390625
0 0.58515625 0.1390625 0.3078125 0.04375
0 0.2453125 0.0171875 0.321875 0.034375
0 0.59609375 0.0171875 0.3125 0.034375
0 0.2453125 0.17421875 0.3171875 0.0390625
0 0.5921875 0.18046875 0.3078125 0.0375
0 0.24609375 0.21640625 0.3171875 0.0390625
0 0.59375 0.2234375 0.3125 0.04375
0 0.25 0.25859375 0.3203125 0.0359375
0 0.5984375 0.265625 0.315625 0.04375
0 0.2515625 0.30078125 0.321875 0.04375
0 0.60234375 0.3078125 0.3125 0.04375
0 0.2609375 0.3453125 0.3171875 0.04375
0 0.60078125 0.3484375 0.315625 0.0390625
0 0.25234375 0.38671875 0.3171875 0.040625
0 0.60546875 0.3890625 0.3171875 0.0390625
0 0.609375 0.42890625 0.3171875 0.04375
0 0.25703125 0.43046875 0.3203125 0.040625
0 0.615625 0.4703125 0.3203125 0.04375
0 0.25234375 0.4734375 0.321875 0.04375
0 0.61640625 0.5140625 0.3203125 0.04375
0 0.24609375 0.0515625 0.3171875 0.0453125
0 0.26171875 0.515625 0.3265625 0.04375
0 0.61640625 0.55625 0.3203125 0.04375
0 0.26953125 0.55859375 0.321875 0.04375
0 0.59765625 0.05625 0.3078125 0.04375
0 0.61640625 0.6 0.3171875 0.04375
0 0.2703125 0.60078125 0.321875 0.04375
0 0.61640625 0.64296875 0.321875 0.0453125
0 0.26953125 0.64453125 0.3265625 0.04375
0 0.26953125 0.68359375 0.3265625 0.0484375
0 0.61171875 0.6875 0.321875 0.04375
0 0.2703125 0.7296875 0.3265625 0.0453125
0 0.6140625 0.7296875 0.3171875 0.04375