0 0.13671875 0.10546875 0.2015625 0.04375
0 0.59765625 0.13125 0.2015625 0.04375
0 0.353125 0.13359375 0.2046875 0.04375
0 0.14453125 0.14765625 0.196875 0.0375
0 0.6078125 0.17578125 0.2046875 0.0453125
0 0.3546875 0.17890625 0.2046875 0.0453125
0 0.13203125 0.18984375 0.2 0.04375
0 0.58984375 0.2203125 0.2046875 0.04375
0 0.36875 0.2234375 0.2046875 0.04375
0 0.134375 0.23046875 0.196875 0.0359375
0 0.88125 0.26171875 0.2140625 0.0453125
0 0.6109375 0.26328125 0.2046875 0.0453125
0 0.3640625 0.2671875 0.2015625 0.040625
0 0.1359375 0.271875 0.196875 0.040625
0 0.60546875 0.30625 0.2046875 0.04375
0 0.8640625 0.3078125 0.2125 0.0484375
0 0.3703125 0.31015625 0.2015625 0.04375
0 0.14453125 0.3140625 0.2 0.04375
0 0.6046875 0.35 0.2046875 0.0453125
0 0.86171875 0.35234375 0.2140625 0.0453125
0 0.37265625 0.353125 0.2046875 0.04375
0 0.134375 0.3546875 0.196875 0.0453125
0 0.60703125 0.3953125 0.2046875 0.0453125
0 0.35703125 0.396875 0.2046875 0.04375
0 0.8796875 0.39765625 0.2125 0.0453125
0 0.13359375 0.39765625 0.196875 0.04375
0 0.615625 0.43515625 0.2046875 0.04375
0 0.1296875 0.43984375 0.2 0.04375
0 0.365625 0.43984375 0.2046875 0.04375
0 0.88203125 0.4421875 0.2140625 0.0484375
0 0.6 0.4796875 0.2046875 0.04375
0 0.125 0.4796875 0.2 0.04375
0 0.3765625 0.4828125 0.2078125 0.0453125
0 0.8734375 0.484375 0.2125 0.04375
0 0.1265625 0.5203125 0.2 0.04375
0 0.5984375 0.52265625 0.2046875 0.04375
0 0.3609375 0.5265625 0.2078125 0.04375
0 0.8734375 0.52734375 0.2125 0.0515625
0 0.1234375 0.5625 0.2 0.04375
0 0.5765625 0.56484375 0.2 0.0484375
0 0.36640625 0.57109375 0.2015625 0.04375
0 0.8890625 0.57421875 0.2125 0.0484375
0 0.11171875 0.6046875 0.196875 0.04375
0 0.58671875 0.609375 0.2046875 0.04375
0 0.35546875 0.615625 0.2078125 0.04375
0 0.87265625 0.61796875 0.209375 0.0484375
0 0.13671875 0.0625 0.2015625 0.04375
0 0.1203125 0.64921875 0.196875 0.04375
0 0.603125 0.65390625 0.2015625 0.0453125
0 0.85234375 0.65625 0.2140625 0.04375
0 0.37265625 0.65859375 0.2046875 0.04375
0 0.1203125 0.68984375 0.2 0.04375
0 0.625 0.69453125 0.2 0.04375
0 0.3890625 0.7015625 0.2078125 0.04375
0 0.85546875 0.7015625 0.2125 0.0515625
0 0.11875 0.7328125 0.196875 0.04375
0 0.603125 0.740625 0.2046875 0.04375
0 0.3765625 0.74375 0.2046875 0.04375
0 0.84609375 0.7453125 0.2078125 0.04375
0 0.11328125 0.7765625 0.1953125 0.04375
0 0.37109375 0.7828125 0.21875 0.0390625
0 0.61796875 0.7875 0.2078125 0.04375
0 0.86171875 0.78984375 0.2125 0.0484375
0 0.1140625 0.8171875 0.196875 0.04375
0 0.35234375 0.82578125 0.2046875 0.0453125
0 0.86328125 0.8328125 0.209375 0.0453125
0 0.61328125 0.8328125 0.2078125 0.04375