0 0.26171875 0.10078125 0.23125 0.0296875
0 0.94609375 0.109375 0.1078125 0.0296875
0 0.51171875 0.1203125 0.23125 0.034375
0 0.26171875 0.1296875 0.23125 0.025
0 0.0734375 0.1359375 0.146875 0.0296875
0 0.94375 0.1390625 0.1109375 0.0296875
0 0.5109375 0.146875 0.2296875 0.0328125
0 0.7484375 0.14765625 0.2359375 0.0296875
0 0.26171875 0.15625 0.23125 0.0296875
0 0.0734375 0.16328125 0.1453125 0.0296875
0 0.946875 0.16953125 0.10625 0.03125
0 0.7515625 0.178125 0.23125 0.0296875
0 0.51328125 0.178125 0.23125 0.0296875
0 0.26796875 0.1859375 0.2265625 0.0265625
0 0.07421875 0.190625 0.1484375 0.028125
0 0.9421875 0.20078125 0.115625 0.03125
0 0.75234375 0.20703125 0.23125 0.0296875
0 0.5171875 0.2078125 0.228125 0.0296875
0 0.2671875 0.2140625 0.23125 0.0296875
0 0.07578125 0.2203125 0.15 0.0296875
0 0.94296875 0.23125 0.1140625 0.028125
0 0.5171875 0.2359375 0.228125 0.0296875
0 0.75 0.23671875 0.23125 0.0296875
0 0.26953125 0.24296875 0.2265625 0.025
0 0.07578125 0.24609375 0.1515625 0.025
0 0.940625 0.2609375 0.11875 0.028125
0 0.75 0.2640625 0.23125 0.0296875
0 0.51796875 0.265625 0.2265625 0.0296875
0 0.2703125 0.2703125 0.2265625 0.0296875
0 0.07578125 0.27265625 0.1515625 0.0265625
0 0.940625 0.28984375 0.11875 0.0296875
0 0.75234375 0.29296875 0.23125 0.0296875
0 0.5140625 0.2953125 0.23125 0.0296875
0 0.2703125 0.2984375 0.2265625 0.0265625
0 0.0765625 0.30078125 0.153125 0.0296875
0 0.9421875 0.32109375 0.115625 0.0296875
0 0.74765625 0.3234375 0.23125 0.0296875
0 0.5171875 0.3234375 0.2265625 0.0296875
0 0.26953125 0.3265625 0.2265625 0.0265625
0 0.0765625 0.3296875 0.153125 0.028125
0 0.94296875 0.34921875 0.1140625 0.0296875
0 0.5171875 0.35078125 0.2265625 0.0296875
0 0.7484375 0.35234375 0.23125 0.0296875
0 0.27421875 0.3546875 0.2265625 0.0296875
0 0.078125 0.3578125 0.1546875 0.0234375
0 0.9421875 0.37890625 0.115625 0.0296875
0 0.51953125 0.3796875 0.2265625 0.0234375
0 0.7546875 0.3796875 0.23125 0.0296875
0 0.27265625 0.38359375 0.225 0.0265625
0 0.0765625 0.3859375 0.153125 0.028125
0 0.94921875 0.4078125 0.1015625 0.0296875
0 0.759375 0.40859375 0.23125 0.0265625
0 0.525 0.40859375 0.23125 0.0296875
0 0.2765625 0.4109375 0.225 0.0234375
0 0.0796875 0.41484375 0.159375 0.0296875
0 0.95078125 0.4359375 0.0984375 0.0296875
0 0.76171875 0.4375 0.2359375 0.0296875
0 0.525 0.4375 0.2265625 0.0265625
0 0.2765625 0.4390625 0.225 0.0296875
0 0.0796875 0.4421875 0.159375 0.0265625
0 0.5265625 0.46484375 0.2265625 0.0296875
0 0.76171875 0.46640625 0.23125 0.0296875
0 0.27734375 0.46640625 0.2265625 0.025
0 0.9515625 0.46640625 0.096875 0.0296875
0 0.078125 0.47109375 0.15625 0.0296875
0 0.52734375 0.49140625 0.2234375 0.025
0 0.2796875 0.49296875 0.2265625 0.0265625
0 0.76328125 0.49375 0.23125 0.025
0 0.9515625 0.49609375 0.096875 0.0296875
0 0.0796875 0.49765625 0.15625 0.0265625
0 0.52890625 0.51953125 0.2265625 0.0296875
0 0.7640625 0.5203125 0.2328125 0.028125
0 0.27890625 0.5203125 0.2265625 0.0234375
0 0.95078125 0.52421875 0.0984375 0.0234375
0 0.078125 0.525 0.15625 0.0265625
0 0.5296875 0.546875 0.2234375 0.03125
0 0.2765625 0.54921875 0.225 0.0265625
0 0.7640625 0.55078125 0.23125 0.0296875
0 0.94921875 0.5515625 0.1015625 0.0265625
0 0.0765625 0.55234375 0.153125 0.0296875
0 0.53125 0.57578125 0.2265625 0.03125
0 0.27734375 0.5765625 0.2265625 0.0265625
0 0.76328125 0.5765625 0.23125 0.025
0 0.94921875 0.58203125 0.1015625 0.0296875
0 0.078125 0.584375 0.1546875 0.028125
0 0.27890625 0.603125 0.2265625 0.028125
0 0.5296875 0.603125 0.2234375 0.028125
0 0.76171875 0.6046875 0.2265625 0.028125
0 0.078125 0.609375 0.15625 0.0265625
0 0.9484375 0.609375 0.103125 0.03125
0 0.53359375 0.6296875 0.221875 0.034375
0 0.27421875 0.63359375 0.2265625 0.0265625
0 0.76796875 0.634375 0.23125 0.028125
0 0.24375 0.0640625 0.240625 0.028125
0 0.078125 0.63671875 0.15625 0.0296875
0 0.95078125 0.63671875 0.0984375 0.0296875
0 0.53359375 0.6578125 0.2265625 0.028125
0 0.28125 0.66015625 0.2265625 0.0296875
0 0.7703125 0.6625 0.23125 0.028125
0 0.08046875 0.665625 0.1609375 0.028125
0 0.9484375 0.66953125 0.103125 0.028125