0 0.1296875 0.09609375 0.259375 0.0609375
0 0.69140625 0.109375 0.2796875 0.053125
0 0.9171875 0.11171875 0.165625 0.0484375
0 0.4046875 0.115625 0.2859375 0.065625
0 0.13125 0.146875 0.2625 0.0625
0 0.9171875 0.1546875 0.165625 0.0453125
0 0.6921875 0.1578125 0.284375 0.05625
0 0.4046875 0.16328125 0.2859375 0.0609375
0 0.69140625 0.01953125 0.2796875 0.0390625
0 0.1296875 0.19453125 0.259375 0.065625
0 0.9171875 0.2046875 0.165625 0.0484375
0 0.69375 0.20546875 0.284375 0.053125
0 0.40234375 0.21171875 0.2859375 0.0609375
0 0.9171875 0.021875 0.165625 0.0390625
0 0.4046875 0.02421875 0.2859375 0.0484375
0 0.13125 0.2453125 0.2625 0.0625
0 0.6921875 0.25390625 0.284375 0.053125
0 0.9171875 0.25390625 0.165625 0.0484375
0 0.40390625 0.25625 0.2828125 0.0484375
0 0.9171875 0.290625 0.165625 0.0296875
0 0.44609375 0.30078125 0.30625 0.0671875
0 0.14453125 0.35234375 0.2890625 0.053125
0 0.44453125 0.3578125 0.30625 0.0703125
0 0.7546875 0.38125 0.3078125 0.0578125
0 0.1453125 0.4078125 0.290625 0.0515625
0 0.44453125 0.4125 0.3078125 0.0671875
0 0.7546875 0.43359375 0.3078125 0.0578125
0 0.1421875 0.459375 0.2828125 0.053125
0 0.44140625 0.46875 0.3109375 0.065625
0 0.13125 0.0484375 0.2625 0.0671875
0 0.7546875 0.4859375 0.30625 0.0578125
0 0.14453125 0.515625 0.2859375 0.0515625
0 0.4421875 0.521875 0.3109375 0.0625
0 0.7546875 0.53828125 0.30625 0.0546875
0 0.14453125 0.571875 0.2890625 0.05625
0 0.4421875 0.57578125 0.3109375 0.065625
0 0.7546875 0.5921875 0.3109375 0.0578125
0 0.69140625 0.0609375 0.284375 0.053125
0 0.1421875 0.6265625 0.2828125 0.0515625
0 0.4421875 0.63203125 0.3109375 0.0625
0 0.7546875 0.64296875 0.3078125 0.059375
0 0.915625 0.06484375 0.16875 0.0484375
0 0.40625 0.06640625 0.2859375 0.0671875
0 0.1421875 0.68046875 0.28125 0.0578125
0 0.44453125 0.68515625 0.315625 0.059375
0 0.75859375 0.696875 0.3109375 0.059375
0 0.14296875 0.7390625 0.284375 0.059375
0 0.44453125 0.7390625 0.315625 0.065625
0 0.7609375 0.75 0.3078125 0.0609375
0 0.44609375 0.7921875 0.3109375 0.0625
0 0.1421875 0.7921875 0.2828125 0.0546875
0 0.76171875 0.803125 0.3078125 0.0609375
0 0.44375 0.84609375 0.3140625 0.0609375
0 0.1421875 0.85234375 0.28125 0.0625
0 0.7640625 0.859375 0.3078125 0.0625