0 0.1875 0.20859375 0.1921875 0.0625
0 0.18515625 0.259375 0.1828125 0.05625
0 0.1890625 0.30703125 0.1859375 0.046875
0 0.18828125 0.3640625 0.1890625 0.053125
0 0.18828125 0.421875 0.1859375 0.059375
0 0.1046875 0.47734375 0.0125 0.021875
0 0.196875 0.515625 0.184375 0.0515625
0 0.1890625 0.56796875 0.184375 0.05
0 0.2046875 0.61953125 0.184375 0.059375
0 0.203125 0.671875 0.175 0.0546875
0 0.396875 0.66953125 0.1953125 0.0578125
0 0.39609375 0.6125 0.1953125 0.053125
0 0.3875 0.55859375 0.19375 0.0453125
0 0.3953125 0.5015625 0.19375 0.0484375
0 0.4046875 0.44921875 0.171875 0.053125
0 0.3859375 0.18984375 0.2 0.0609375
0 0.390625 0.24921875 0.203125 0.0546875
0 0.6015625 0.203125 0.203125 0.0484375
0 0.60703125 0.25625 0.2078125 0.0546875
0 0.60390625 0.30703125 0.2046875 0.05625
0 0.60390625 0.36171875 0.1984375 0.0515625
0 0.59609375 0.52109375 0.2 0.0515625
0 0.6 0.571875 0.196875 0.053125
0 0.5984375 0.6296875 0.2015625 0.046875
0 0.6 0.6828125 0.2046875 0.0515625
0 0.81640625 0.18984375 0.221875 0.0640625
0 0.82890625 0.246875 0.225 0.05625
0 0.81875 0.30546875 0.225 0.0546875
0 0.815625 0.3578125 0.21875 0.0625
0 0.8203125 0.46484375 0.2171875 0.065625
0 0.8140625 0.5296875 0.215625 0.059375
0 0.8140625 0.6328125 0.21875 0.053125