0 0.5203125 0.33671875 0.10625 0.0296875
0 0.5203125 0.36796875 0.1015625 0.0234375
0 0.23671875 0.38828125 0.090625 0.0296875
0 0.5265625 0.39453125 0.10625 0.0296875
0 0.759375 0.4046875 0.1390625 0.034375
0 0.2453125 0.41484375 0.0921875 0.0296875
0 0.525 0.41796875 0.10625 0.0296875
0 0.78828125 0.43046875 0.1078125 0.0296875
0 0.41015625 0.4359375 0.1015625 0.034375
0 0.08203125 0.44140625 0.10625 0.0296875
0 0.2453125 0.446875 0.1140625 0.0296875
0 0.52734375 0.446875 0.10625 0.0296875
0 0.7703125 0.459375 0.1390625 0.021875
0 0.525 0.47265625 0.1015625 0.0296875
0 0.084375 0.47578125 0.1109375 0.0296875
0 0.76953125 0.48828125 0.134375 0.0296875
0 0.23671875 0.49375 0.1140625 0.025
0 0.5265625 0.5015625 0.1015625 0.021875
0 0.08203125 0.50703125 0.10625 0.0234375
0 0.4015625 0.51171875 0.084375 0.0296875
0 0.76796875 0.51953125 0.1390625 0.025
0 0.23671875 0.521875 0.1109375 0.025
0 0.52890625 0.525 0.10625 0.021875
0 0.08046875 0.53125 0.1109375 0.0265625
0 0.3953125 0.540625 0.1015625 0.025
0 0.23828125 0.55078125 0.103125 0.025
0 0.7671875 0.553125 0.134375 0.028125
0 0.52734375 0.553125 0.0984375 0.025
0 0.078125 0.55390625 0.115625 0.0234375
0 0.390625 0.56640625 0.1140625 0.0296875
0 0.07578125 0.5796875 0.10625 0.025
0 0.5265625 0.5796875 0.10625 0.025
0 0.24140625 0.58203125 0.10625 0.025
0 0.7640625 0.58203125 0.1390625 0.0296875
0 0.38671875 0.5984375 0.096875 0.0234375
0 0.525 0.60546875 0.1015625 0.025
0 0.0765625 0.60703125 0.115625 0.0265625
0 0.240625 0.6078125 0.10625 0.025
0 0.77421875 0.609375 0.134375 0.021875
0 0.39296875 0.62265625 0.1109375 0.0203125
0 0.771875 0.6359375 0.1375 0.0234375
0 0.52734375 0.63671875 0.10625 0.025
0 0.0765625 0.6390625 0.115625 0.028125
0 0.24296875 0.6390625 0.10625 0.025
0 0.38671875 0.64921875 0.0984375 0.0234375
0 0.52421875 0.66484375 0.0984375 0.0234375
0 0.76953125 0.6671875 0.1296875 0.028125
0 0.24609375 0.6703125 0.1015625 0.028125
0 0.0765625 0.6703125 0.1109375 0.028125
0 0.38203125 0.6765625 0.103125 0.0234375
0 0.521875 0.69375 0.10625 0.025
0 0.76796875 0.696875 0.15 0.028125
0 0.24296875 0.69921875 0.1078125 0.025
0 0.38359375 0.70078125 0.10625 0.021875
0 0.07578125 0.7015625 0.10625 0.025
0 0.521875 0.7234375 0.10625 0.0234375
0 0.38828125 0.7234375 0.10625 0.0234375
0 0.240625 0.72578125 0.115625 0.0265625
0 0.071875 0.72734375 0.1203125 0.0234375
0 0.7640625 0.72734375 0.1515625 0.0234375