0 0.7515625 0.1046875 0.125 0.025
0 0.24609375 0.12109375 0.1234375 0.025
0 0.5 0.125 0.1234375 0.021875
0 0.37734375 0.125 0.1234375 0.0265625
0 0.625 0.125 0.1234375 0.021875
0 0.7484375 0.12734375 0.1234375 0.025
0 0.24609375 0.14453125 0.1234375 0.0265625
0 0.3765625 0.146875 0.1234375 0.0203125
0 0.5 0.14765625 0.1234375 0.025
0 0.625 0.14765625 0.1234375 0.0203125
0 0.75 0.15 0.1234375 0.021875
0 0.24375 0.16796875 0.1234375 0.0265625
0 0.6234375 0.171875 0.121875 0.025
0 0.3765625 0.171875 0.1234375 0.021875
0 0.4984375 0.171875 0.121875 0.021875
0 0.75 0.17421875 0.125 0.025
0 0.24375 0.1921875 0.1234375 0.0265625
0 0.5015625 0.19375 0.1234375 0.021875
0 0.3765625 0.19453125 0.1234375 0.025
0 0.6234375 0.19453125 0.121875 0.021875
0 0.7515625 0.196875 0.125 0.025
0 0.2453125 0.21640625 0.125 0.025
0 0.5015625 0.21640625 0.1234375 0.025
0 0.6234375 0.2171875 0.121875 0.021875
0 0.7515625 0.2203125 0.125 0.025
0 0.37734375 0.2203125 0.1234375 0.0265625
0 0.24375 0.23828125 0.1234375 0.021875
0 0.4984375 0.2390625 0.121875 0.025
0 0.375 0.24140625 0.1234375 0.021875
0 0.625 0.24140625 0.1234375 0.021875
0 0.75 0.24375 0.125 0.0265625
0 0.2453125 0.26171875 0.125 0.025
0 0.5 0.26171875 0.1234375 0.021875
0 0.3765625 0.2640625 0.1234375 0.0234375
0 0.6234375 0.2640625 0.121875 0.0234375
0 0.7515625 0.265625 0.121875 0.025
0 0.24375 0.28515625 0.1234375 0.025
0 0.5015625 0.28515625 0.1234375 0.025
0 0.3765625 0.2859375 0.1234375 0.021875
0 0.6234375 0.28828125 0.1203125 0.021875
0 0.75 0.28828125 0.1234375 0.0265625
0 0.24296875 0.3078125 0.1234375 0.0234375
0 0.5 0.3078125 0.1234375 0.0234375
0 0.3765625 0.30859375 0.1234375 0.021875
0 0.6234375 0.31015625 0.121875 0.021875
0 0.7515625 0.3125 0.121875 0.025
0 0.3734375 0.33203125 0.1234375 0.021875
0 0.5 0.33203125 0.125 0.0265625
0 0.24375 0.33203125 0.1234375 0.021875
0 0.625 0.3328125 0.1234375 0.021875
0 0.7515625 0.33515625 0.121875 0.021875
0 0.24140625 0.353125 0.1234375 0.0234375
0 0.5 0.35546875 0.1234375 0.025
0 0.6265625 0.35546875 0.121875 0.021875
0 0.3734375 0.35546875 0.1234375 0.0296875
0 0.7515625 0.3578125 0.125 0.0234375
0 0.24296875 0.3734375 0.125 0.0171875
0 0.5 0.37734375 0.1234375 0.0265625
0 0.625 0.3796875 0.1234375 0.0234375
0 0.7515625 0.38125 0.125 0.0234375
0 0.3609375 0.384375 0.1375 0.0265625
0 0.2234375 0.39296875 0.134375 0.0296875
0 0.5 0.4 0.1234375 0.0234375
0 0.625 0.40390625 0.125 0.021875
0 0.7515625 0.4046875 0.125 0.0265625
0 0.3609375 0.4109375 0.1390625 0.0234375
0 0.2234375 0.41953125 0.1375 0.0296875
0 0.4984375 0.42421875 0.121875 0.025
0 0.6234375 0.4265625 0.121875 0.021875
0 0.7515625 0.428125 0.125 0.0265625
0 0.3609375 0.4359375 0.1375 0.0265625
0 0.22265625 0.44453125 0.1375 0.0265625
0 0.4984375 0.4484375 0.125 0.021875
0 0.6234375 0.45078125 0.121875 0.025
0 0.7515625 0.4515625 0.128125 0.025
0 0.3609375 0.4640625 0.134375 0.0265625
0 0.22265625 0.47265625 0.1375 0.0296875
0 0.49609375 0.47265625 0.1234375 0.025
0 0.62265625 0.4734375 0.125 0.025
0 0.7515625 0.47578125 0.121875 0.0265625
0 0.3609375 0.49140625 0.1375 0.0296875
0 0.49609375 0.49609375 0.1234375 0.025
0 0.6234375 0.49609375 0.121875 0.021875
0 0.22265625 0.49765625 0.1390625 0.0265625
0 0.7515625 0.5 0.125 0.025
0 0.359375 0.51796875 0.1375 0.025
0 0.6234375 0.5203125 0.125 0.021875
0 0.49765625 0.5203125 0.125 0.0234375
0 0.24609375 0.053125 0.1234375 0.025
0 0.2203125 0.52265625 0.1375 0.0265625
0 0.7515625 0.52265625 0.128125 0.0234375
0 0.3765625 0.05546875 0.1234375 0.021875
0 0.49765625 0.54453125 0.125 0.025
0 0.6234375 0.54453125 0.125 0.021875
0 0.3578125 0.5453125 0.134375 0.028125
0 0.75 0.5453125 0.125 0.021875
0 0.22109375 0.54921875 0.1390625 0.0265625
0 0.5 0.05546875 0.125 0.025
0 0.62265625 0.56875 0.125 0.025
0 0.49765625 0.56953125 0.125 0.0234375
0 0.74765625 0.56953125 0.125 0.0234375
0 0.359375 0.571875 0.134375 0.0265625
0 0.6265625 0.0578125 0.121875 0.025
0 0.22109375 0.57578125 0.1375 0.025
0 0.7515625 0.5921875 0.125 0.025
0 0.6234375 0.5921875 0.128125 0.025
0 0.49765625 0.5921875 0.125 0.021875
0 0.75234375 0.06015625 0.1234375 0.025
0 0.359375 0.5984375 0.1375 0.028125
0 0.2203125 0.60078125 0.1390625 0.0265625
0 0.49609375 0.61640625 0.1234375 0.021875
0 0.75390625 0.61640625 0.125 0.0234375
0 0.6234375 0.61796875 0.125 0.0234375
0 0.3609375 0.6234375 0.1390625 0.0265625
0 0.2203125 0.62734375 0.1390625 0.0265625
0 0.49609375 0.6390625 0.1234375 0.025
0 0.7546875 0.6390625 0.128125 0.0265625
0 0.6234375 0.6421875 0.125 0.025
0 0.359375 0.6515625 0.1390625 0.0265625
0 0.22109375 0.65234375 0.1390625 0.0296875
0 0.49609375 0.66328125 0.125 0.0234375
0 0.7546875 0.66328125 0.128125 0.0234375
0 0.6234375 0.6671875 0.125 0.0234375
0 0.359375 0.6765625 0.1375 0.0265625
0 0.22109375 0.67890625 0.1375 0.0265625
0 0.75234375 0.6875 0.128125 0.025
0 0.49609375 0.6875 0.125 0.0265625
0 0.6234375 0.6890625 0.125 0.025
0 0.2203125 0.7046875 0.1390625 0.028125
0 0.3578125 0.7046875 0.1375 0.0265625
0 0.49765625 0.71171875 0.1234375 0.0234375
0 0.7515625 0.71171875 0.125 0.0265625
0 0.625 0.7140625 0.128125 0.0234375
0 0.22109375 0.73046875 0.1390625 0.0265625
0 0.3578125 0.73046875 0.1375 0.0296875
0 0.49765625 0.7359375 0.125 0.021875
0 0.7515625 0.73671875 0.128125 0.025
0 0.62265625 0.73828125 0.125 0.025
0 0.22109375 0.75625 0.1390625 0.028125
0 0.3578125 0.75859375 0.1375 0.028125
0 0.24609375 0.07578125 0.1234375 0.021875
0 0.37734375 0.078125 0.1234375 0.025
0 0.5015625 0.078125 0.1234375 0.021875
0 0.62734375 0.08046875 0.121875 0.021875
0 0.75 0.0828125 0.1234375 0.025
0 0.2453125 0.0984375 0.1203125 0.025
0 0.3765625 0.1 0.1203125 0.025
0 0.5015625 0.10234375 0.1234375 0.021875
0 0.625 0.1046875 0.1234375 0.021875