0 0.28515625 0.15234375 0.2046875 0.0296875
0 0.29921875 0.18515625 0.196875 0.0296875
0 0.5140625 0.20703125 0.196875 0.034375
0 0.91796875 0.2078125 0.1640625 0.03125
0 0.29921875 0.209375 0.1953125 0.025
0 0.10078125 0.209375 0.196875 0.025
0 0.5140625 0.23203125 0.196875 0.03125
0 0.9171875 0.2328125 0.165625 0.0296875
0 0.10234375 0.234375 0.19375 0.0265625
0 0.30078125 0.234375 0.196875 0.0265625
0 0.71484375 0.2359375 0.2 0.0296875
0 0.515625 0.25625 0.196875 0.03125
0 0.30390625 0.25859375 0.1953125 0.0265625
0 0.91796875 0.25859375 0.1640625 0.03125
0 0.1046875 0.259375 0.196875 0.0265625
0 0.7171875 0.2609375 0.1953125 0.0296875
0 0.5171875 0.2828125 0.1953125 0.0296875
0 0.303125 0.28359375 0.1953125 0.0234375
0 0.1046875 0.28359375 0.1953125 0.0234375
0 0.915625 0.28515625 0.16875 0.0296875
0 0.7171875 0.2859375 0.1953125 0.0296875
0 0.30546875 0.30625 0.1953125 0.0265625
0 0.10546875 0.3078125 0.2 0.0234375
0 0.5171875 0.3078125 0.1953125 0.0265625
0 0.71640625 0.3109375 0.1953125 0.0265625
0 0.915625 0.3109375 0.16875 0.0296875
0 0.10546875 0.33046875 0.1953125 0.0234375
0 0.51796875 0.33203125 0.1953125 0.0296875
0 0.30625 0.33203125 0.19375 0.0265625
0 0.71640625 0.33515625 0.1953125 0.0265625
0 0.91484375 0.33671875 0.1703125 0.0265625
0 0.10546875 0.3546875 0.196875 0.0265625
0 0.30625 0.35546875 0.1921875 0.0265625
0 0.51328125 0.35703125 0.1953125 0.0265625
0 0.7171875 0.359375 0.1953125 0.0265625
0 0.91328125 0.36171875 0.1734375 0.0296875
0 0.10546875 0.3796875 0.196875 0.0234375
0 0.30546875 0.3796875 0.1953125 0.0265625
0 0.515625 0.38203125 0.1953125 0.0234375
0 0.71171875 0.384375 0.1953125 0.0265625
0 0.915625 0.3859375 0.16875 0.0265625
0 0.10546875 0.40390625 0.1953125 0.0234375
0 0.3078125 0.40390625 0.1953125 0.0265625
0 0.5171875 0.4046875 0.1953125 0.0296875
0 0.7125 0.40859375 0.1921875 0.0265625
0 0.91484375 0.41015625 0.1703125 0.0265625
0 0.10546875 0.4265625 0.196875 0.025
0 0.30625 0.428125 0.1921875 0.025
0 0.51796875 0.43046875 0.1953125 0.025
0 0.7171875 0.43359375 0.1953125 0.0265625
0 0.91328125 0.43359375 0.1734375 0.0265625
0 0.3109375 0.44921875 0.1953125 0.0203125
0 0.10703125 0.4515625 0.1921875 0.0265625
0 0.521875 0.453125 0.1953125 0.0265625
0 0.72109375 0.45703125 0.1953125 0.0265625
0 0.9171875 0.4578125 0.165625 0.025
0 0.31015625 0.475 0.1921875 0.025
0 0.10546875 0.47578125 0.190625 0.021875
0 0.521875 0.47734375 0.1921875 0.021875
0 0.7234375 0.48046875 0.196875 0.0265625
0 0.9203125 0.484375 0.159375 0.0265625
0 0.31015625 0.4984375 0.19375 0.0265625
0 0.1078125 0.5 0.1921875 0.0265625
0 0.521875 0.5015625 0.1921875 0.025
0 0.72109375 0.50625 0.1953125 0.025
0 0.9203125 0.50859375 0.159375 0.0234375
0 0.3140625 0.521875 0.19375 0.025
0 0.109375 0.52265625 0.196875 0.0234375
0 0.52421875 0.52421875 0.190625 0.0234375
0 0.72265625 0.52890625 0.1953125 0.025
0 0.9203125 0.53515625 0.159375 0.025
0 0.3109375 0.54453125 0.1921875 0.0265625
0 0.1078125 0.546875 0.1921875 0.0265625
0 0.52421875 0.5484375 0.190625 0.025
0 0.725 0.5515625 0.1953125 0.0265625
0 0.91953125 0.55625 0.1609375 0.0265625
0 0.31015625 0.56953125 0.19375 0.0234375
0 0.109375 0.56953125 0.1921875 0.0234375
0 0.525 0.57109375 0.190625 0.0234375
0 0.72265625 0.57421875 0.1953125 0.025
0 0.91796875 0.5796875 0.1640625 0.021875
0 0.31015625 0.5921875 0.19375 0.025
0 0.52421875 0.59375 0.1875 0.025
0 0.1078125 0.5953125 0.1921875 0.025
0 0.72265625 0.5984375 0.1953125 0.0234375
0 0.91796875 0.603125 0.1640625 0.0265625
0 0.3109375 0.61640625 0.1953125 0.0234375
0 0.52421875 0.61796875 0.190625 0.0234375
0 0.1078125 0.61796875 0.1921875 0.0234375
0 0.72109375 0.62265625 0.1921875 0.0265625
0 0.915625 0.62890625 0.16875 0.0265625
0 0.3078125 0.6390625 0.1953125 0.025
0 0.525 0.640625 0.1875 0.025
0 0.10703125 0.6421875 0.1953125 0.021875
0 0.7234375 0.646875 0.1953125 0.028125
0 0.91953125 0.65234375 0.1609375 0.0265625
0 0.3109375 0.66328125 0.1953125 0.0234375
0 0.5265625 0.66484375 0.190625 0.021875
0 0.1109375 0.6671875 0.1953125 0.0265625
0 0.72578125 0.6703125 0.1953125 0.0265625
0 0.915625 0.678125 0.16875 0.0265625