0 0.8609375 0.103125 0.2359375 0.0484375
0 0.14296875 0.1109375 0.2359375 0.0390625
0 0.38359375 0.1234375 0.23125 0.053125
0 0.62109375 0.01328125 0.221875 0.0265625
0 0.8578125 0.14765625 0.2328125 0.0515625
0 0.6203125 0.14921875 0.2328125 0.0453125
0 0.14453125 0.1578125 0.2328125 0.053125
0 0.853125 0.0171875 0.2359375 0.034375
0 0.384375 0.16796875 0.2328125 0.0515625
0 0.6203125 0.19609375 0.2359375 0.0515625
0 0.85546875 0.196875 0.2328125 0.0515625
0 0.1390625 0.0203125 0.2328125 0.040625
0 0.1453125 0.20703125 0.2328125 0.0453125
0 0.37890625 0.21171875 0.23125 0.0484375
0 0.61875 0.240625 0.2359375 0.04375
0 0.85703125 0.24296875 0.2328125 0.0484375
0 0.38125 0.025 0.2359375 0.0484375
0 0.14453125 0.25390625 0.2328125 0.0484375
0 0.38125 0.259375 0.2359375 0.05625
0 0.61796875 0.28828125 0.2359375 0.0484375
0 0.85703125 0.290625 0.2328125 0.0484375
0 0.1390625 0.303125 0.228125 0.0484375
0 0.38359375 0.30546875 0.23125 0.0484375
0 0.61796875 0.334375 0.2359375 0.04375
0 0.85703125 0.3375 0.2328125 0.0484375
0 0.3796875 0.35 0.2328125 0.04375
0 0.1421875 0.35 0.23125 0.0484375
0 0.85703125 0.384375 0.2328125 0.0453125
0 0.615625 0.3859375 0.2390625 0.053125
0 0.1390625 0.39765625 0.228125 0.0484375
0 0.3796875 0.39921875 0.23125 0.053125
0 0.85703125 0.43046875 0.2328125 0.0484375
0 0.61328125 0.4359375 0.2328125 0.0453125
0 0.140625 0.4421875 0.2265625 0.0484375
0 0.38125 0.44609375 0.23125 0.053125
0 0.85078125 0.478125 0.2328125 0.0484375
0 0.615625 0.48203125 0.23125 0.04375
0 0.140625 0.490625 0.228125 0.0484375
0 0.375 0.49140625 0.228125 0.0484375
0 0.61640625 0.0515625 0.2328125 0.053125
0 0.85546875 0.525 0.2359375 0.0453125
0 0.6140625 0.52734375 0.2328125 0.0484375
0 0.8578125 0.05390625 0.2359375 0.040625
0 0.1390625 0.5375 0.23125 0.0484375
0 0.3734375 0.5375 0.228125 0.04375
0 0.85546875 0.56953125 0.2359375 0.0453125
0 0.6203125 0.57578125 0.23125 0.0453125
0 0.375 0.58203125 0.228125 0.04375
0 0.1390625 0.5828125 0.228125 0.0453125
0 0.85234375 0.6140625 0.23125 0.04375
0 0.61796875 0.61875 0.23125 0.04375
0 0.37734375 0.62890625 0.23125 0.0453125
0 0.1390625 0.62890625 0.2265625 0.04375
0 0.85234375 0.6609375 0.23125 0.0453125
0 0.61875 0.66484375 0.23125 0.04375
0 0.1421875 0.0671875 0.2328125 0.053125
0 0.1421875 0.67421875 0.228125 0.0484375
0 0.3765625 0.67421875 0.23125 0.04375
0 0.85234375 0.7078125 0.2328125 0.0453125
0 0.61875 0.709375 0.23125 0.04375
0 0.3734375 0.71875 0.23125 0.04375
0 0.1390625 0.72265625 0.2265625 0.0484375
0 0.38203125 0.0734375 0.2328125 0.0515625
0 0.853125 0.75390625 0.2328125 0.0484375
0 0.61875 0.7546875 0.23125 0.0453125
0 0.3734375 0.7609375 0.228125 0.04375
0 0.1390625 0.76796875 0.2265625 0.0453125
0 0.85078125 0.79921875 0.2328125 0.0484375
0 0.61875 0.8015625 0.23125 0.0453125
0 0.37265625 0.80546875 0.2265625 0.04375
0 0.1390625 0.81484375 0.23125 0.0453125
0 0.85234375 0.84375 0.228125 0.04375
0 0.62109375 0.84609375 0.23125 0.04375
0 0.37265625 0.84765625 0.2265625 0.0515625
0 0.1421875 0.859375 0.228125 0.04375
0 0.853125 0.8859375 0.23125 0.040625
0 0.62265625 0.88671875 0.23125 0.0390625
0 0.37265625 0.8890625 0.228125 0.0359375
0 0.61796875 0.1 0.2359375 0.0515625