0 0.89375 0.8703125 0.2125 0.065625
0 0.56875 0.87890625 0.3328125 0.0625
0 0.86484375 0.090625 0.2703125 0.075
0 0.53515625 0.0984375 0.3328125 0.0671875
0 0.1546875 0.1140625 0.3078125 0.0609375
0 0.88359375 0.1625 0.2328125 0.071875
0 0.52890625 0.16953125 0.3328125 0.0671875
0 0.15625 0.17890625 0.3109375 0.0671875
0 0.87734375 0.2328125 0.2453125 0.0671875
0 0.5375 0.2390625 0.3328125 0.0703125
0 0.16484375 0.25 0.325 0.071875
0 0.8796875 0.02890625 0.240625 0.0578125
0 0.8796875 0.30390625 0.240625 0.0765625
0 0.53984375 0.3078125 0.3296875 0.0703125
0 0.51328125 0.03125 0.3359375 0.0625
0 0.15390625 0.3171875 0.3078125 0.0671875
0 0.8796875 0.375 0.240625 0.065625
0 0.515625 0.38125 0.3328125 0.071875
0 0.15390625 0.3859375 0.3078125 0.0703125
0 0.88671875 0.4421875 0.2265625 0.0625
0 0.1515625 0.4515625 0.303125 0.071875
0 0.53125 0.4515625 0.3375 0.071875
0 0.15234375 0.04765625 0.3046875 0.0703125
0 0.8734375 0.5171875 0.25 0.0671875
0 0.146875 0.51796875 0.29375 0.0703125
0 0.54921875 0.525 0.334375 0.075
0 0.14765625 0.5828125 0.2953125 0.0671875
0 0.8703125 0.5890625 0.2546875 0.0703125
0 0.521875 0.59140625 0.3375 0.0671875
0 0.146875 0.6515625 0.29375 0.0703125
0 0.853125 0.65390625 0.29375 0.0765625
0 0.52890625 0.6671875 0.3265625 0.0671875
0 0.134375 0.7203125 0.26875 0.06875
0 0.86015625 0.72890625 0.2796875 0.0703125
0 0.51328125 0.7390625 0.3328125 0.0671875
0 0.1421875 0.7921875 0.2828125 0.071875
0 0.875 0.8015625 0.25 0.0703125
0 0.54453125 0.81015625 0.3359375 0.0671875
0 0.1421875 0.8578125 0.2828125 0.0671875