0 0.04296875 0.11171875 0.0859375 0.0359375
0 0.82109375 0.12734375 0.2171875 0.0453125
0 0.603125 0.1296875 0.209375 0.040625
0 0.39453125 0.134375 0.2078125 0.04375
0 0.18984375 0.13828125 0.2015625 0.0359375
0 0.04453125 0.14921875 0.0890625 0.0375
0 0.81875 0.015625 0.2171875 0.03125
0 0.81953125 0.16796875 0.215625 0.040625
0 0.60234375 0.171875 0.209375 0.04375
0 0.39296875 0.17421875 0.2078125 0.040625
0 0.18984375 0.1765625 0.2015625 0.0375
0 0.04453125 0.1859375 0.0890625 0.0359375
0 0.603125 0.01953125 0.2125 0.0390625
0 0.39453125 0.0203125 0.2078125 0.040625
0 0.82109375 0.20546875 0.2171875 0.04375
0 0.603125 0.209375 0.2125 0.0390625
0 0.39453125 0.2140625 0.2078125 0.0390625
0 0.1890625 0.2140625 0.2015625 0.0359375
0 0.04296875 0.22265625 0.0859375 0.0359375
0 0.82109375 0.2453125 0.21875 0.04375
0 0.603125 0.2484375 0.2140625 0.040625
0 0.39453125 0.25234375 0.209375 0.040625
0 0.1875 0.25390625 0.2015625 0.040625
0 0.04296875 0.25859375 0.0859375 0.0359375
0 0.19140625 0.0265625 0.2015625 0.0390625
0 0.821875 0.28359375 0.21875 0.04375
0 0.603125 0.28828125 0.2125 0.040625
0 0.39296875 0.28828125 0.209375 0.0390625
0 0.1875 0.290625 0.2015625 0.040625
0 0.04296875 0.29453125 0.0859375 0.0390625
0 0.821875 0.3234375 0.21875 0.040625
0 0.603125 0.3265625 0.2125 0.040625
0 0.1875 0.328125 0.2046875 0.0359375
0 0.39296875 0.328125 0.209375 0.0390625
0 0.04296875 0.33203125 0.0859375 0.0359375
0 0.821875 0.3640625 0.221875 0.04375
0 0.603125 0.365625 0.2140625 0.04375
0 0.390625 0.36640625 0.209375 0.0390625
0 0.1859375 0.36796875 0.2015625 0.0390625
0 0.04296875 0.3703125 0.0859375 0.0375
0 0.04453125 0.03828125 0.0890625 0.0390625
0 0.821875 0.40234375 0.221875 0.040625
0 0.603125 0.40390625 0.2140625 0.04375
0 0.3921875 0.4046875 0.209375 0.040625
0 0.1859375 0.4078125 0.2015625 0.0359375
0 0.04296875 0.4078125 0.0859375 0.040625
0 0.8234375 0.44375 0.2234375 0.040625
0 0.18515625 0.44375 0.2015625 0.0359375
0 0.3921875 0.44453125 0.2078125 0.0390625
0 0.6046875 0.44453125 0.2140625 0.040625
0 0.04296875 0.44609375 0.0859375 0.0359375
0 0.81953125 0.0484375 0.215625 0.0453125
0 0.603125 0.05390625 0.209375 0.0453125
0 0.39453125 0.0578125 0.2046875 0.04375
0 0.18984375 0.06484375 0.2046875 0.0375
0 0.04453125 0.07421875 0.0890625 0.0359375
0 0.81875 0.0875 0.2171875 0.04375
0 0.60234375 0.0921875 0.209375 0.040625
0 0.39296875 0.09609375 0.2078125 0.040625
0 0.18984375 0.103125 0.2015625 0.040625