0 0.1453125 0.009375 0.165625 0.01875
0 0.32578125 0.10234375 0.16875 0.0359375
0 0.0265625 0.10234375 0.053125 0.025
0 0.9 0.103125 0.1921875 0.0265625
0 0.5046875 0.10703125 0.1765625 0.0265625
0 0.14921875 0.109375 0.165625 0.0296875
0 0.69453125 0.11171875 0.1796875 0.025
0 0.3265625 0.12734375 0.16875 0.0390625
0 0.0265625 0.12734375 0.0515625 0.0265625
0 0.89921875 0.1296875 0.1921875 0.0265625
0 0.50390625 0.13203125 0.1734375 0.0296875
0 0.146875 0.1359375 0.165625 0.025
0 0.69140625 0.13828125 0.18125 0.021875
0 0.89765625 0.0140625 0.1921875 0.028125
0 0.328125 0.1546875 0.1703125 0.0328125
0 0.89765625 0.1546875 0.1921875 0.0265625
0 0.0265625 0.1546875 0.053125 0.0296875
0 0.146875 0.1609375 0.165625 0.0265625
0 0.5046875 0.1609375 0.1765625 0.0265625
0 0.69140625 0.16796875 0.1828125 0.03125
0 0.328125 0.18046875 0.16875 0.03125
0 0.025 0.18203125 0.05 0.0265625
0 0.14453125 0.18359375 0.16875 0.0296875
0 0.9 0.1859375 0.1921875 0.0296875
0 0.5046875 0.18984375 0.178125 0.0296875
0 0.6921875 0.1984375 0.1828125 0.0296875
0 0.328125 0.2046875 0.16875 0.034375
0 0.0265625 0.2078125 0.053125 0.025
0 0.14921875 0.2125 0.165625 0.0296875
0 0.89296875 0.2140625 0.190625 0.025
0 0.5046875 0.2171875 0.178125 0.0265625
0 0.3265625 0.021875 0.16875 0.0328125
0 0.69375 0.2296875 0.1828125 0.0296875
0 0.02421875 0.23046875 0.0484375 0.0265625
0 0.3296875 0.23046875 0.1703125 0.034375
0 0.14453125 0.23671875 0.165625 0.025
0 0.896875 0.24140625 0.1953125 0.0265625
0 0.5046875 0.2453125 0.1765625 0.0234375
0 0.696875 0.2546875 0.18125 0.0265625
0 0.02421875 0.25625 0.0484375 0.025
0 0.328125 0.25859375 0.16875 0.034375
0 0.14453125 0.26171875 0.165625 0.0265625
0 0.89921875 0.26953125 0.1921875 0.025
0 0.50625 0.271875 0.1734375 0.0296875
0 0.0265625 0.02734375 0.053125 0.025
0 0.50234375 0.02734375 0.1734375 0.034375
0 0.025 0.28046875 0.05 0.0234375
0 0.69140625 0.02890625 0.18125 0.0296875
0 0.3265625 0.2828125 0.1703125 0.0296875
0 0.69921875 0.2828125 0.1828125 0.0234375
0 0.14453125 0.2875 0.165625 0.0265625
0 0.5046875 0.30078125 0.1765625 0.03125
0 0.90390625 0.3015625 0.190625 0.0265625
0 0.328125 0.30546875 0.1703125 0.0265625
0 0.02421875 0.30625 0.0484375 0.0234375
0 0.146875 0.31015625 0.1640625 0.0234375
0 0.696875 0.3109375 0.184375 0.0234375
0 0.1453125 0.03125 0.1609375 0.0296875
0 0.9046875 0.32578125 0.1875 0.0265625
0 0.50234375 0.328125 0.1734375 0.0265625
0 0.02421875 0.3296875 0.0484375 0.0234375
0 0.3265625 0.33046875 0.1703125 0.0359375
0 0.14296875 0.33515625 0.165625 0.0234375
0 0.696875 0.34140625 0.184375 0.0234375
0 0.50390625 0.3546875 0.1734375 0.0265625
0 0.91484375 0.35546875 0.1703125 0.0296875
0 0.021875 0.35546875 0.04375 0.0265625
0 0.3296875 0.35703125 0.165625 0.0265625
0 0.14296875 0.36171875 0.165625 0.0296875
0 0.696875 0.36796875 0.184375 0.021875
0 0.0203125 0.37890625 0.040625 0.0265625
0 0.9171875 0.38125 0.165625 0.0265625
0 0.321875 0.38203125 0.1703125 0.034375
0 0.5015625 0.38359375 0.1765625 0.0265625
0 0.1421875 0.38828125 0.165625 0.0234375
0 0.69453125 0.3953125 0.1828125 0.0234375
0 0.0203125 0.40390625 0.040625 0.0265625
0 0.3171875 0.40859375 0.1734375 0.0296875
0 0.49296875 0.40859375 0.1703125 0.0265625
0 0.91953125 0.4109375 0.1609375 0.0265625
0 0.1390625 0.41484375 0.165625 0.0296875
0 0.7046875 0.421875 0.18125 0.0265625
0 0.89453125 0.04296875 0.190625 0.0265625
0 0.01953125 0.42578125 0.0390625 0.025
0 0.3125 0.43125 0.1703125 0.0265625
0 0.49609375 0.43359375 0.178125 0.025
0 0.91953125 0.4390625 0.1609375 0.0296875
0 0.1390625 0.4390625 0.165625 0.0296875
0 0.7015625 0.446875 0.184375 0.025
0 0.01953125 0.45078125 0.0390625 0.0265625
0 0.3125 0.46015625 0.1703125 0.0296875
0 0.4953125 0.46171875 0.178125 0.0296875
0 0.13671875 0.46484375 0.16875 0.0296875
0 0.91953125 0.46875 0.1609375 0.0296875
0 0.6984375 0.4734375 0.1828125 0.021875
0 0.01796875 0.475 0.0359375 0.025
0 0.3125 0.4859375 0.1734375 0.0265625
0 0.13671875 0.490625 0.16875 0.025
0 0.4953125 0.490625 0.1765625 0.0265625
0 0.328125 0.04921875 0.1703125 0.0359375
0 0.9203125 0.4953125 0.159375 0.0296875
0 0.01796875 0.49765625 0.0359375 0.0296875
0 0.696875 0.5015625 0.1828125 0.025
0 0.3109375 0.51171875 0.1703125 0.0296875
0 0.13359375 0.5171875 0.1703125 0.028125
0 0.49375 0.5171875 0.1765625 0.025
0 0.91796875 0.52265625 0.1640625 0.028125
0 0.02734375 0.053125 0.0546875 0.021875
0 0.01796875 0.52890625 0.0359375 0.025
0 0.6984375 0.52890625 0.1828125 0.025
0 0.3109375 0.53984375 0.1703125 0.028125
0 0.49296875 0.54296875 0.178125 0.025
0 0.13203125 0.5453125 0.16875 0.034375
0 0.91796875 0.5515625 0.1640625 0.028125
0 0.01796875 0.553125 0.0359375 0.025
0 0.5046875 0.05546875 0.1765625 0.0296875
0 0.696875 0.55390625 0.18125 0.0234375
0 0.6921875 0.05625 0.1828125 0.021875
0 0.31015625 0.5671875 0.1703125 0.0234375
0 0.4953125 0.56953125 0.1765625 0.0234375
0 0.1296875 0.5734375 0.165625 0.0265625
0 0.9171875 0.578125 0.165625 0.03125
0 0.01796875 0.5796875 0.0359375 0.028125
0 0.6984375 0.58203125 0.1828125 0.025
0 0.14765625 0.05859375 0.165625 0.0265625
0 0.3125 0.5921875 0.1703125 0.021875
0 0.49296875 0.59375 0.178125 0.0265625
0 0.1296875 0.5984375 0.165625 0.03125
0 0.01796875 0.603125 0.0359375 0.025
0 0.9171875 0.6078125 0.165625 0.028125
0 0.69921875 0.6140625 0.1828125 0.034375
0 0.3109375 0.61796875 0.1703125 0.0234375
0 0.49375 0.62109375 0.1765625 0.025
0 0.12734375 0.6234375 0.16875 0.0265625
0 0.01796875 0.6296875 0.0359375 0.0265625
0 0.9203125 0.63359375 0.159375 0.03125
0 0.703125 0.6390625 0.1859375 0.0265625
0 0.3140625 0.64453125 0.1734375 0.021875
0 0.49609375 0.646875 0.1765625 0.028125
0 0.12890625 0.6515625 0.1703125 0.028125
0 0.01796875 0.65234375 0.0359375 0.025
0 0.91953125 0.66484375 0.1609375 0.03125
0 0.6984375 0.66484375 0.1828125 0.0265625
0 0.31484375 0.671875 0.1734375 0.0265625
0 0.5 0.6734375 0.178125 0.028125
0 0.13359375 0.67578125 0.16875 0.021875
0 0.01796875 0.67578125 0.0359375 0.0296875
0 0.70078125 0.69375 0.1828125 0.028125
0 0.91953125 0.69609375 0.1609375 0.0265625
0 0.31640625 0.6984375 0.1734375 0.0265625
0 0.12890625 0.6984375 0.1703125 0.0234375
0 0.5015625 0.69921875 0.1765625 0.0296875
0 0.01796875 0.70078125 0.0359375 0.0265625
0 0.703125 0.7203125 0.1828125 0.025
0 0.91796875 0.7234375 0.1640625 0.028125
0 0.31875 0.725 0.1734375 0.0265625
0 0.12890625 0.725 0.1703125 0.0265625
0 0.5015625 0.72578125 0.1765625 0.028125
0 0.0171875 0.7296875 0.034375 0.028125
0 0.89296875 0.0734375 0.190625 0.03125
0 0.703125 0.75 0.1828125 0.0296875
0 0.32109375 0.7515625 0.1734375 0.0265625
0 0.91953125 0.7515625 0.1609375 0.028125
0 0.1296875 0.7515625 0.16875 0.028125
0 0.5015625 0.7515625 0.1765625 0.028125
0 0.0171875 0.7546875 0.034375 0.028125
0 0.328125 0.07578125 0.16875 0.034375
0 0.0265625 0.078125 0.053125 0.0265625
0 0.321875 0.775 0.1703125 0.021875
0 0.7015625 0.77890625 0.1828125 0.025
0 0.12734375 0.77890625 0.1703125 0.0265625
0 0.9203125 0.7796875 0.159375 0.028125
0 0.015625 0.7796875 0.03125 0.0265625
0 0.50234375 0.7796875 0.178125 0.025
0 0.31640625 0.80078125 0.1734375 0.025
0 0.125 0.8015625 0.1703125 0.021875
0 0.5046875 0.08046875 0.1765625 0.028125
0 0.015625 0.80546875 0.03125 0.0265625
0 0.9203125 0.8078125 0.159375 0.028125
0 0.50390625 0.8078125 0.1765625 0.0265625
0 0.703125 0.8078125 0.1859375 0.028125
0 0.1234375 0.8265625 0.1734375 0.0296875
0 0.31640625 0.828125 0.1765625 0.0296875
0 0.015625 0.8296875 0.03125 0.025
0 0.50390625 0.8328125 0.1765625 0.0296875
0 0.14765625 0.084375 0.165625 0.025
0 0.70546875 0.83671875 0.1828125 0.025
0 0.921875 0.8390625 0.15625 0.03125
0 0.69375 0.084375 0.18125 0.0265625
0 0.12265625 0.85078125 0.1703125 0.0265625
0 0.31875 0.85703125 0.1765625 0.0296875
0 0.015625 0.8578125 0.03125 0.0296875
0 0.5046875 0.859375 0.178125 0.0296875
0 0.70546875 0.865625 0.1828125 0.0265625
0 0.92265625 0.86953125 0.1546875 0.0296875
0 0.12265625 0.87734375 0.1703125 0.0296875
0 0.31953125 0.88359375 0.1765625 0.0265625
0 0.0171875 0.88359375 0.034375 0.03125
0 0.5046875 0.884375 0.178125 0.0296875
0 0.70703125 0.89453125 0.1859375 0.0296875
0 0.92265625 0.89921875 0.1546875 0.0265625
0 0.12265625 0.9 0.1703125 0.025