0 0.025 0.22265625 0.05 0.0265625
0 0.078125 0.2296875 0.053125 0.034375
0 0.1875 0.23203125 0.053125 0.0296875
0 0.13359375 0.2328125 0.053125 0.03125
0 0.3421875 0.2328125 0.0515625 0.03125
0 0.240625 0.2359375 0.0515625 0.03125
0 0.290625 0.23671875 0.0515625 0.0296875
0 0.7046875 0.23828125 0.0484375 0.0265625
0 0.39453125 0.23828125 0.0515625 0.03125
0 0.75234375 0.2390625 0.0484375 0.025
0 0.9546875 0.2390625 0.0484375 0.0296875
0 0.55078125 0.2390625 0.0484375 0.0296875
0 0.803125 0.240625 0.0484375 0.0265625
0 0.85234375 0.240625 0.0484375 0.03125
0 0.9 0.240625 0.0484375 0.03125
0 0.44921875 0.240625 0.0484375 0.03125
0 0.5 0.24296875 0.0484375 0.03125
0 0.6546875 0.24296875 0.0484375 0.0296875
0 0.6046875 0.24296875 0.0484375 0.034375
0 0.02421875 0.25390625 0.0484375 0.0359375
0 0.0765625 0.2609375 0.053125 0.0296875
0 0.1859375 0.26171875 0.053125 0.03125
0 0.13359375 0.26328125 0.053125 0.0296875
0 0.7046875 0.2640625 0.0484375 0.0265625
0 0.3421875 0.2640625 0.0515625 0.0265625
0 0.2390625 0.265625 0.053125 0.034375
0 0.084375 0.02734375 0.053125 0.034375
0 0.75390625 0.2671875 0.0484375 0.03125
0 0.9 0.2671875 0.0484375 0.0265625
0 0.95546875 0.2671875 0.0484375 0.0265625
0 0.290625 0.2671875 0.0515625 0.03125
0 0.3953125 0.26796875 0.0515625 0.0296875
0 0.5515625 0.26796875 0.0484375 0.0296875
0 0.803125 0.26953125 0.0484375 0.0265625
0 0.85234375 0.26953125 0.0484375 0.0265625
0 0.44921875 0.26953125 0.0484375 0.0265625
0 0.5 0.2703125 0.0484375 0.0296875
0 0.6046875 0.271875 0.0484375 0.0265625
0 0.6546875 0.27265625 0.0515625 0.03125
0 0.02421875 0.2875 0.0484375 0.03125
0 0.0765625 0.2875 0.053125 0.0296875
0 0.1390625 0.02890625 0.053125 0.0265625
0 0.19140625 0.0296875 0.0515625 0.0328125
0 0.3453125 0.0296875 0.0515625 0.0296875
0 0.13203125 0.2921875 0.053125 0.0296875
0 0.1859375 0.2921875 0.0515625 0.0296875
0 0.70546875 0.29453125 0.0484375 0.0296875
0 0.3421875 0.29453125 0.053125 0.0296875
0 0.9015625 0.2953125 0.0484375 0.0265625
0 0.23828125 0.2953125 0.0515625 0.0359375
0 0.5515625 0.2953125 0.0484375 0.03125
0 0.7546875 0.296875 0.0484375 0.0296875
0 0.853125 0.296875 0.0484375 0.0296875
0 0.95703125 0.296875 0.0484375 0.0296875
0 0.28984375 0.296875 0.053125 0.034375
0 0.5 0.296875 0.0484375 0.0296875
0 0.80390625 0.2984375 0.0484375 0.0265625
0 0.3953125 0.2984375 0.0515625 0.0265625
0 0.44921875 0.2984375 0.0515625 0.0265625
0 0.6546875 0.30078125 0.0515625 0.03125
0 0.6046875 0.30078125 0.0515625 0.03125
0 0.02421875 0.31640625 0.0484375 0.034375
0 0.07578125 0.31875 0.053125 0.0328125
0 0.13203125 0.32109375 0.053125 0.034375
0 0.1859375 0.321875 0.0515625 0.03125
0 0.70546875 0.32421875 0.0484375 0.03125
0 0.7546875 0.32421875 0.0484375 0.03125
0 0.95546875 0.32421875 0.0484375 0.03125
0 0.3421875 0.32421875 0.0515625 0.03125
0 0.80390625 0.32578125 0.0484375 0.0296875
0 0.853125 0.32578125 0.0484375 0.0296875
0 0.90234375 0.32578125 0.0484375 0.0296875
0 0.5515625 0.32578125 0.0515625 0.0296875
0 0.23828125 0.3265625 0.053125 0.03125
0 0.28984375 0.3265625 0.0515625 0.03125
0 0.3953125 0.3265625 0.053125 0.03125
0 0.45078125 0.3265625 0.0484375 0.0265625
0 0.5015625 0.3265625 0.0484375 0.03125
0 0.6046875 0.3296875 0.0515625 0.03125
0 0.6546875 0.33046875 0.0515625 0.0359375
0 0.24296875 0.03359375 0.0515625 0.03125
0 0.3953125 0.03359375 0.053125 0.0265625
0 0.29296875 0.03515625 0.0484375 0.0296875
0 0.02421875 0.34609375 0.0484375 0.0296875
0 0.07421875 0.3484375 0.053125 0.0359375
0 0.13125 0.35 0.053125 0.0296875
0 0.3421875 0.35 0.0515625 0.0296875
0 0.18515625 0.35078125 0.0515625 0.03125
0 0.90390625 0.35234375 0.0484375 0.0296875
0 0.95703125 0.35234375 0.0484375 0.0296875
0 0.70546875 0.353125 0.0484375 0.0265625
0 0.75625 0.353125 0.0484375 0.03125
0 0.28828125 0.353125 0.053125 0.03125
0 0.8546875 0.3546875 0.0484375 0.0296875
0 0.23828125 0.3546875 0.053125 0.034375
0 0.45078125 0.3546875 0.0484375 0.0296875
0 0.80546875 0.35546875 0.0484375 0.03125
0 0.39453125 0.35546875 0.053125 0.03125
0 0.5015625 0.35546875 0.0484375 0.03125
0 0.5515625 0.35546875 0.0484375 0.0265625
0 0.65625 0.359375 0.0484375 0.0296875
0 0.6046875 0.359375 0.0484375 0.0296875
0 0.02265625 0.37734375 0.0453125 0.0265625
0 0.0734375 0.37890625 0.053125 0.034375
0 0.34140625 0.3796875 0.0515625 0.03125
0 0.70703125 0.38125 0.0484375 0.0296875
0 0.75625 0.38125 0.0484375 0.0328125
0 0.9046875 0.38125 0.0484375 0.0296875
0 0.9578125 0.38125 0.0484375 0.0296875
0 0.18359375 0.38125 0.053125 0.0296875
0 0.80625 0.38359375 0.0484375 0.0296875
0 0.85546875 0.38359375 0.0484375 0.0296875
0 0.2359375 0.38359375 0.0515625 0.0296875
0 0.44921875 0.38359375 0.0484375 0.0296875
0 0.5515625 0.38359375 0.0515625 0.0296875
0 0.13125 0.384375 0.053125 0.03125
0 0.28828125 0.384375 0.053125 0.03125
0 0.5015625 0.3859375 0.0515625 0.0296875
0 0.6578125 0.38671875 0.0484375 0.03125
0 0.39453125 0.38671875 0.053125 0.0265625
0 0.60546875 0.38828125 0.0484375 0.0296875
0 0.70078125 0.03984375 0.0484375 0.03125
0 0.79921875 0.040625 0.0484375 0.0296875
0 0.45078125 0.040625 0.0484375 0.034375
0 0.02421875 0.40625 0.0484375 0.0359375
0 0.071875 0.40859375 0.053125 0.03125
0 0.7078125 0.41015625 0.0484375 0.0296875
0 0.9078125 0.41015625 0.0484375 0.0296875
0 0.959375 0.4109375 0.0484375 0.03125
0 0.1828125 0.4109375 0.053125 0.03125
0 0.75703125 0.4125 0.0484375 0.0296875
0 0.1296875 0.4125 0.053125 0.0296875
0 0.80625 0.41328125 0.0484375 0.03125
0 0.33984375 0.41328125 0.053125 0.03125
0 0.50234375 0.41328125 0.0484375 0.0265625
0 0.553125 0.41328125 0.0515625 0.03125
0 0.85546875 0.41484375 0.0484375 0.0296875
0 0.23671875 0.41484375 0.053125 0.034375
0 0.28828125 0.415625 0.0515625 0.0359375
0 0.39296875 0.415625 0.053125 0.03125
0 0.65859375 0.4171875 0.0515625 0.0296875
0 0.45078125 0.4171875 0.0484375 0.0296875
0 0.6078125 0.4171875 0.0484375 0.0296875
0 0.7515625 0.0421875 0.0484375 0.0265625
0 0.60234375 0.0421875 0.0484375 0.0265625
0 0.65390625 0.04296875 0.0484375 0.0296875
0 0.9484375 0.04296875 0.0484375 0.0296875
0 0.5015625 0.04296875 0.0484375 0.025
0 0.55078125 0.04296875 0.0484375 0.0296875
0 0.021875 0.4375 0.04375 0.03125
0 0.959375 0.4390625 0.0484375 0.0296875
0 0.07109375 0.43984375 0.053125 0.03125
0 0.9078125 0.43984375 0.0515625 0.0265625
0 0.12890625 0.43984375 0.053125 0.03125
0 0.75703125 0.44140625 0.0484375 0.0296875
0 0.80625 0.44140625 0.0484375 0.0296875
0 0.85703125 0.44140625 0.0484375 0.0296875
0 0.18125 0.44140625 0.053125 0.0296875
0 0.70703125 0.4421875 0.0484375 0.0265625
0 0.33984375 0.44375 0.053125 0.034375
0 0.50234375 0.44375 0.0484375 0.0296875
0 0.896875 0.0453125 0.0484375 0.0296875
0 0.6578125 0.44453125 0.0484375 0.0265625
0 0.6078125 0.44453125 0.0484375 0.03125
0 0.2359375 0.44609375 0.053125 0.034375
0 0.2875 0.44609375 0.053125 0.034375
0 0.4515625 0.44609375 0.0515625 0.025
0 0.553125 0.44609375 0.0484375 0.0296875
0 0.39296875 0.4484375 0.053125 0.034375
0 0.84765625 0.046875 0.0453125 0.03125
0 0.959375 0.46640625 0.0484375 0.03125
0 0.06875 0.4671875 0.053125 0.0296875
0 0.90859375 0.4671875 0.0515625 0.0296875
0 0.8078125 0.46875 0.0515625 0.03125
0 0.0203125 0.46875 0.040625 0.0265625
0 0.85703125 0.4703125 0.0484375 0.0296875
0 0.7078125 0.47109375 0.0484375 0.0265625
0 0.50390625 0.47109375 0.0515625 0.03125
0 0.75703125 0.47265625 0.0484375 0.0296875
0 0.12734375 0.47265625 0.053125 0.0296875
0 0.18125 0.47265625 0.053125 0.0296875
0 0.45078125 0.47265625 0.0515625 0.0296875
0 0.65859375 0.4734375 0.0515625 0.03125
0 0.55390625 0.4734375 0.0515625 0.0265625
0 0.6078125 0.4734375 0.0515625 0.03125
0 0.234375 0.475 0.0515625 0.034375
0 0.33984375 0.475 0.053125 0.0296875
0 0.39296875 0.47734375 0.053125 0.034375
0 0.2875 0.478125 0.0515625 0.03125
0 0.0296875 0.05078125 0.053125 0.0296875
0 0.96171875 0.4953125 0.0484375 0.0265625
0 0.91015625 0.49765625 0.053125 0.03125
0 0.7078125 0.4984375 0.0484375 0.028125
0 0.75703125 0.4984375 0.0515625 0.028125
0 0.85703125 0.4984375 0.0484375 0.028125
0 0.0203125 0.4984375 0.0390625 0.028125
0 0.0671875 0.5 0.053125 0.03125
0 0.8078125 0.5 0.0515625 0.03125
0 0.50390625 0.5 0.0515625 0.03125
0 0.6578125 0.5015625 0.0484375 0.0296875
0 0.18125 0.50234375 0.053125 0.03125
0 0.3390625 0.50234375 0.053125 0.03125
0 0.45078125 0.50234375 0.0515625 0.03125
0 0.55390625 0.50234375 0.0515625 0.0265625
0 0.60703125 0.50234375 0.0515625 0.03125
0 0.1265625 0.5046875 0.053125 0.03125
0 0.234375 0.5046875 0.053125 0.03125
0 0.2859375 0.5046875 0.0515625 0.03125
0 0.39296875 0.50703125 0.053125 0.0296875
0 0.9625 0.52421875 0.0484375 0.0265625
0 0.91015625 0.525 0.0515625 0.034375
0 0.80859375 0.52734375 0.0484375 0.034375
0 0.70703125 0.52890625 0.0484375 0.0265625
0 0.8578125 0.52890625 0.0484375 0.0265625
0 0.01953125 0.52890625 0.0390625 0.03125
0 0.0671875 0.5296875 0.0546875 0.028125
0 0.75703125 0.5296875 0.0484375 0.028125
0 0.55390625 0.53125 0.0515625 0.03125
0 0.65859375 0.53125 0.0484375 0.0265625
0 0.18046875 0.53125 0.053125 0.0265625
0 0.50390625 0.53125 0.0515625 0.03125
0 0.60703125 0.5328125 0.0484375 0.028125
0 0.1265625 0.53359375 0.053125 0.03125
0 0.45078125 0.53359375 0.0515625 0.0265625
0 0.3390625 0.53515625 0.053125 0.0296875
0 0.2328125 0.5375 0.053125 0.034375
0 0.2859375 0.5375 0.053125 0.03125
0 0.39296875 0.5375 0.053125 0.0359375
0 0.9625 0.55390625 0.0484375 0.028125
0 0.084375 0.05625 0.053125 0.0328125
0 0.9109375 0.55546875 0.0484375 0.03125
0 0.75703125 0.5578125 0.0484375 0.03125
0 0.7078125 0.55859375 0.0484375 0.0296875
0 0.80859375 0.55859375 0.0515625 0.0296875
0 0.859375 0.55859375 0.0484375 0.0296875
0 0.0671875 0.5609375 0.053125 0.034375
0 0.01953125 0.56015625 0.0390625 0.034375
0 0.50390625 0.5609375 0.0515625 0.028125
0 0.55546875 0.5609375 0.0515625 0.028125
0 0.65859375 0.5625 0.0484375 0.03125
0 0.60703125 0.5625 0.0515625 0.03125
0 0.18046875 0.5640625 0.053125 0.028125
0 0.2328125 0.5640625 0.053125 0.034375
0 0.45078125 0.5640625 0.0515625 0.028125
0 0.3375 0.56640625 0.053125 0.0296875
0 0.125 0.56640625 0.053125 0.03125
0 0.39296875 0.56640625 0.053125 0.03125
0 0.28515625 0.56875 0.053125 0.0359375
0 0.13828125 0.05859375 0.053125 0.034375
0 0.34375 0.05859375 0.0515625 0.025
0 0.9640625 0.584375 0.0484375 0.03125
0 0.7078125 0.58671875 0.0484375 0.03125
0 0.75859375 0.58671875 0.0515625 0.03125
0 0.81015625 0.58671875 0.0515625 0.0265625
0 0.9125 0.5875 0.0484375 0.028125
0 0.8609375 0.5890625 0.0484375 0.0265625
0 0.50390625 0.5890625 0.0515625 0.03125
0 0.44921875 0.59140625 0.0515625 0.03125
0 0.55546875 0.59140625 0.0515625 0.03125
0 0.65859375 0.5921875 0.0515625 0.028125
0 0.17890625 0.5921875 0.053125 0.028125
0 0.01953125 0.5921875 0.0390625 0.034375
0 0.60703125 0.5921875 0.0515625 0.028125
0 0.06640625 0.59375 0.053125 0.03125
0 0.3375 0.5953125 0.053125 0.028125
0 0.12265625 0.59609375 0.0515625 0.03125
0 0.39296875 0.59609375 0.053125 0.034375
0 0.23203125 0.5984375 0.053125 0.034375
0 0.28359375 0.5984375 0.0515625 0.034375
0 0.19140625 0.06015625 0.0484375 0.03125
0 0.9640625 0.6140625 0.0484375 0.028125
0 0.9125 0.61640625 0.0515625 0.028125
0 0.75859375 0.61796875 0.0515625 0.0265625
0 0.81015625 0.61796875 0.0515625 0.0265625
0 0.7078125 0.61875 0.0484375 0.028125
0 0.8609375 0.61875 0.0515625 0.028125
0 0.50390625 0.61875 0.0515625 0.028125
0 0.6578125 0.62109375 0.0515625 0.0296875
0 0.60546875 0.62109375 0.0515625 0.034375
0 0.24140625 0.0625 0.0515625 0.03125
0 0.29296875 0.0640625 0.0515625 0.034375
0 0.3953125 0.0640625 0.0515625 0.028125
0 0.55546875 0.62265625 0.0515625 0.03125
0 0.44921875 0.6234375 0.0484375 0.028125
0 0.12109375 0.625 0.053125 0.03125
0 0.178125 0.625 0.053125 0.03125
0 0.01953125 0.625 0.0390625 0.03125
0 0.06640625 0.625 0.053125 0.034375
0 0.33671875 0.6265625 0.053125 0.03125
0 0.23203125 0.62734375 0.053125 0.0390625
0 0.39296875 0.62734375 0.053125 0.034375
0 0.28515625 0.62890625 0.053125 0.0359375
0 0.9640625 0.64296875 0.0484375 0.028125
0 0.70078125 0.06640625 0.0484375 0.025
0 0.81015625 0.6453125 0.0515625 0.028125
0 0.91328125 0.6453125 0.0484375 0.028125
0 0.7078125 0.64765625 0.0484375 0.028125
0 0.75859375 0.64765625 0.0515625 0.034375
0 0.86171875 0.65 0.0515625 0.028125
0 0.50234375 0.65 0.0515625 0.028125
0 0.6578125 0.6515625 0.0484375 0.03125
0 0.55546875 0.6515625 0.0515625 0.03125
0 0.44921875 0.65234375 0.0515625 0.034375
0 0.60703125 0.65234375 0.0484375 0.034375
0 0.178125 0.6546875 0.053125 0.03125
0 0.06484375 0.6578125 0.053125 0.03125
0 0.01796875 0.6578125 0.0359375 0.03125
0 0.1203125 0.65859375 0.053125 0.034375
0 0.23046875 0.65859375 0.053125 0.034375
0 0.3921875 0.65859375 0.053125 0.028125
0 0.33671875 0.66015625 0.053125 0.03125
0 0.28515625 0.6609375 0.053125 0.034375
0 0.96484375 0.67421875 0.0484375 0.028125
0 0.915625 0.6765625 0.0484375 0.028125
0 0.759375 0.678125 0.0515625 0.03125
0 0.8109375 0.678125 0.0515625 0.03125
0 0.86171875 0.678125 0.0515625 0.03125
0 0.709375 0.67890625 0.0484375 0.028125
0 0.50234375 0.68046875 0.0515625 0.0359375
0 0.65859375 0.68125 0.0484375 0.028125
0 0.55546875 0.68125 0.053125 0.028125
0 0.44921875 0.6828125 0.0515625 0.03125
0 0.60703125 0.6828125 0.0484375 0.03125
0 0.0640625 0.6875 0.053125 0.034375
0 0.94921875 0.06875 0.0453125 0.0265625
0 0.75 0.06953125 0.0484375 0.0296875
0 0.896875 0.06953125 0.0484375 0.034375
0 0.4515625 0.06953125 0.0484375 0.0296875
0 0.5015625 0.06953125 0.0484375 0.025
0 0.54921875 0.06953125 0.0484375 0.0296875
0 0.1203125 0.6890625 0.053125 0.03125
0 0.01796875 0.6890625 0.0359375 0.03125
0 0.1765625 0.6890625 0.053125 0.03125
0 0.33671875 0.68984375 0.053125 0.028125
0 0.39296875 0.68984375 0.053125 0.034375
0 0.23046875 0.69140625 0.053125 0.03125
0 0.28359375 0.69375 0.053125 0.03125
0 0.96640625 0.703125 0.0484375 0.0296875
0 0.7609375 0.70703125 0.0484375 0.03125
0 0.709375 0.7078125 0.0515625 0.028125
0 0.8125 0.7078125 0.053125 0.034375
0 0.915625 0.7078125 0.053125 0.028125
0 0.86328125 0.709375 0.0515625 0.03125
0 0.79921875 0.07109375 0.0484375 0.0265625
0 0.60234375 0.07109375 0.0484375 0.0265625
0 0.84765625 0.071875 0.0453125 0.025
0 0.6578125 0.71171875 0.0515625 0.03125
0 0.44921875 0.71171875 0.0515625 0.0265625
0 0.50234375 0.71171875 0.0515625 0.03125
0 0.60703125 0.71171875 0.0515625 0.0265625
0 0.55546875 0.7125 0.053125 0.0390625
0 0.1765625 0.7171875 0.053125 0.03125
0 0.0625 0.72109375 0.05625 0.034375
0 0.0171875 0.72109375 0.034375 0.028125
0 0.23046875 0.72109375 0.053125 0.034375
0 0.33671875 0.72109375 0.053125 0.028125
0 0.1203125 0.72265625 0.053125 0.03125
0 0.3921875 0.72265625 0.053125 0.03125
0 0.2828125 0.725 0.053125 0.0359375
0 0.65390625 0.0734375 0.0484375 0.03125
0 0.9671875 0.7359375 0.0484375 0.03125
0 0.759375 0.73828125 0.053125 0.03125
0 0.8125 0.73828125 0.053125 0.03125
0 0.7078125 0.7390625 0.0484375 0.028125
0 0.8640625 0.740625 0.053125 0.03125
0 0.915625 0.740625 0.0515625 0.03125
0 0.6578125 0.74140625 0.0515625 0.028125
0 0.45078125 0.74296875 0.0515625 0.03125
0 0.60703125 0.74296875 0.0515625 0.03125
0 0.50234375 0.74296875 0.053125 0.034375
0 0.55546875 0.74296875 0.0515625 0.034375
0 0.17578125 0.7515625 0.053125 0.03125
0 0.0171875 0.75234375 0.034375 0.028125
0 0.11875 0.75390625 0.05625 0.03125
0 0.2828125 0.75390625 0.053125 0.03125
0 0.33671875 0.7546875 0.053125 0.034375
0 0.3921875 0.7546875 0.053125 0.028125
0 0.0609375 0.7546875 0.053125 0.034375
0 0.2296875 0.75625 0.053125 0.03125
0 0.9671875 0.765625 0.0484375 0.0296875
0 0.7609375 0.7671875 0.053125 0.03125
0 0.8140625 0.76953125 0.053125 0.03125
0 0.8640625 0.76953125 0.0515625 0.03125
0 0.91796875 0.76953125 0.0515625 0.0265625
0 0.7078125 0.7703125 0.0484375 0.028125
0 0.60703125 0.771875 0.0515625 0.03125
0 0.6578125 0.771875 0.0515625 0.028125
0 0.50234375 0.771875 0.0515625 0.028125
0 0.55546875 0.771875 0.053125 0.034375
0 0.45078125 0.77265625 0.0515625 0.03125
0 0.0296875 0.0796875 0.053125 0.034375
0 0.0171875 0.78359375 0.034375 0.028125
0 0.17578125 0.78359375 0.053125 0.028125
0 0.05859375 0.78359375 0.053125 0.028125
0 0.390625 0.78515625 0.053125 0.03125
0 0.11875 0.7859375 0.05625 0.0296875
0 0.2296875 0.7859375 0.053125 0.0296875
0 0.2828125 0.7859375 0.053125 0.0296875
0 0.33671875 0.7859375 0.053125 0.0296875
0 0.7609375 0.78984375 0.053125 0.0203125
0 0.9703125 0.78984375 0.0484375 0.0203125
0 0.91796875 0.790625 0.053125 0.0203125
0 0.34375 0.08515625 0.0515625 0.03125
0 0.0828125 0.08515625 0.053125 0.034375
0 0.13828125 0.08671875 0.053125 0.03125
0 0.19140625 0.08671875 0.053125 0.03125
0 0.24140625 0.09140625 0.0515625 0.03125
0 0.3953125 0.09140625 0.0515625 0.03125
0 0.2921875 0.0921875 0.0515625 0.028125
0 0.7015625 0.09375 0.0453125 0.0265625
0 0.45078125 0.09609375 0.0484375 0.028125
0 0.7515625 0.09765625 0.0484375 0.0265625
0 0.79921875 0.09765625 0.0484375 0.0265625
0 0.5015625 0.09765625 0.0484375 0.0265625
0 0.8484375 0.0984375 0.0484375 0.0296875
0 0.95078125 0.0984375 0.0484375 0.0296875
0 0.55078125 0.0984375 0.0484375 0.0296875
0 0.603125 0.1 0.0484375 0.03125
0 0.65390625 0.10078125 0.0484375 0.0296875
0 0.896875 0.10234375 0.0484375 0.0265625
0 0.02890625 0.1078125 0.053125 0.028125
0 0.4515625 0.0109375 0.0484375 0.021875
0 0.70078125 0.01171875 0.0484375 0.0234375
0 0.08203125 0.11328125 0.053125 0.03125
0 0.3421875 0.1140625 0.0515625 0.0296875
0 0.13671875 0.115625 0.053125 0.03125
0 0.18984375 0.115625 0.0515625 0.03125
0 0.24140625 0.1203125 0.0515625 0.03125
0 0.2921875 0.1203125 0.0484375 0.03125
0 0.3953125 0.12109375 0.0484375 0.0296875
0 0.7015625 0.1234375 0.0484375 0.0296875
0 0.80078125 0.125 0.0484375 0.0296875
0 0.7515625 0.1265625 0.0484375 0.0265625
0 0.95078125 0.1265625 0.0484375 0.03125
0 0.45078125 0.1265625 0.0484375 0.0265625
0 0.5015625 0.1265625 0.0484375 0.0265625
0 0.55078125 0.1265625 0.0484375 0.0265625
0 0.896875 0.12734375 0.0484375 0.0296875
0 0.603125 0.12734375 0.0484375 0.034375
0 0.65390625 0.12890625 0.0484375 0.03125
0 0.8484375 0.12890625 0.0453125 0.0265625
0 0.65234375 0.01328125 0.0484375 0.0265625
0 0.5 0.01328125 0.0484375 0.0265625
0 0.74765625 0.0140625 0.0484375 0.028125
0 0.79765625 0.0140625 0.0484375 0.028125
0 0.54921875 0.0140625 0.0484375 0.028125
0 0.60234375 0.0140625 0.0484375 0.028125
0 0.02734375 0.1359375 0.053125 0.03125
0 0.08203125 0.14296875 0.053125 0.0296875
0 0.18984375 0.14296875 0.0515625 0.0296875
0 0.1359375 0.14453125 0.053125 0.03125
0 0.34375 0.146875 0.0515625 0.03125
0 0.240625 0.14921875 0.0515625 0.03125
0 0.703125 0.15 0.0484375 0.0296875
0 0.2921875 0.15 0.0515625 0.0296875
0 0.3953125 0.1515625 0.0515625 0.03125
0 0.7515625 0.15390625 0.0484375 0.0296875
0 0.80078125 0.15390625 0.0484375 0.0296875
0 0.89765625 0.15390625 0.0484375 0.0296875
0 0.9515625 0.15390625 0.0484375 0.0296875
0 0.4515625 0.15390625 0.0484375 0.0296875
0 0.55078125 0.15390625 0.0484375 0.0296875
0 0.84765625 0.015625 0.0484375 0.03125
0 0.94609375 0.015625 0.0453125 0.03125
0 0.8953125 0.0171875 0.0484375 0.0296875
0 0.603125 0.1546875 0.0484375 0.03125
0 0.85 0.15625 0.0484375 0.0296875
0 0.50234375 0.15625 0.0484375 0.0296875
0 0.65390625 0.15859375 0.0484375 0.0296875
0 0.0265625 0.165625 0.053125 0.0296875
0 0.0796875 0.1703125 0.053125 0.0359375
0 0.1890625 0.17421875 0.053125 0.0296875
0 0.3421875 0.17578125 0.0515625 0.03125
0 0.134375 0.1765625 0.053125 0.0296875
0 0.240625 0.1765625 0.0484375 0.0296875
0 0.3953125 0.17890625 0.0515625 0.0296875
0 0.703125 0.18046875 0.0484375 0.0265625
0 0.2921875 0.18046875 0.0515625 0.0265625
0 0.8015625 0.1828125 0.0484375 0.0265625
0 0.75234375 0.18359375 0.0484375 0.0296875
0 0.9515625 0.18359375 0.0453125 0.0296875
0 0.44921875 0.18359375 0.0484375 0.0296875
0 0.89921875 0.18359375 0.0484375 0.03125
0 0.5 0.18359375 0.0484375 0.0265625
0 0.65390625 0.18515625 0.0484375 0.0296875
0 0.85078125 0.18515625 0.0484375 0.0296875
0 0.55078125 0.18515625 0.0484375 0.0296875
0 0.603125 0.1875 0.0484375 0.0296875
0 0.0265625 0.196875 0.053125 0.034375
0 0.03125 0.021875 0.053125 0.0296875
0 0.0796875 0.20078125 0.053125 0.0296875
0 0.134375 0.203125 0.053125 0.0296875
0 0.1890625 0.20546875 0.053125 0.0296875
0 0.3421875 0.20546875 0.0515625 0.0296875
0 0.2921875 0.20703125 0.0515625 0.0265625
0 0.3953125 0.20703125 0.0515625 0.03125
0 0.240625 0.2078125 0.0515625 0.0328125
0 0.703125 0.21015625 0.0484375 0.0296875
0 0.953125 0.21015625 0.0484375 0.0296875
0 0.9 0.21171875 0.0484375 0.03125
0 0.45078125 0.21171875 0.0484375 0.0265625
0 0.55078125 0.21171875 0.0484375 0.03125
0 0.75234375 0.2125 0.0484375 0.0296875
0 0.8015625 0.2125 0.0484375 0.0296875
0 0.85078125 0.2125 0.0484375 0.025
0 0.5 0.2125 0.0484375 0.0296875
0 0.6046875 0.2140625 0.0484375 0.0296875
0 0.6546875 0.21640625 0.0484375 0.0296875