0 0.10234375 0.14765625 0.2046875 0.0984375
0 0.49765625 0.2171875 0.525 0.10625
0 0.89375 0.22265625 0.2125 0.1078125
0 0.1078125 0.2828125 0.215625 0.1
0 0.4890625 0.33984375 0.525 0.10625
0 0.89140625 0.34765625 0.2171875 0.1046875
0 0.1078125 0.41484375 0.215625 0.1078125
0 0.8890625 0.4625 0.221875 0.0828125
0 0.49296875 0.4671875 0.525 0.10625
0 0.1046875 0.046875 0.209375 0.09375
0 0.1046875 0.5421875 0.209375 0.103125
0 0.884375 0.5921875 0.23125 0.103125
0 0.49609375 0.5984375 0.5203125 0.10625
0 0.10234375 0.68046875 0.2046875 0.1203125
0 0.50859375 0.7234375 0.5203125 0.10625
0 0.88671875 0.725 0.2265625 0.103125
0 0.103125 0.8125 0.20625 0.115625
0 0.50703125 0.85078125 0.521875 0.103125
0 0.88671875 0.85234375 0.2265625 0.1015625
0 0.49609375 0.09140625 0.5171875 0.10625
0 0.9015625 0.09375 0.196875 0.1015625