0 0.33203125 0.1234375 0.2453125 0.0484375
0 0.83984375 0.1296875 0.2453125 0.053125
0 0.10078125 0.13828125 0.2 0.0609375
0 0.58671875 0.1390625 0.2421875 0.0515625
0 0.3328125 0.1875 0.2484375 0.0515625
0 0.834375 0.01953125 0.240625 0.0390625
0 0.83671875 0.1921875 0.240625 0.0484375
0 0.58984375 0.1984375 0.2453125 0.0484375
0 0.09609375 0.19921875 0.1921875 0.0671875
0 0.3328125 0.021875 0.2484375 0.04375
0 0.584375 0.02265625 0.246875 0.0453125
0 0.33203125 0.2484375 0.25 0.0515625
0 0.09921875 0.025 0.1984375 0.05
0 0.84140625 0.25390625 0.24375 0.053125
0 0.5921875 0.25703125 0.24375 0.0515625
0 0.0953125 0.259375 0.190625 0.0671875
0 0.33203125 0.3109375 0.25 0.0515625
0 0.84140625 0.31484375 0.2453125 0.0546875
0 0.5921875 0.31953125 0.246875 0.053125
0 0.09609375 0.3234375 0.1921875 0.065625
0 0.334375 0.37109375 0.25 0.053125
0 0.84375 0.375 0.24375 0.0578125
0 0.59375 0.3796875 0.2484375 0.0484375
0 0.09609375 0.38359375 0.1921875 0.0609375
0 0.84765625 0.4390625 0.24375 0.0625
0 0.32578125 0.44140625 0.2515625 0.0625
0 0.59609375 0.4421875 0.25 0.053125
0 0.09609375 0.44609375 0.1921875 0.0625
0 0.85234375 0.49765625 0.24375 0.0578125
0 0.32421875 0.4984375 0.253125 0.0484375
0 0.5984375 0.50859375 0.25 0.0515625
0 0.09609375 0.50859375 0.1921875 0.065625
0 0.8453125 0.55859375 0.240625 0.0609375
0 0.3234375 0.5640625 0.253125 0.0515625
0 0.59375 0.56875 0.2484375 0.0484375
0 0.09765625 0.5734375 0.1921875 0.065625
0 0.84375 0.62265625 0.24375 0.0578125
0 0.32578125 0.625 0.2515625 0.053125
0 0.59140625 0.6296875 0.25 0.0484375
0 0.0984375 0.63671875 0.196875 0.0625
0 0.33515625 0.06640625 0.2484375 0.0484375
0 0.8390625 0.6875 0.2421875 0.053125
0 0.3265625 0.6890625 0.253125 0.0484375
0 0.58984375 0.6921875 0.25 0.0484375
0 0.8375 0.06953125 0.240625 0.0484375
0 0.0984375 0.703125 0.19375 0.071875
0 0.83984375 0.7484375 0.24375 0.053125
0 0.3296875 0.75390625 0.2546875 0.053125
0 0.1 0.07578125 0.196875 0.065625
0 0.5875 0.7546875 0.253125 0.0484375
0 0.0984375 0.7671875 0.196875 0.0703125
0 0.5875 0.078125 0.2453125 0.053125
0 0.83984375 0.8078125 0.240625 0.0484375
0 0.3296875 0.81640625 0.2546875 0.0484375
0 0.5921875 0.8171875 0.2515625 0.0453125
0 0.1 0.82109375 0.196875 0.0578125
0 0.84609375 0.86875 0.2390625 0.053125
0 0.59375 0.87734375 0.25 0.053125
0 0.09765625 0.88125 0.1953125 0.0484375
0 0.32421875 0.88125 0.2546875 0.04375