0 0.5 0.109375 0.1375 0.0296875
0 0.634375 0.109375 0.134375 0.0265625
0 0.07578125 0.12109375 0.1515625 0.0296875
0 0.22109375 0.12265625 0.1390625 0.0296875
0 0.771875 0.125 0.1296875 0.03125
0 0.3609375 0.125 0.1390625 0.0296875
0 0.90859375 0.12734375 0.128125 0.034375
0 0.90390625 0.01328125 0.1296875 0.0265625
0 0.7703125 0.0140625 0.1296875 0.0265625
0 0.4984375 0.13828125 0.134375 0.0296875
0 0.634375 0.140625 0.134375 0.0296875
0 0.77265625 0.1515625 0.1296875 0.0265625
0 0.07109375 0.15234375 0.1421875 0.0359375
0 0.9078125 0.15390625 0.125 0.0296875
0 0.209375 0.15390625 0.1390625 0.03125
0 0.35 0.15390625 0.1390625 0.0296875
0 0.490625 0.1703125 0.134375 0.0296875
0 0.62890625 0.171875 0.1328125 0.0265625
0 0.7640625 0.18125 0.1328125 0.0296875
0 0.90625 0.1828125 0.128125 0.03125
0 0.21015625 0.18515625 0.1375 0.03125
0 0.07109375 0.1859375 0.1390625 0.0328125
0 0.35 0.1875 0.1390625 0.025
0 0.4984375 0.01953125 0.134375 0.0265625
0 0.62890625 0.2015625 0.1328125 0.0296875
0 0.490625 0.2015625 0.134375 0.0265625
0 0.63359375 0.0203125 0.1328125 0.0296875
0 0.7640625 0.209375 0.1328125 0.03125
0 0.07109375 0.2140625 0.1421875 0.0359375
0 0.90390625 0.2140625 0.1328125 0.0296875
0 0.21015625 0.2171875 0.1390625 0.034375
0 0.35078125 0.21875 0.1390625 0.0296875
0 0.62890625 0.23203125 0.1328125 0.0296875
0 0.49140625 0.23203125 0.1375 0.0265625
0 0.7640625 0.23671875 0.1328125 0.0265625
0 0.90234375 0.24375 0.1328125 0.0296875
0 0.07109375 0.24375 0.1390625 0.034375
0 0.21015625 0.24609375 0.1390625 0.0265625
0 0.35078125 0.25 0.1390625 0.0265625
0 0.490625 0.26171875 0.1375 0.0296875
0 0.62890625 0.26328125 0.134375 0.03125
0 0.7640625 0.265625 0.1328125 0.0265625
0 0.0796875 0.02734375 0.1453125 0.03125
0 0.90234375 0.27265625 0.1328125 0.0265625
0 0.06875 0.275 0.1375 0.0265625
0 0.21015625 0.2765625 0.1390625 0.0265625
0 0.35078125 0.28125 0.1390625 0.0265625
0 0.490625 0.2921875 0.1390625 0.0234375
0 0.62890625 0.2921875 0.1328125 0.0296875
0 0.7640625 0.29453125 0.1328125 0.0296875
0 0.90234375 0.29921875 0.1328125 0.0234375
0 0.06875 0.30546875 0.134375 0.0296875
0 0.209375 0.3078125 0.1375 0.0296875
0 0.22265625 0.03125 0.1375 0.03125
0 0.34765625 0.31484375 0.1390625 0.0296875
0 0.4890625 0.321875 0.1375 0.0265625
0 0.62734375 0.321875 0.1375 0.0296875
0 0.7640625 0.32578125 0.1328125 0.0296875
0 0.90390625 0.33203125 0.1328125 0.0296875
0 0.2078125 0.33984375 0.1390625 0.03125
0 0.06875 0.34140625 0.1375 0.0328125
0 0.3484375 0.34375 0.1390625 0.0296875
0 0.62890625 0.35234375 0.1375 0.0265625
0 0.4890625 0.35234375 0.1375 0.0234375
0 0.7671875 0.353125 0.1328125 0.0265625
0 0.359375 0.0359375 0.1375 0.0265625
0 0.9046875 0.3609375 0.1328125 0.0296875
0 0.06875 0.36640625 0.1375 0.03125
0 0.2078125 0.36875 0.1390625 0.0234375
0 0.35 0.375 0.1390625 0.0296875
0 0.6296875 0.38125 0.1375 0.0296875
0 0.490625 0.38203125 0.1390625 0.0265625
0 0.76796875 0.38203125 0.1328125 0.0265625
0 0.90390625 0.3890625 0.1328125 0.0265625
0 0.06953125 0.39921875 0.1390625 0.034375
0 0.2078125 0.39921875 0.1390625 0.0296875
0 0.35 0.4046875 0.1390625 0.025
0 0.7703125 0.040625 0.1296875 0.0296875
0 0.63125 0.41015625 0.1375 0.034375
0 0.490625 0.4125 0.1390625 0.0265625
0 0.76796875 0.41484375 0.1328125 0.025
0 0.90390625 0.415625 0.1328125 0.0265625
0 0.9078125 0.0421875 0.1296875 0.0265625
0 0.2078125 0.428125 0.1390625 0.0265625
0 0.06875 0.428125 0.1375 0.0265625
0 0.35 0.43515625 0.1390625 0.021875
0 0.63125 0.43984375 0.1375 0.03125
0 0.49140625 0.4421875 0.1390625 0.0265625
0 0.76953125 0.44375 0.134375 0.0265625
0 0.9046875 0.4484375 0.128125 0.025
0 0.06875 0.4578125 0.134375 0.0265625
0 0.2078125 0.459375 0.1390625 0.0296875
0 0.35 0.4671875 0.1390625 0.021875
0 0.49765625 0.0484375 0.134375 0.0265625
0 0.63203125 0.47109375 0.1375 0.0296875
0 0.49140625 0.47265625 0.1390625 0.0265625
0 0.7703125 0.4734375 0.134375 0.0265625
0 0.9046875 0.4796875 0.1296875 0.0265625
0 0.06875 0.4859375 0.1375 0.025
0 0.2078125 0.4890625 0.1390625 0.0296875
0 0.35078125 0.49765625 0.1390625 0.0265625
0 0.63203125 0.50234375 0.1375 0.028125
0 0.49296875 0.50390625 0.1390625 0.025
0 0.7703125 0.50390625 0.134375 0.0296875
0 0.9046875 0.50859375 0.1296875 0.0296875
0 0.634375 0.0515625 0.1328125 0.0265625
0 0.06875 0.51796875 0.134375 0.028125
0 0.20703125 0.5203125 0.1421875 0.028125
0 0.35 0.5265625 0.1390625 0.0265625
0 0.63359375 0.5328125 0.1375 0.0265625
0 0.49296875 0.53359375 0.1390625 0.0265625
0 0.7703125 0.5359375 0.1328125 0.0265625
0 0.9046875 0.5375 0.1296875 0.0265625
0 0.0671875 0.5484375 0.134375 0.0265625
0 0.20546875 0.5515625 0.1390625 0.028125
0 0.35 0.55390625 0.1390625 0.021875
0 0.63203125 0.56015625 0.1390625 0.0265625
0 0.771875 0.5640625 0.1328125 0.028125
0 0.49375 0.56484375 0.1421875 0.025
0 0.9046875 0.56875 0.1296875 0.028125
0 0.0671875 0.5765625 0.134375 0.028125
0 0.20546875 0.58203125 0.1421875 0.034375
0 0.35078125 0.58671875 0.1390625 0.0234375
0 0.63203125 0.59140625 0.1375 0.025
0 0.9046875 0.5921875 0.1296875 0.028125
0 0.7703125 0.59375 0.1328125 0.0296875
0 0.49375 0.5953125 0.1390625 0.0265625
0 0.0796875 0.06015625 0.1453125 0.03125
0 0.06875 0.61171875 0.134375 0.03125
0 0.20546875 0.61328125 0.1390625 0.0296875
0 0.35078125 0.61640625 0.1421875 0.0234375
0 0.63203125 0.62265625 0.134375 0.0265625
0 0.49296875 0.6234375 0.1421875 0.0265625
0 0.7703125 0.6234375 0.134375 0.028125
0 0.90625 0.6234375 0.1328125 0.028125
0 0.22265625 0.0625 0.1390625 0.0296875
0 0.06875 0.64296875 0.134375 0.03125
0 0.20546875 0.6453125 0.1390625 0.0265625
0 0.35078125 0.646875 0.1390625 0.0265625
0 0.3609375 0.06484375 0.1375 0.0265625
0 0.63125 0.6515625 0.1375 0.028125
0 0.90625 0.65390625 0.1296875 0.0265625
0 0.49296875 0.65390625 0.1390625 0.025
0 0.771875 0.6546875 0.1328125 0.028125
0 0.06875 0.6734375 0.134375 0.028125
0 0.35234375 0.67421875 0.1390625 0.028125
0 0.20703125 0.67578125 0.1421875 0.0265625
0 0.90859375 0.06875 0.128125 0.028125
0 0.771875 0.06875 0.1296875 0.03125
0 0.63203125 0.68125 0.1375 0.0265625
0 0.49375 0.6828125 0.1390625 0.0265625
0 0.7703125 0.68359375 0.1328125 0.03125
0 0.9078125 0.68359375 0.1328125 0.0265625
0 0.06875 0.703125 0.1375 0.0296875
0 0.35078125 0.7046875 0.1390625 0.0265625
0 0.20703125 0.70703125 0.1390625 0.0296875
0 0.76953125 0.71171875 0.1328125 0.0265625
0 0.63125 0.71171875 0.1375 0.028125
0 0.9046875 0.7125 0.1328125 0.028125
0 0.49296875 0.7125 0.1390625 0.028125
0 0.06953125 0.734375 0.1390625 0.0265625
0 0.35234375 0.73671875 0.1390625 0.028125
0 0.21171875 0.73828125 0.1421875 0.0296875
0 0.76796875 0.740625 0.1328125 0.0265625
0 0.9046875 0.74140625 0.1328125 0.021875
0 0.49375 0.74140625 0.1390625 0.0265625
0 0.63125 0.74140625 0.134375 0.0265625
0 0.634375 0.078125 0.1328125 0.0265625
0 0.4984375 0.08046875 0.134375 0.0265625
0 0.3578125 0.00859375 0.1390625 0.0171875
0 0.0796875 0.09140625 0.1453125 0.0265625
0 0.22109375 0.0921875 0.1375 0.028125
0 0.3609375 0.09375 0.1390625 0.0265625
0 0.771875 0.0984375 0.128125 0.034375
0 0.90859375 0.0984375 0.128125 0.034375