0 0.203125 0.2140625 0.2 0.0390625
0 0.421875 0.22265625 0.1953125 0.0390625
0 0.63359375 0.225 0.184375 0.0390625
0 0.82109375 0.24765625 0.165625 0.034375
0 0.16796875 0.25859375 0.2 0.040625
0 0.634375 0.2703125 0.1828125 0.04375
0 0.421875 0.271875 0.1953125 0.0359375
0 0.82109375 0.28984375 0.1640625 0.0359375
0 0.171875 0.3109375 0.196875 0.0390625
0 0.63203125 0.31640625 0.184375 0.04375
0 0.4171875 0.32109375 0.1953125 0.0390625
0 0.82109375 0.33203125 0.165625 0.034375
0 0.62890625 0.3609375 0.18125 0.0390625
0 0.171875 0.36328125 0.2015625 0.0390625
0 0.415625 0.36875 0.196875 0.0359375
0 0.821875 0.37265625 0.1734375 0.0328125
0 0.62734375 0.40625 0.1828125 0.0390625
0 0.16484375 0.4109375 0.2 0.040625
0 0.41484375 0.41484375 0.196875 0.0390625
0 0.82421875 0.415625 0.1703125 0.0328125
0 0.6265625 0.453125 0.1828125 0.0390625
0 0.82578125 0.46015625 0.1703125 0.034375
0 0.165625 0.46171875 0.2 0.040625
0 0.41484375 0.46171875 0.196875 0.0390625
0 0.625 0.5 0.1828125 0.0359375
0 0.8265625 0.50390625 0.1703125 0.034375
0 0.41484375 0.509375 0.196875 0.0359375
0 0.16953125 0.5109375 0.196875 0.0390625
0 0.81953125 0.54453125 0.1703125 0.034375
0 0.6265625 0.55625 0.184375 0.034375
0 0.41484375 0.55625 0.196875 0.0390625
0 0.1671875 0.56015625 0.196875 0.040625
0 0.82421875 0.58671875 0.1765625 0.0234375
0 0.62265625 0.5984375 0.1828125 0.0359375
0 0.41484375 0.6046875 0.196875 0.034375
0 0.16796875 0.6078125 0.2 0.0390625
0 0.821875 0.63125 0.1765625 0.028125
0 0.6234375 0.64296875 0.184375 0.0359375
0 0.41484375 0.65390625 0.19375 0.0359375
0 0.1703125 0.6546875 0.2 0.0359375
0 0.821875 0.6765625 0.178125 0.034375
0 0.61796875 0.68984375 0.184375 0.0359375
0 0.415625 0.70078125 0.1953125 0.03125
0 0.16953125 0.70546875 0.2015625 0.0359375
0 0.82109375 0.7203125 0.1765625 0.03125
0 0.62109375 0.7359375 0.1828125 0.034375
0 0.41484375 0.74609375 0.196875 0.034375
0 0.16796875 0.75390625 0.2015625 0.0359375
0 0.81953125 0.76171875 0.178125 0.0265625
0 0.6203125 0.77734375 0.184375 0.0296875
0 0.80859375 0.78515625 0.1703125 0.0296875
0 0.41484375 0.7921875 0.1921875 0.028125
0 0.6140625 0.80390625 0.178125 0.0234375
0 0.16328125 0.80546875 0.2015625 0.0390625
0 0.41328125 0.81953125 0.1921875 0.0265625
0 0.17578125 0.83515625 0.1921875 0.0265625