0 0.62890625 0.01328125 0.1703125 0.0265625
0 0.27421875 0.01328125 0.1765625 0.0265625
0 0.45078125 0.0140625 0.1734375 0.0265625
0 0.81484375 0.0140625 0.1734375 0.028125
0 0.4515625 0.15234375 0.1703125 0.034375
0 0.0890625 0.15390625 0.1765625 0.0359375
0 0.81015625 0.15390625 0.1734375 0.0359375
0 0.27265625 0.1546875 0.1765625 0.0328125
0 0.62734375 0.1546875 0.1734375 0.0359375
0 0.9515625 0.015625 0.096875 0.03125
0 0.94921875 0.15859375 0.1015625 0.0359375
0 0.45078125 0.1875 0.1734375 0.0390625
0 0.0890625 0.1890625 0.1765625 0.040625
0 0.27265625 0.18984375 0.1765625 0.0359375
0 0.8078125 0.18984375 0.1734375 0.0359375
0 0.62890625 0.18984375 0.1703125 0.040625
0 0.9484375 0.19609375 0.103125 0.0328125
0 0.45078125 0.22265625 0.1734375 0.0359375
0 0.62890625 0.225 0.1703125 0.0390625
0 0.8078125 0.22578125 0.1703125 0.0390625
0 0.27265625 0.22734375 0.178125 0.0359375
0 0.08984375 0.228125 0.1765625 0.0390625
0 0.946875 0.2296875 0.10625 0.0359375
0 0.62734375 0.259375 0.1703125 0.0390625
0 0.44921875 0.2609375 0.1734375 0.040625
0 0.27421875 0.26171875 0.1734375 0.0359375
0 0.80546875 0.26171875 0.1734375 0.0390625
0 0.0890625 0.26171875 0.1765625 0.0359375
0 0.946875 0.2640625 0.10625 0.0390625
0 0.27265625 0.29296875 0.1765625 0.034375
0 0.62734375 0.29453125 0.1703125 0.0390625
0 0.09140625 0.296875 0.1765625 0.034375
0 0.44921875 0.296875 0.1734375 0.0359375
0 0.80390625 0.29921875 0.1765625 0.0390625
0 0.946875 0.30078125 0.10625 0.0390625
0 0.27265625 0.32578125 0.178125 0.0296875
0 0.4484375 0.328125 0.1734375 0.03125
0 0.62734375 0.3296875 0.1703125 0.0390625
0 0.94609375 0.33203125 0.1078125 0.034375
0 0.803125 0.3328125 0.1703125 0.03125
0 0.0921875 0.33515625 0.1765625 0.0390625
0 0.22734375 0.35546875 0.196875 0.0359375
0 0.4265625 0.36171875 0.190625 0.0359375
0 0.6265625 0.36796875 0.1953125 0.04375
0 0.82421875 0.3703125 0.1953125 0.0390625
0 0.96015625 0.37265625 0.0796875 0.04375
0 0.0625 0.3796875 0.125 0.0390625
0 0.22734375 0.39765625 0.19375 0.0359375
0 0.428125 0.4015625 0.1921875 0.04375
0 0.62890625 0.4078125 0.190625 0.0390625
0 0.821875 0.41015625 0.190625 0.0359375
0 0.95859375 0.4125 0.0828125 0.040625
0 0.0640625 0.4203125 0.128125 0.0390625
0 0.08671875 0.04296875 0.1703125 0.0390625
0 0.23203125 0.4390625 0.196875 0.0359375
0 0.8125 0.04453125 0.1765625 0.0390625
0 0.4515625 0.04453125 0.1703125 0.0390625
0 0.428125 0.44140625 0.1921875 0.04375
0 0.82109375 0.4484375 0.190625 0.0390625
0 0.62734375 0.4484375 0.1953125 0.040625
0 0.95859375 0.45078125 0.0828125 0.0421875
0 0.62890625 0.0453125 0.1703125 0.0390625
0 0.0609375 0.4609375 0.121875 0.040625
0 0.27421875 0.0484375 0.1734375 0.0328125
0 0.2296875 0.48046875 0.196875 0.034375
0 0.428125 0.48046875 0.1921875 0.040625
0 0.6265625 0.48671875 0.190625 0.0390625
0 0.82109375 0.48828125 0.190625 0.034375
0 0.9578125 0.49140625 0.084375 0.040625
0 0.0609375 0.5015625 0.121875 0.0375
0 0.95078125 0.05078125 0.0984375 0.0390625
0 0.42890625 0.5203125 0.190625 0.0390625
0 0.23203125 0.52265625 0.1953125 0.0390625
0 0.62734375 0.525 0.1875 0.0390625
0 0.81953125 0.52734375 0.190625 0.0390625
0 0.9578125 0.5296875 0.084375 0.0390625
0 0.0625 0.540625 0.125 0.034375
0 0.428125 0.56015625 0.1875 0.0390625
0 0.23203125 0.5625 0.196875 0.0390625
0 0.81953125 0.56484375 0.1921875 0.04375
0 0.62734375 0.56484375 0.190625 0.04375
0 0.9578125 0.56875 0.084375 0.0359375
0 0.0625 0.5765625 0.125 0.034375
0 0.428125 0.5984375 0.1875 0.040625
0 0.234375 0.60234375 0.1953125 0.0359375
0 0.81953125 0.603125 0.1921875 0.0390625
0 0.6265625 0.603125 0.190625 0.0359375
0 0.95625 0.60625 0.0875 0.0375
0 0.0625 0.61796875 0.125 0.0390625
0 0.42890625 0.63671875 0.190625 0.0390625
0 0.2328125 0.640625 0.1921875 0.0359375
0 0.6265625 0.64296875 0.190625 0.04375
0 0.81875 0.64453125 0.190625 0.0390625
0 0.95625 0.64375 0.0875 0.034375
0 0.0625 0.65625 0.125 0.0390625
0 0.42890625 0.67578125 0.190625 0.034375
0 0.2328125 0.68125 0.1921875 0.0359375
0 0.81875 0.68125 0.190625 0.034375
0 0.95625 0.68203125 0.0875 0.0390625
0 0.625 0.6828125 0.1875 0.0390625
0 0.0625 0.69375 0.125 0.0359375
0 0.42890625 0.71171875 0.190625 0.0359375
0 0.2328125 0.71875 0.1921875 0.0359375
0 0.8171875 0.72109375 0.1921875 0.034375
0 0.95625 0.72109375 0.0875 0.0359375
0 0.625 0.72109375 0.1875 0.0359375
0 0.0625 0.73203125 0.125 0.0359375
0 0.42890625 0.75234375 0.190625 0.040625
0 0.234375 0.7546875 0.1921875 0.0359375
0 0.95546875 0.75625 0.0890625 0.0359375
0 0.8171875 0.75859375 0.1875 0.034375
0 0.625 0.75859375 0.1875 0.0390625
0 0.0640625 0.76796875 0.128125 0.0359375
0 0.42890625 0.78828125 0.190625 0.0359375
0 0.0875 0.0796875 0.1734375 0.040625
0 0.234375 0.79296875 0.1921875 0.0359375
0 0.62265625 0.79453125 0.190625 0.0359375
0 0.95625 0.79453125 0.0875 0.0390625
0 0.8171875 0.796875 0.190625 0.03125
0 0.0640625 0.803125 0.128125 0.0359375
0 0.27421875 0.08203125 0.1765625 0.040625
0 0.4515625 0.08203125 0.1703125 0.040625
0 0.62734375 0.0828125 0.1703125 0.0359375
0 0.42890625 0.8296875 0.1875 0.0390625
0 0.62109375 0.83046875 0.1875 0.0390625
0 0.8109375 0.084375 0.1765625 0.0375
0 0.95625 0.83203125 0.0875 0.0359375
0 0.2359375 0.834375 0.1921875 0.0359375
0 0.81640625 0.83515625 0.190625 0.03125
0 0.06484375 0.84140625 0.1296875 0.04375
0 0.43046875 0.86328125 0.1859375 0.0390625
0 0.23671875 0.865625 0.1921875 0.03125
0 0.95546875 0.86640625 0.0890625 0.03125
0 0.6203125 0.86640625 0.1875 0.03125
0 0.8140625 0.86796875 0.190625 0.0296875
0 0.95078125 0.08671875 0.0984375 0.0359375
0 0.06484375 0.8703125 0.1296875 0.0265625
0 0.45078125 0.115625 0.1734375 0.034375
0 0.0890625 0.11640625 0.178125 0.0390625
0 0.08671875 0.01171875 0.1734375 0.0234375
0 0.81015625 0.11796875 0.1734375 0.0359375
0 0.27421875 0.11875 0.1734375 0.0328125
0 0.62734375 0.1203125 0.1703125 0.0390625
0 0.94921875 0.12265625 0.1015625 0.0390625