0 0.45546875 0.82421875 0.2359375 0.040625
0 0.7921875 0.834375 0.3265625 0.034375
0 0.7921875 0.8765625 0.321875 0.0359375
0 0.46171875 0.1046875 0.2453125 0.034375
0 0.4625 0.14765625 0.240625 0.0328125
0 0.7296875 0.1625 0.2421875 0.0328125
0 0.2171875 0.18125 0.1828125 0.0265625
0 0.46171875 0.1875 0.240625 0.025
0 0.72578125 0.19609375 0.240625 0.0296875
0 0.22109375 0.21171875 0.1875 0.025
0 0.459375 0.22734375 0.240625 0.0296875
0 0.72578125 0.22734375 0.240625 0.03125
0 0.2203125 0.24140625 0.1875 0.0234375
0 0.72734375 0.2515625 0.240625 0.0203125
0 0.459375 0.26796875 0.24375 0.0328125
0 0.22265625 0.2703125 0.1875 0.0234375
0 0.80859375 0.28359375 0.3421875 0.040625
0 0.22265625 0.3015625 0.1875 0.0265625
0 0.46015625 0.3078125 0.240625 0.03125
0 0.8078125 0.328125 0.340625 0.040625
0 0.2234375 0.33046875 0.1875 0.0265625
0 0.459375 0.33984375 0.240625 0.0359375
0 0.225 0.36328125 0.1875 0.0296875
0 0.80546875 0.37109375 0.3421875 0.0390625
0 0.46015625 0.37890625 0.240625 0.034375
0 0.2234375 0.39296875 0.1890625 0.0296875
0 0.8015625 0.4109375 0.3375 0.034375
0 0.46015625 0.41328125 0.240625 0.0296875
0 0.22265625 0.42421875 0.1921875 0.0296875
0 0.459375 0.45078125 0.240625 0.0390625
0 0.22109375 0.4515625 0.1921875 0.0296875
0 0.80390625 0.4546875 0.340625 0.0390625
0 0.2203125 0.48046875 0.1875 0.0296875
0 0.4578125 0.49140625 0.240625 0.034375
0 0.8015625 0.5015625 0.3375 0.0390625
0 0.2125 0.51328125 0.190625 0.0296875
0 0.45546875 0.53125 0.240625 0.03125
0 0.2125 0.540625 0.1875 0.0265625
0 0.8015625 0.54296875 0.3375 0.0390625
0 0.453125 0.5671875 0.2390625 0.034375
0 0.2125 0.57109375 0.1875 0.03125
0 0.79921875 0.58515625 0.3375 0.0390625
0 0.21640625 0.60078125 0.1875 0.028125
0 0.453125 0.60546875 0.240625 0.0296875
0 0.79921875 0.62734375 0.3328125 0.0390625
0 0.21484375 0.63203125 0.1875 0.0265625
0 0.453125 0.6453125 0.240625 0.034375
0 0.21875 0.65859375 0.1828125 0.028125
0 0.79921875 0.66953125 0.3328125 0.0390625
0 0.446875 0.678125 0.2390625 0.034375
0 0.22109375 0.6890625 0.18125 0.028125
0 0.796875 0.7140625 0.3328125 0.0390625
0 0.2234375 0.71484375 0.178125 0.0296875
0 0.446875 0.7171875 0.2359375 0.034375
0 0.240625 0.740625 0.1453125 0.034375
0 0.7953125 0.7546875 0.3328125 0.0390625
0 0.44921875 0.7546875 0.240625 0.034375
0 0.4578125 0.78984375 0.2390625 0.034375
0 0.7921875 0.796875 0.3265625 0.034375