0 0.165625 0.8703125 0.0453125 0.0203125
0 0.73671875 0.875 0.1953125 0.04375
0 0.92890625 0.89296875 0.1421875 0.0265625
0 0.2828125 0.89453125 0.1875 0.04375
0 0.50625 0.89453125 0.1828125 0.040625
0 0.74765625 0.90234375 0.1953125 0.0359375
0 0.91171875 0.1125 0.1765625 0.04375
0 0.91328125 0.14296875 0.1734375 0.0453125
0 0.728125 0.14765625 0.178125 0.0375
0 0.30546875 0.1609375 0.159375 0.04375
0 0.91484375 0.17421875 0.1703125 0.04375
0 0.7359375 0.178125 0.178125 0.0390625
0 0.3078125 0.1875 0.159375 0.04375
0 0.91484375 0.2015625 0.16875 0.04375
0 0.72734375 0.2078125 0.1828125 0.0375
0 0.30859375 0.2140625 0.159375 0.0390625
0 0.915625 0.23203125 0.16875 0.0515625
0 0.72734375 0.23828125 0.1828125 0.04375
0 0.31015625 0.24140625 0.1578125 0.0390625
0 0.73046875 0.25859375 0.18125 0.0265625
0 0.915625 0.26171875 0.16875 0.04375
0 0.31015625 0.265625 0.1609375 0.0390625
0 0.7140625 0.28515625 0.1921875 0.0359375
0 0.30859375 0.2921875 0.159375 0.03125
0 0.91484375 0.29453125 0.16875 0.04375
0 0.7140625 0.31640625 0.1921875 0.034375
0 0.30859375 0.3171875 0.1609375 0.0390625
0 0.91328125 0.32421875 0.1734375 0.0484375
0 0.3125 0.34375 0.1609375 0.034375
0 0.71640625 0.3453125 0.1921875 0.0328125
0 0.91328125 0.353125 0.1734375 0.0453125
0 0.3140625 0.36875 0.1609375 0.0390625
0 0.7171875 0.37734375 0.1921875 0.0328125
0 0.91484375 0.38203125 0.1703125 0.0390625
0 0.31484375 0.39296875 0.1640625 0.034375
0 0.521875 0.40625 0.159375 0.0296875
0 0.7203125 0.4078125 0.1921875 0.0328125
0 0.91328125 0.4109375 0.1734375 0.04375
0 0.29921875 0.4203125 0.16875 0.034375
0 0.521875 0.4328125 0.1609375 0.034375
0 0.71875 0.4375 0.190625 0.025
0 0.9125 0.44140625 0.1734375 0.04375
0 0.303125 0.4484375 0.1734375 0.03125
0 0.52421875 0.459375 0.1640625 0.034375
0 0.7203125 0.46484375 0.1875 0.0359375
0 0.91171875 0.46640625 0.1765625 0.0453125
0 0.525 0.48828125 0.159375 0.034375
0 0.27890625 0.4890625 0.1875 0.0390625
0 0.9125 0.5 0.1734375 0.04375
0 0.72265625 0.5015625 0.1921875 0.0265625
0 0.5171875 0.51328125 0.159375 0.034375
0 0.2796875 0.51953125 0.1859375 0.0390625
0 0.91171875 0.52578125 0.1765625 0.0421875
0 0.7234375 0.5328125 0.1953125 0.025
0 0.51796875 0.540625 0.159375 0.034375
0 0.27734375 0.5515625 0.1859375 0.0390625
0 0.91484375 0.5578125 0.1703125 0.04375
0 0.72578125 0.56015625 0.1921875 0.034375
0 0.515625 0.56640625 0.1515625 0.0203125
0 0.27890625 0.584375 0.1875 0.04375
0 0.915625 0.58671875 0.16875 0.04375
0 0.5203125 0.58984375 0.159375 0.025
0 0.728125 0.59765625 0.1953125 0.034375
0 0.27890625 0.615625 0.1875 0.04375
0 0.91484375 0.61796875 0.1703125 0.04375
0 0.525 0.61796875 0.159375 0.0203125
0 0.73046875 0.6296875 0.1921875 0.028125
0 0.525 0.64453125 0.159375 0.0296875
0 0.91796875 0.646875 0.1640625 0.04375
0 0.2796875 0.64921875 0.1875 0.04375
0 0.73203125 0.66015625 0.1921875 0.034375
0 0.5203125 0.671875 0.159375 0.034375
0 0.92890625 0.67421875 0.1421875 0.028125
0 0.2828125 0.67890625 0.1875 0.04375
0 0.73203125 0.68359375 0.1875 0.034375
0 0.15234375 0.6859375 0.071875 0.028125
0 0.5203125 0.70078125 0.1546875 0.025
0 0.92421875 0.70703125 0.1515625 0.0265625
0 0.15234375 0.709375 0.071875 0.028125
0 0.2828125 0.71171875 0.1875 0.0390625
0 0.73671875 0.71640625 0.1953125 0.0390625
0 0.52421875 0.7234375 0.159375 0.0203125
0 0.15234375 0.73203125 0.071875 0.028125
0 0.93046875 0.73828125 0.1390625 0.034375
0 0.28359375 0.74140625 0.1875 0.04375
0 0.525 0.7484375 0.159375 0.028125
0 0.740625 0.7484375 0.1953125 0.0359375
0 0.15234375 0.7546875 0.071875 0.0234375
0 0.92890625 0.7703125 0.1421875 0.028125
0 0.28359375 0.7703125 0.1875 0.04375
0 0.521875 0.77265625 0.159375 0.028125
0 0.1515625 0.77890625 0.071875 0.0265625
0 0.7359375 0.78515625 0.1921875 0.034375
0 0.9265625 0.8015625 0.146875 0.034375
0 0.16484375 0.8015625 0.053125 0.0203125
0 0.9125 0.08046875 0.1734375 0.0484375
0 0.28515625 0.80546875 0.1875 0.0484375
0 0.7359375 0.8125 0.196875 0.0390625
0 0.5046875 0.8171875 0.1859375 0.0453125
0 0.16484375 0.82421875 0.0484375 0.025
0 0.92734375 0.834375 0.1453125 0.03125
0 0.28515625 0.834375 0.1875 0.04375
0 0.7359375 0.83984375 0.196875 0.0359375
0 0.165625 0.8484375 0.0484375 0.021875
0 0.50625 0.86171875 0.1828125 0.04375
0 0.9265625 0.86328125 0.146875 0.034375
0 0.2796875 0.865625 0.1875 0.04375