0 0.4859375 0.109375 0.384375 0.0828125
0 0.13828125 0.11171875 0.2765625 0.09375
0 0.84140625 0.17421875 0.3171875 0.071875
0 0.13671875 0.1984375 0.2734375 0.084375
0 0.48046875 0.19921875 0.3890625 0.0828125
0 0.8421875 0.265625 0.3125 0.0703125
0 0.4859375 0.28984375 0.3890625 0.084375
0 0.48046875 0.02890625 0.384375 0.0578125
0 0.13671875 0.29375 0.2734375 0.090625
0 0.1390625 0.03125 0.278125 0.0625
0 0.84375 0.36171875 0.3125 0.0765625
0 0.4828125 0.38125 0.3890625 0.0875
0 0.13671875 0.38125 0.2734375 0.0875
0 0.84609375 0.46015625 0.3078125 0.0828125
0 0.13828125 0.47734375 0.2765625 0.0921875
0 0.4859375 0.48046875 0.3921875 0.10625
0 0.8453125 0.546875 0.3078125 0.0765625
0 0.1359375 0.56484375 0.271875 0.0875
0 0.48671875 0.5671875 0.3953125 0.0859375
0 0.84453125 0.64609375 0.3109375 0.0828125
0 0.1390625 0.6578125 0.278125 0.090625
0 0.48828125 0.665625 0.396875 0.103125
0 0.84609375 0.7390625 0.3078125 0.0796875
0 0.1390625 0.75546875 0.278125 0.0921875
0 0.48828125 0.75625 0.4 0.096875
0 0.83984375 0.0828125 0.3203125 0.075
0 0.84609375 0.83515625 0.3078125 0.084375
0 0.48671875 0.8484375 0.3953125 0.096875
0 0.13828125 0.85234375 0.275 0.0875