0 0.16328125 0.33671875 0.2234375 0.053125
0 0.390625 0.34609375 0.2140625 0.0703125
0 0.83046875 0.35546875 0.2046875 0.0578125
0 0.6078125 0.36171875 0.209375 0.0546875
0 0.1671875 0.38671875 0.221875 0.053125
0 0.3953125 0.39765625 0.2171875 0.071875
0 0.83203125 0.4078125 0.209375 0.0625
0 0.6109375 0.4109375 0.2125 0.0546875
0 0.1671875 0.4375 0.2234375 0.05625
0 0.39453125 0.45078125 0.21875 0.0703125
0 0.615625 0.459375 0.2125 0.0578125
0 0.8296875 0.46015625 0.2078125 0.0578125
0 0.1671875 0.490625 0.225 0.0578125
0 0.39453125 0.50390625 0.21875 0.075
0 0.83203125 0.509375 0.209375 0.0609375
0 0.6109375 0.5109375 0.2125 0.0609375
0 0.16484375 0.54296875 0.228125 0.0609375
0 0.3953125 0.55546875 0.221875 0.071875
0 0.834375 0.5609375 0.2078125 0.05625
0 0.61796875 0.5625 0.215625 0.0609375
0 0.16328125 0.5984375 0.23125 0.059375
0 0.39296875 0.6078125 0.221875 0.0703125
0 0.83984375 0.6140625 0.2125 0.059375
0 0.6140625 0.615625 0.215625 0.0578125
0 0.16328125 0.65 0.2328125 0.0625
0 0.3953125 0.66484375 0.2234375 0.0703125
0 0.8375 0.665625 0.2140625 0.05625
0 0.61796875 0.6671875 0.21875 0.059375
0 0.1609375 0.70703125 0.2359375 0.0703125
0 0.8421875 0.7203125 0.2140625 0.0578125
0 0.39921875 0.7203125 0.228125 0.0703125
0 0.6234375 0.7203125 0.221875 0.0578125
0 0.1609375 0.76171875 0.2359375 0.065625
0 0.6265625 0.775 0.2234375 0.053125
0 0.39765625 0.7765625 0.23125 0.075
0 0.84765625 0.7765625 0.221875 0.059375
0 0.1546875 0.821875 0.2390625 0.0671875
0 0.853125 0.83046875 0.21875 0.0625
0 0.625 0.83046875 0.2234375 0.0578125
0 0.396875 0.8328125 0.228125 0.071875
0 0.15390625 0.87890625 0.240625 0.053125
0 0.3921875 0.8796875 0.23125 0.053125
0 0.85703125 0.8796875 0.21875 0.0515625
0 0.6296875 0.88359375 0.228125 0.0453125