0 0.78125 0.01171875 0.4375 0.0234375
0 0.225 0.140625 0.45 0.065625
0 0.78125 0.15 0.4375 0.0625
0 0.22265625 0.22109375 0.4453125 0.0625
0 0.7796875 0.22734375 0.440625 0.0671875
0 0.22265625 0.30078125 0.4453125 0.0609375
0 0.78125 0.3078125 0.4375 0.065625
0 0.22265625 0.38125 0.4421875 0.0625
0 0.7796875 0.3890625 0.440625 0.0703125
0 0.22109375 0.4625 0.440625 0.071875
0 0.7796875 0.47265625 0.440625 0.0671875
0 0.2203125 0.54921875 0.440625 0.075
0 0.7796875 0.55625 0.440625 0.0703125
0 0.22265625 0.0609375 0.4453125 0.05625
0 0.2171875 0.6328125 0.434375 0.075
0 0.77890625 0.640625 0.4421875 0.0703125
0 0.2171875 0.71953125 0.434375 0.0796875
0 0.78125 0.07109375 0.4375 0.065625
0 0.7796875 0.73046875 0.440625 0.075
0 0.2171875 0.8109375 0.434375 0.084375
0 0.78125 0.81953125 0.4375 0.075
0 0.77734375 0.8890625 0.4453125 0.0390625