0 0.13125 0.1765625 0.2625 0.040625
0 0.17578125 0.22109375 0.2953125 0.0390625
0 0.19140625 0.26953125 0.2984375 0.0453125
0 0.80546875 0.29921875 0.3171875 0.04375
0 0.1734375 0.3140625 0.2890625 0.0453125
0 0.4796875 0.321875 0.3203125 0.053125
0 0.8171875 0.34609375 0.315625 0.053125
0 0.1765625 0.3640625 0.2890625 0.0484375
0 0.4859375 0.3703125 0.3140625 0.0515625
0 0.81875 0.39765625 0.315625 0.0484375
0 0.178125 0.41015625 0.3015625 0.0484375
0 0.4890625 0.415625 0.3171875 0.0484375
0 0.81875 0.4390625 0.3109375 0.0390625
0 0.17421875 0.45546875 0.3078125 0.053125
0 0.490625 0.4671875 0.3171875 0.0484375
0 0.81875 0.48203125 0.303125 0.0390625
0 0.178125 0.5046875 0.3078125 0.0484375
0 0.49296875 0.51171875 0.3171875 0.04375
0 0.8171875 0.52890625 0.2984375 0.04375
0 0.18125 0.546875 0.303125 0.0484375
0 0.49375 0.55859375 0.3140625 0.0453125
0 0.81640625 0.578125 0.2984375 0.053125
0 0.1828125 0.59375 0.3078125 0.04375
0 0.49609375 0.6046875 0.3125 0.04375
0 0.81640625 0.62734375 0.30625 0.0390625
0 0.18359375 0.63828125 0.303125 0.04375
0 0.49375 0.6515625 0.3125 0.0515625
0 0.81640625 0.66953125 0.303125 0.0453125
0 0.178125 0.6875 0.284375 0.0453125
0 0.49609375 0.69921875 0.3109375 0.0484375
0 0.8125 0.7140625 0.2984375 0.0484375
0 0.1890625 0.7359375 0.3015625 0.0515625
0 0.49375 0.7484375 0.3109375 0.0515625
0 0.8109375 0.7546875 0.2984375 0.0390625