0 0.0484375 0.2703125 0.096875 0.0359375
0 0.07109375 0.30390625 0.1421875 0.0390625
0 0.078125 0.34375 0.15625 0.0359375
0 0.50859375 0.365625 0.2234375 0.0265625
0 0.06875 0.38203125 0.1375 0.0390625
0 0.2609375 0.38203125 0.2453125 0.0390625
0 0.5140625 0.40390625 0.23125 0.0328125
0 0.06953125 0.41953125 0.1390625 0.0390625
0 0.265625 0.4234375 0.24375 0.0390625
0 0.5140625 0.43984375 0.23125 0.0359375
0 0.071875 0.4578125 0.1421875 0.0390625
0 0.2671875 0.46171875 0.2484375 0.040625
0 0.5140625 0.478125 0.228125 0.0390625
0 0.2671875 0.4984375 0.2453125 0.0390625
0 0.07109375 0.4984375 0.1421875 0.0390625
0 0.5140625 0.5109375 0.221875 0.04375
0 0.071875 0.5375 0.14375 0.0375
0 0.265625 0.53984375 0.2453125 0.0359375
0 0.5140625 0.546875 0.221875 0.0484375
0 0.2671875 0.57421875 0.2453125 0.0359375
0 0.07109375 0.5765625 0.1421875 0.04375
0 0.51171875 0.5875 0.2234375 0.0484375
0 0.26953125 0.61328125 0.2453125 0.0359375
0 0.0734375 0.615625 0.146875 0.034375
0 0.51328125 0.625 0.23125 0.04375
0 0.0734375 0.65390625 0.146875 0.034375
0 0.2671875 0.65390625 0.2453125 0.034375
0 0.51171875 0.65859375 0.228125 0.040625
0 0.2671875 0.69140625 0.24375 0.034375
0 0.06640625 0.6921875 0.1328125 0.0390625
0 0.509375 0.69453125 0.2265625 0.053125
0 0.50859375 0.73203125 0.2265625 0.0515625
0 0.07109375 0.73203125 0.1421875 0.0453125
0 0.2640625 0.7359375 0.24375 0.05625