0 0.81875 0.11171875 0.3515625 0.053125
0 0.46484375 0.13203125 0.34375 0.0515625
0 0.14453125 0.14296875 0.2859375 0.0453125
0 0.81640625 0.15859375 0.3515625 0.0515625
0 0.4625 0.178125 0.34375 0.0484375
0 0.8265625 0.01796875 0.346875 0.0359375
0 0.1453125 0.1875 0.2859375 0.0515625
0 0.81484375 0.2140625 0.3578125 0.04375
0 0.46015625 0.22578125 0.346875 0.0453125
0 0.14296875 0.2359375 0.284375 0.0453125
0 0.81875 0.2640625 0.3515625 0.0453125
0 0.4640625 0.27265625 0.34375 0.0484375
0 0.1453125 0.27890625 0.2890625 0.04375
0 0.82109375 0.30859375 0.35625 0.0453125
0 0.46484375 0.31953125 0.346875 0.04375
0 0.1453125 0.3265625 0.290625 0.04375
0 0.46640625 0.03359375 0.3453125 0.05625
0 0.821875 0.3546875 0.35625 0.0484375
0 0.4625 0.3703125 0.34375 0.04375
0 0.14453125 0.3734375 0.2859375 0.0453125
0 0.14296875 0.03984375 0.284375 0.0484375
0 0.8234375 0.40390625 0.3515625 0.0453125
0 0.46171875 0.415625 0.34375 0.040625
0 0.1421875 0.4203125 0.2828125 0.0453125
0 0.81640625 0.4515625 0.3515625 0.0453125
0 0.459375 0.46171875 0.3421875 0.040625
0 0.140625 0.46484375 0.28125 0.04375
0 0.8109375 0.4984375 0.346875 0.04375
0 0.45703125 0.50703125 0.3421875 0.040625
0 0.1421875 0.5109375 0.2828125 0.0453125
0 0.8109375 0.546875 0.346875 0.04375
0 0.45546875 0.553125 0.3390625 0.0390625
0 0.1421875 0.55390625 0.2828125 0.04375
0 0.8078125 0.5953125 0.346875 0.040625
0 0.82109375 0.06015625 0.353125 0.0515625
0 0.14296875 0.5953125 0.2859375 0.0453125
0 0.45703125 0.6 0.3375 0.04375
0 0.80625 0.64296875 0.3453125 0.0453125
0 0.14296875 0.64453125 0.284375 0.04375
0 0.45703125 0.64453125 0.3390625 0.04375
0 0.81015625 0.6875 0.34375 0.04375
0 0.14453125 0.68984375 0.2890625 0.0515625
0 0.459375 0.68984375 0.3390625 0.04375
0 0.80859375 0.734375 0.346875 0.0453125
0 0.14296875 0.7359375 0.2859375 0.04375
0 0.45703125 0.73671875 0.3390625 0.04375
0 0.14296875 0.77734375 0.2859375 0.0453125
0 0.81015625 0.7828125 0.3453125 0.0484375
0 0.4578125 0.7828125 0.3375 0.0484375
0 0.14296875 0.8234375 0.2859375 0.040625
0 0.45703125 0.828125 0.3390625 0.0453125
0 0.8078125 0.83046875 0.3484375 0.0453125
0 0.4640625 0.084375 0.346875 0.0515625
0 0.14296875 0.86875 0.2859375 0.0515625
0 0.80625 0.8765625 0.3515625 0.0453125
0 0.46015625 0.87734375 0.3375 0.0484375
0 0.14296875 0.0953125 0.2859375 0.0453125