0 0.7015625 0.1875 0.2234375 0.0578125
0 0.13671875 0.21015625 0.2734375 0.0578125
0 0.6921875 0.24296875 0.2265625 0.0484375
0 0.42890625 0.24609375 0.2265625 0.05625
0 0.13671875 0.27109375 0.2734375 0.0578125
0 0.703125 0.2921875 0.2265625 0.0546875
0 0.4234375 0.2984375 0.2265625 0.0484375
0 0.134375 0.33046875 0.26875 0.0578125
0 0.4203125 0.34140625 0.2265625 0.04375
0 0.71484375 0.34609375 0.2265625 0.053125
0 0.421875 0.38671875 0.2265625 0.053125
0 0.13671875 0.39140625 0.2734375 0.0515625
0 0.7171875 0.396875 0.228125 0.0578125
0 0.421875 0.4390625 0.23125 0.0390625
0 0.1390625 0.4484375 0.278125 0.065625
0 0.7171875 0.4515625 0.23125 0.0484375
0 0.92890625 0.4703125 0.1421875 0.0484375
0 0.42578125 0.48671875 0.23125 0.0515625
0 0.7234375 0.50390625 0.228125 0.065625
0 0.140625 0.50703125 0.28125 0.0578125
0 0.93125 0.52890625 0.134375 0.0453125
0 0.41484375 0.53828125 0.228125 0.0484375
0 0.72734375 0.55859375 0.2265625 0.0578125
0 0.140625 0.56484375 0.28125 0.0515625
0 0.9328125 0.5828125 0.134375 0.0578125
0 0.40625 0.5921875 0.23125 0.053125
0 0.71875 0.61328125 0.23125 0.0578125
0 0.13671875 0.615625 0.2734375 0.05625
0 0.93046875 0.63359375 0.1390625 0.0453125
0 0.40234375 0.64296875 0.23125 0.04375
0 0.71484375 0.66484375 0.2359375 0.053125
0 0.134375 0.67734375 0.26875 0.0578125
0 0.9328125 0.68046875 0.134375 0.04375
0 0.40390625 0.6890625 0.2359375 0.0484375
0 0.71171875 0.72265625 0.23125 0.0484375
0 0.9328125 0.73046875 0.134375 0.05625
0 0.40625 0.740625 0.2359375 0.053125
0 0.1359375 0.74140625 0.271875 0.0625
0 0.70703125 0.775 0.240625 0.0578125
0 0.93046875 0.78359375 0.1390625 0.0484375
0 0.4171875 0.79453125 0.23125 0.053125
0 0.140625 0.80390625 0.2765625 0.0625
0 0.7234375 0.834375 0.23125 0.0578125
0 0.92734375 0.8375 0.1453125 0.053125
0 0.42578125 0.84609375 0.2359375 0.0484375
0 0.1453125 0.865625 0.2890625 0.0625
0 0.7203125 0.884375 0.2359375 0.0515625
0 0.93046875 0.8921875 0.1390625 0.0390625
0 0.42421875 0.89296875 0.2359375 0.034375