0 0.65 0.12265625 0.1875 0.0390625
0 0.859375 0.1265625 0.196875 0.04375
0 0.25234375 0.12734375 0.1921875 0.0390625
0 0.459375 0.12734375 0.190625 0.0390625
0 0.07578125 0.12890625 0.15 0.04375
0 0.6515625 0.1703125 0.1875 0.0359375
0 0.8578125 0.171875 0.196875 0.0359375
0 0.0765625 0.171875 0.153125 0.040625
0 0.25390625 0.1734375 0.1921875 0.040625
0 0.459375 0.1734375 0.190625 0.0390625
0 0.078125 0.21875 0.1546875 0.04375
0 0.65234375 0.21875 0.1875 0.0390625
0 0.25390625 0.22109375 0.1921875 0.0390625
0 0.4640625 0.22109375 0.1875 0.04375
0 0.85546875 0.2234375 0.1921875 0.0359375
0 0.6515625 0.2640625 0.1875 0.0390625
0 0.078125 0.2671875 0.1546875 0.0390625
0 0.4546875 0.26796875 0.1875 0.040625
0 0.2546875 0.26796875 0.1921875 0.0390625
0 0.85546875 0.2703125 0.1921875 0.0390625
0 0.6515625 0.02734375 0.1921875 0.0390625
0 0.0765625 0.028125 0.153125 0.0375
0 0.6515625 0.3125 0.190625 0.0390625
0 0.0765625 0.3125 0.153125 0.040625
0 0.46015625 0.3140625 0.1875 0.0390625
0 0.84375 0.0328125 0.1921875 0.04375
0 0.2515625 0.31640625 0.1921875 0.040625
0 0.8546875 0.31640625 0.1921875 0.0359375
0 0.2515625 0.03359375 0.1921875 0.04375
0 0.45546875 0.03515625 0.1875 0.0390625
0 0.65234375 0.35703125 0.190625 0.0390625
0 0.0765625 0.35859375 0.153125 0.0359375
0 0.46015625 0.359375 0.1875 0.0390625
0 0.25703125 0.36171875 0.1921875 0.0390625
0 0.853125 0.36328125 0.1921875 0.0359375
0 0.6546875 0.40390625 0.1921875 0.0390625
0 0.0765625 0.40234375 0.153125 0.0359375
0 0.25703125 0.40625 0.19375 0.034375
0 0.459375 0.40625 0.1875 0.0390625
0 0.853125 0.41015625 0.196875 0.0390625
0 0.0796875 0.446875 0.159375 0.03125
0 0.25625 0.44921875 0.1921875 0.0359375
0 0.6578125 0.45078125 0.184375 0.0359375
0 0.4640625 0.453125 0.1875 0.0390625
0 0.85 0.45546875 0.1921875 0.0359375
0 0.65859375 0.4953125 0.190625 0.0390625
0 0.25703125 0.49609375 0.1921875 0.0359375
0 0.46015625 0.5 0.1875 0.0390625
0 0.078125 0.5 0.15625 0.04375
0 0.85234375 0.50390625 0.1921875 0.0390625
0 0.6578125 0.5421875 0.1875 0.0390625
0 0.0796875 0.54296875 0.159375 0.0359375
0 0.25703125 0.54453125 0.1921875 0.04375
0 0.4578125 0.54453125 0.1875 0.0359375
0 0.85234375 0.5484375 0.1921875 0.034375
0 0.64765625 0.58671875 0.1875 0.034375
0 0.07578125 0.5875 0.1515625 0.0359375
0 0.45703125 0.5890625 0.1875 0.0359375
0 0.2546875 0.5921875 0.196875 0.0390625
0 0.853125 0.59609375 0.1921875 0.0390625
0 0.65 0.63203125 0.1875 0.0359375
0 0.45546875 0.6359375 0.1875 0.0359375
0 0.07421875 0.63359375 0.1484375 0.0390625
0 0.25390625 0.640625 0.196875 0.0359375
0 0.85234375 0.6421875 0.1921875 0.0390625
0 0.6515625 0.678125 0.190625 0.034375
0 0.07421875 0.6828125 0.1484375 0.040625
0 0.45546875 0.68359375 0.190625 0.0390625
0 0.2515625 0.6875 0.1921875 0.0390625
0 0.85234375 0.6875 0.1953125 0.0359375
0 0.65859375 0.7234375 0.190625 0.04375
0 0.4578125 0.73046875 0.1921875 0.0390625
0 0.071875 0.7296875 0.14375 0.04375
0 0.85546875 0.734375 0.1921875 0.0390625
0 0.25390625 0.7359375 0.196875 0.0390625
0 0.6515625 0.07578125 0.190625 0.034375
0 0.8578125 0.078125 0.1921875 0.0359375
0 0.65390625 0.77421875 0.1921875 0.040625
0 0.4546875 0.775 0.190625 0.0359375
0 0.859375 0.7796875 0.196875 0.04375
0 0.24609375 0.7796875 0.196875 0.0359375
0 0.0734375 0.078125 0.146875 0.04375
0 0.071875 0.78515625 0.14375 0.0484375
0 0.2484375 0.08046875 0.1921875 0.0390625
0 0.65390625 0.82109375 0.1921875 0.0390625
0 0.4484375 0.821875 0.1921875 0.0390625
0 0.46015625 0.0828125 0.1921875 0.0390625
0 0.8609375 0.83046875 0.196875 0.0390625
0 0.06875 0.83203125 0.134375 0.040625
0 0.2390625 0.8328125 0.196875 0.0453125
0 0.6515625 0.86796875 0.1921875 0.0390625
0 0.446875 0.8703125 0.1921875 0.0359375
0 0.8609375 0.87265625 0.196875 0.03125
0 0.24140625 0.87890625 0.196875 0.0359375
0 0.06953125 0.8796875 0.1390625 0.04375