0 0.4703125 0.1984375 0.2703125 0.034375
0 0.8328125 0.22109375 0.3203125 0.053125
0 0.48203125 0.2390625 0.2796875 0.040625
0 0.83984375 0.26953125 0.3203125 0.0453125
0 0.484375 0.2796875 0.28125 0.0453125
0 0.1609375 0.2875 0.2546875 0.0515625
0 0.15390625 0.3140625 0.2625 0.0328125
0 0.48671875 0.3234375 0.2890625 0.04375
0 0.8421875 0.32578125 0.315625 0.0484375
0 0.1453125 0.35234375 0.2703125 0.0390625
0 0.48671875 0.365625 0.2984375 0.040625
0 0.84609375 0.38125 0.3078125 0.0515625
0 0.140625 0.39765625 0.275 0.053125
0 0.48828125 0.40859375 0.303125 0.040625
0 0.13671875 0.43046875 0.271875 0.040625
0 0.85078125 0.4375 0.2984375 0.0453125
0 0.4859375 0.459375 0.3125 0.0453125
0 0.13359375 0.478125 0.2671875 0.053125
0 0.8546875 0.4984375 0.290625 0.0453125
0 0.4859375 0.51171875 0.3203125 0.0453125
0 0.13203125 0.5203125 0.2640625 0.0546875
0 0.1296875 0.56484375 0.259375 0.04375
0 0.48671875 0.56484375 0.3265625 0.04375
0 0.8578125 0.56640625 0.284375 0.0484375
0 0.12890625 0.61875 0.2578125 0.05625
0 0.4890625 0.62265625 0.334375 0.04375
0 0.86171875 0.63671875 0.2765625 0.0515625
0 0.1265625 0.671875 0.2515625 0.05625
0 0.490625 0.68125 0.3453125 0.0484375
0 0.8640625 0.7078125 0.2703125 0.0546875
0 0.125 0.7234375 0.25 0.059375
0 0.490625 0.74140625 0.35625 0.0515625
0 0.12109375 0.77890625 0.2421875 0.0609375
0 0.8703125 0.7921875 0.259375 0.059375
0 0.49140625 0.80546875 0.3609375 0.05625
0 0.1203125 0.84375 0.2390625 0.0609375
0 0.49140625 0.8703125 0.375 0.0484375
0 0.87578125 0.87734375 0.2484375 0.0671875