0 0.74296875 0.1078125 0.4328125 0.1078125
0 0.25703125 0.1984375 0.43125 0.1015625
0 0.740625 0.21484375 0.428125 0.0984375
0 0.2515625 0.2984375 0.428125 0.10625
0 0.7453125 0.321875 0.4328125 0.10625
0 0.25859375 0.40390625 0.428125 0.1109375
0 0.740625 0.428125 0.4359375 0.1078125
0 0.2671875 0.5109375 0.43125 0.1078125
0 0.7359375 0.52734375 0.41875 0.096875
0 0.259375 0.6140625 0.4359375 0.1140625
0 0.7640625 0.62734375 0.440625 0.1078125
0 0.2453125 0.72578125 0.4359375 0.1171875
0 0.7515625 0.7328125 0.4359375 0.10625
0 0.25390625 0.834375 0.4328125 0.1109375
0 0.76796875 0.84140625 0.440625 0.115625
0 0.25625 0.09765625 0.4359375 0.11875