0 0.68125 0.2828125 0.1875 0.0234375
0 0.8734375 0.28828125 0.190625 0.021875
0 0.1109375 0.30078125 0.1859375 0.025
0 0.490625 0.303125 0.1875 0.0234375
0 0.30078125 0.30625 0.1875 0.0203125
0 0.68125 0.31015625 0.1875 0.0234375
0 0.875 0.3140625 0.190625 0.0234375
0 0.490625 0.32578125 0.1875 0.0234375
0 0.1078125 0.3296875 0.1875 0.0328125
0 0.30078125 0.33203125 0.1875 0.025
0 0.68125 0.334375 0.190625 0.0234375
0 0.8734375 0.33984375 0.1953125 0.025
0 0.4890625 0.35078125 0.190625 0.021875
0 0.29921875 0.3578125 0.1875 0.0234375
0 0.109375 0.3578125 0.1859375 0.0296875
0 0.68125 0.359375 0.190625 0.021875
0 0.87734375 0.36640625 0.1921875 0.0203125
0 0.49140625 0.37265625 0.190625 0.021875
0 0.29921875 0.38125 0.1875 0.0203125
0 0.1109375 0.38203125 0.1859375 0.0234375
0 0.6828125 0.384375 0.190625 0.0234375
0 0.8765625 0.3921875 0.190625 0.0234375
0 0.4890625 0.39921875 0.190625 0.021875
0 0.29921875 0.40625 0.1875 0.021875
0 0.1109375 0.40625 0.1859375 0.025
0 0.68125 0.4109375 0.190625 0.0265625
0 0.8734375 0.415625 0.1953125 0.025
0 0.490625 0.4234375 0.1875 0.021875
0 0.29921875 0.42890625 0.1890625 0.021875
0 0.109375 0.43046875 0.1859375 0.025
0 0.68046875 0.43515625 0.190625 0.021875
0 0.8765625 0.44140625 0.1921875 0.025
0 0.48828125 0.44921875 0.1875 0.025
0 0.2984375 0.453125 0.1890625 0.025
0 0.1109375 0.45546875 0.1859375 0.025
0 0.68046875 0.46015625 0.190625 0.021875
0 0.87265625 0.46484375 0.1921875 0.025
0 0.48828125 0.4734375 0.1875 0.025
0 0.29921875 0.47578125 0.1875 0.021875
0 0.1109375 0.4796875 0.1828125 0.0265625
0 0.67890625 0.4828125 0.190625 0.025
0 0.8734375 0.4890625 0.1921875 0.025
0 0.48671875 0.49765625 0.1875 0.021875
0 0.2984375 0.5015625 0.1859375 0.025
0 0.1109375 0.50234375 0.1859375 0.0265625
0 0.678125 0.509375 0.190625 0.025
0 0.8734375 0.5140625 0.190625 0.025
0 0.48828125 0.521875 0.1859375 0.025
0 0.29921875 0.5265625 0.1875 0.021875
0 0.11171875 0.52734375 0.1828125 0.0296875
0 0.678125 0.53515625 0.190625 0.025
0 0.8734375 0.53984375 0.1921875 0.0234375
0 0.4890625 0.54453125 0.1875 0.025
0 0.11328125 0.54921875 0.1859375 0.0265625
0 0.29921875 0.55078125 0.1875 0.025
0 0.678125 0.5609375 0.190625 0.025
0 0.87265625 0.56484375 0.190625 0.025
0 0.48828125 0.56875 0.1859375 0.025
0 0.11328125 0.571875 0.1859375 0.021875
0 0.29921875 0.57421875 0.1875 0.0203125
0 0.6765625 0.58671875 0.190625 0.0234375
0 0.87265625 0.58984375 0.1921875 0.025
0 0.48828125 0.5921875 0.1875 0.0265625
0 0.11171875 0.59609375 0.1828125 0.0265625
0 0.29921875 0.5984375 0.1875 0.021875
0 0.68046875 0.61171875 0.1875 0.025
0 0.8703125 0.6140625 0.1921875 0.0234375
0 0.4890625 0.61640625 0.1859375 0.0234375
0 0.09140625 0.61796875 0.1828125 0.0234375
0 0.2984375 0.62265625 0.1875 0.021875
0 0.6765625 0.6359375 0.190625 0.0234375
0 0.87265625 0.63828125 0.1921875 0.025
0 0.4890625 0.6421875 0.1859375 0.025
0 0.09140625 0.6421875 0.1828125 0.025
0 0.2984375 0.6453125 0.1859375 0.021875
0 0.87109375 0.6625 0.1921875 0.025
0 0.6765625 0.6625 0.190625 0.025
0 0.4890625 0.665625 0.1859375 0.025
0 0.109375 0.6671875 0.1859375 0.0265625
0 0.2984375 0.66796875 0.1859375 0.021875
0 0.87265625 0.68515625 0.1921875 0.0265625
0 0.6765625 0.6875 0.190625 0.025
0 0.48671875 0.68984375 0.184375 0.0265625
0 0.1078125 0.68984375 0.1859375 0.0265625
0 0.2953125 0.69375 0.1828125 0.021875
0 0.87265625 0.71015625 0.1921875 0.0234375
0 0.6765625 0.71171875 0.190625 0.0234375
0 0.1109375 0.71171875 0.1859375 0.0234375
0 0.48671875 0.7140625 0.1875 0.0234375
0 0.2984375 0.71484375 0.1859375 0.021875
0 0.678125 0.734375 0.190625 0.025
0 0.87265625 0.7359375 0.1921875 0.025
0 0.109375 0.7359375 0.1859375 0.025
0 0.48828125 0.73671875 0.1859375 0.0265625
0 0.29921875 0.7390625 0.1859375 0.021875
0 0.67890625 0.759375 0.190625 0.0265625
0 0.4890625 0.7609375 0.1859375 0.0234375
0 0.11171875 0.7609375 0.1859375 0.0265625
0 0.86875 0.7609375 0.1921875 0.0265625
0 0.29921875 0.76328125 0.1859375 0.025