0 0.58671875 0.6078125 0.2359375 0.028125
0 0.34375 0.609375 0.240625 0.03125
0 0.8265625 0.609375 0.240625 0.034375
0 0.83515625 0.0609375 0.2359375 0.034375
0 0.109375 0.0609375 0.21875 0.0296875
0 0.109375 0.61328125 0.21875 0.03125
0 0.5875 0.63828125 0.2359375 0.028125
0 0.8265625 0.6390625 0.2359375 0.034375
0 0.33984375 0.6390625 0.2390625 0.028125
0 0.109375 0.64296875 0.21875 0.03125
0 0.3453125 0.06484375 0.240625 0.0375
0 0.5890625 0.06640625 0.240625 0.034375
0 0.58671875 0.66796875 0.2359375 0.03125
0 0.34140625 0.66953125 0.2359375 0.03125
0 0.828125 0.66953125 0.240625 0.034375
0 0.1078125 0.6734375 0.215625 0.028125
0 0.58671875 0.69921875 0.2359375 0.03125
0 0.33984375 0.69921875 0.24375 0.034375
0 0.8296875 0.69921875 0.240625 0.034375
0 0.109375 0.7046875 0.21875 0.028125
0 0.5875 0.728125 0.240625 0.03125
0 0.33984375 0.7296875 0.2359375 0.034375
0 0.83203125 0.73046875 0.24375 0.034375
0 0.109375 0.73046875 0.21875 0.0296875
0 0.83046875 0.759375 0.240625 0.03125
0 0.3390625 0.7609375 0.240625 0.028125
0 0.5890625 0.7609375 0.2390625 0.028125
0 0.109375 0.76328125 0.21875 0.028125
0 0.5875 0.78984375 0.240625 0.034375
0 0.83046875 0.790625 0.240625 0.03125
0 0.33984375 0.7921875 0.24375 0.03125
0 0.109375 0.79296875 0.21875 0.0296875
0 0.5875 0.821875 0.240625 0.03125
0 0.83203125 0.821875 0.240625 0.034375
0 0.33984375 0.8234375 0.240625 0.03125
0 0.109375 0.82421875 0.21875 0.03125
0 0.5890625 0.85234375 0.240625 0.0296875
0 0.8328125 0.85234375 0.2359375 0.03125
0 0.10703125 0.853125 0.2125 0.0296875
0 0.34140625 0.8546875 0.2453125 0.0296875
0 0.8328125 0.88359375 0.240625 0.034375
0 0.58671875 0.88359375 0.240625 0.03125
0 0.34140625 0.884375 0.24375 0.034375
0 0.10546875 0.88515625 0.2109375 0.0296875
0 0.58671875 0.91484375 0.240625 0.0296875
0 0.83203125 0.91484375 0.2390625 0.0296875
0 0.10703125 0.915625 0.2125 0.0296875
0 0.3421875 0.915625 0.2453125 0.0296875
0 0.11171875 0.0921875 0.2234375 0.034375
0 0.83671875 0.09375 0.2390625 0.034375
0 0.8328125 0.9390625 0.240625 0.0203125
0 0.34765625 0.09375 0.240625 0.034375
0 0.59140625 0.09765625 0.2359375 0.03125
0 0.1109375 0.1234375 0.221875 0.034375
0 0.34609375 0.125 0.24375 0.03125
0 0.8375 0.1265625 0.240625 0.0328125
0 0.59140625 0.12890625 0.240625 0.03125
0 0.11171875 0.1546875 0.2234375 0.0328125
0 0.3453125 0.15625 0.240625 0.0296875
0 0.83515625 0.1578125 0.2359375 0.0328125
0 0.58984375 0.16015625 0.2359375 0.034375
0 0.1109375 0.18359375 0.221875 0.0296875
0 0.3421875 0.1859375 0.23125 0.0296875
0 0.83203125 0.1875 0.2359375 0.034375
0 0.5890625 0.19140625 0.240625 0.0296875
0 0.1109375 0.2140625 0.221875 0.0296875
0 0.3453125 0.2171875 0.240625 0.0296875
0 0.8328125 0.21875 0.2359375 0.03125
0 0.58984375 0.22265625 0.240625 0.034375
0 0.1109375 0.2453125 0.221875 0.0296875
0 0.3484375 0.2484375 0.240625 0.0296875
0 0.8328125 0.25 0.2359375 0.034375
0 0.5890625 0.25234375 0.2359375 0.03125
0 0.11171875 0.2765625 0.2234375 0.0296875
0 0.34765625 0.27890625 0.240625 0.03125
0 0.8328125 0.2796875 0.2359375 0.0296875
0 0.5890625 0.28359375 0.240625 0.0328125
0 0.8375 0.02890625 0.240625 0.034375
0 0.1109375 0.0296875 0.221875 0.0296875
0 0.11171875 0.30625 0.2234375 0.0296875
0 0.834375 0.31015625 0.2390625 0.0328125
0 0.34765625 0.31015625 0.240625 0.0296875
0 0.58671875 0.3125 0.2390625 0.0296875
0 0.34765625 0.03125 0.24375 0.034375
0 0.59140625 0.03359375 0.240625 0.03125
0 0.11328125 0.3390625 0.2265625 0.03125
0 0.83515625 0.33984375 0.2359375 0.034375
0 0.3484375 0.34140625 0.2390625 0.03125
0 0.59140625 0.3421875 0.2359375 0.0296875
0 0.11171875 0.36796875 0.2234375 0.03125
0 0.34765625 0.36875 0.2390625 0.03125
0 0.83046875 0.37109375 0.240625 0.0296875
0 0.5875 0.37109375 0.2359375 0.034375
0 0.11328125 0.39921875 0.2265625 0.0296875
0 0.828125 0.4 0.2359375 0.03125
0 0.3484375 0.4 0.240625 0.0296875
0 0.5875 0.4 0.2390625 0.0296875
0 0.8296875 0.42890625 0.2390625 0.03125
0 0.11328125 0.43046875 0.2265625 0.0296875
0 0.5875 0.43046875 0.2359375 0.03125
0 0.3484375 0.43046875 0.2359375 0.03125
0 0.58984375 0.46015625 0.2359375 0.0296875
0 0.83046875 0.46015625 0.2359375 0.0296875
0 0.34765625 0.46015625 0.240625 0.03125
0 0.11328125 0.4625 0.2265625 0.0390625
0 0.828125 0.4890625 0.2390625 0.03125
0 0.3484375 0.490625 0.2359375 0.028125
0 0.58671875 0.490625 0.2359375 0.028125
0 0.11328125 0.49140625 0.2265625 0.034375
0 0.58671875 0.51953125 0.2359375 0.0296875
0 0.34375 0.5203125 0.240625 0.028125
0 0.8265625 0.5203125 0.240625 0.028125
0 0.1046875 0.521875 0.2078125 0.034375
0 0.5875 0.5484375 0.2390625 0.028125
0 0.82578125 0.5484375 0.240625 0.028125
0 0.34375 0.54921875 0.2359375 0.028125
0 0.10546875 0.55 0.2109375 0.028125
0 0.58671875 0.578125 0.2359375 0.0296875
0 0.8265625 0.578125 0.2359375 0.034375
0 0.33984375 0.5796875 0.240625 0.028125
0 0.109375 0.58046875 0.21875 0.03125