0 0.509375 0.15859375 0.4453125 0.075
0 0.13359375 0.16484375 0.2671875 0.071875
0 0.878125 0.1671875 0.24375 0.06875
0 0.509375 0.2328125 0.4453125 0.0765625
0 0.13671875 0.2359375 0.2734375 0.06875
0 0.1203125 0.02421875 0.240625 0.0484375
0 0.8796875 0.24140625 0.240625 0.071875
0 0.51015625 0.025 0.4390625 0.05
0 0.8984375 0.02734375 0.196875 0.0546875
0 0.50859375 0.30859375 0.440625 0.0765625
0 0.1359375 0.30859375 0.271875 0.0703125
0 0.87578125 0.315625 0.2484375 0.075
0 0.50625 0.38203125 0.4453125 0.0796875
0 0.13359375 0.38203125 0.2671875 0.075
0 0.87734375 0.3921875 0.2453125 0.071875
0 0.134375 0.45390625 0.26875 0.0671875
0 0.4984375 0.45546875 0.4390625 0.0765625
0 0.87734375 0.4625 0.2453125 0.0703125
0 0.13359375 0.52265625 0.2671875 0.0703125
0 0.5015625 0.52734375 0.4359375 0.0703125
0 0.87578125 0.53515625 0.2484375 0.0765625
0 0.13125 0.59375 0.2625 0.071875
0 0.50234375 0.603125 0.4375 0.0765625
0 0.8734375 0.6078125 0.253125 0.065625
0 0.13125 0.665625 0.2625 0.071875
0 0.5015625 0.67578125 0.4359375 0.0765625
0 0.87734375 0.6765625 0.2453125 0.071875
0 0.12890625 0.74140625 0.2578125 0.075
0 0.50234375 0.7484375 0.4390625 0.0703125
0 0.8734375 0.75234375 0.253125 0.0625
0 0.13125 0.81640625 0.259375 0.0703125
0 0.50234375 0.81953125 0.4421875 0.0703125
0 0.8734375 0.82578125 0.253125 0.0625
0 0.50859375 0.08515625 0.4453125 0.0765625
0 0.13125 0.0875 0.2625 0.075
0 0.89921875 0.09609375 0.2015625 0.075