0 0.78203125 0.6 0.4359375 0.040625
0 0.31484375 0.61328125 0.4828125 0.0453125
0 0.78359375 0.6390625 0.4328125 0.0390625
0 0.3078125 0.6546875 0.4859375 0.0390625
0 0.78359375 0.67890625 0.4328125 0.040625
0 0.3078125 0.69140625 0.4859375 0.04375
0 0.78203125 0.71875 0.4359375 0.040625
0 0.3078125 0.73046875 0.4859375 0.0453125
0 0.77890625 0.071875 0.4421875 0.034375
0 0.78203125 0.7625 0.4359375 0.040625
0 0.3125 0.771875 0.4890625 0.0390625
0 0.78125 0.80078125 0.4375 0.034375
0 0.3109375 0.81015625 0.4890625 0.040625
0 0.7796875 0.83984375 0.440625 0.0359375
0 0.31015625 0.85078125 0.4859375 0.04375
0 0.3078125 0.0875 0.4859375 0.0390625
0 0.78125 0.884375 0.4375 0.0390625
0 0.3109375 0.8890625 0.490625 0.04375
0 0.78203125 0.925 0.4359375 0.0375
0 0.3109375 0.9265625 0.49375 0.040625
0 0.77734375 0.1109375 0.4453125 0.0390625
0 0.3109375 0.125 0.4828125 0.0390625
0 0.77734375 0.14765625 0.4453125 0.0359375
0 0.30859375 0.16328125 0.478125 0.0375
0 0.303125 0.0171875 0.48125 0.034375
0 0.77734375 0.18359375 0.4453125 0.0390625
0 0.3140625 0.2015625 0.4828125 0.0453125
0 0.78203125 0.221875 0.4359375 0.0375
0 0.3109375 0.2390625 0.48125 0.0484375
0 0.784375 0.25625 0.43125 0.0375
0 0.32578125 0.27734375 0.4765625 0.0453125
0 0.78671875 0.2984375 0.4265625 0.0375
0 0.3234375 0.31484375 0.4765625 0.0453125
0 0.78671875 0.33671875 0.4265625 0.0359375
0 0.3109375 0.353125 0.478125 0.04375
0 0.77734375 0.0375 0.4453125 0.0390625
0 0.784375 0.3734375 0.43125 0.040625
0 0.30859375 0.390625 0.478125 0.0453125
0 0.78359375 0.4109375 0.4328125 0.034375
0 0.30859375 0.42890625 0.48125 0.0453125
0 0.7796875 0.4484375 0.440625 0.0359375
0 0.30859375 0.4671875 0.4765625 0.0453125
0 0.77890625 0.4859375 0.4421875 0.0359375
0 0.3109375 0.50625 0.478125 0.0515625
0 0.30546875 0.05078125 0.4859375 0.040625
0 0.77734375 0.52421875 0.4453125 0.0390625
0 0.30859375 0.53984375 0.4828125 0.0484375
0 0.78125 0.5609375 0.4375 0.0359375
0 0.3125 0.57578125 0.4890625 0.04375