0 0.9578125 0.1109375 0.0828125 0.0359375
0 0.609375 0.125 0.178125 0.025
0 0.4171875 0.12734375 0.1734375 0.0296875
0 0.05078125 0.13359375 0.1015625 0.034375
0 0.9578125 0.1421875 0.084375 0.0328125
0 0.61875 0.15625 0.178125 0.0296875
0 0.41796875 0.1578125 0.1734375 0.0296875
0 0.0515625 0.16015625 0.103125 0.034375
0 0.96171875 0.0171875 0.0765625 0.03125
0 0.95625 0.1734375 0.0875 0.034375
0 0.6203125 0.18515625 0.1796875 0.034375
0 0.4171875 0.1859375 0.1734375 0.0296875
0 0.05390625 0.18984375 0.1078125 0.03125
0 0.95546875 0.20703125 0.0890625 0.0296875
0 0.21015625 0.21484375 0.16875 0.0296875
0 0.053125 0.21640625 0.10625 0.034375
0 0.4171875 0.2171875 0.1734375 0.0296875
0 0.6203125 0.2171875 0.178125 0.0296875
0 0.95390625 0.2359375 0.0921875 0.034375
0 0.80625 0.240625 0.1875 0.034375
0 0.41484375 0.24609375 0.1734375 0.0296875
0 0.6203125 0.24609375 0.178125 0.0296875
0 0.21015625 0.24609375 0.16875 0.0296875
0 0.053125 0.24609375 0.10625 0.034375
0 0.953125 0.26953125 0.0921875 0.0296875
0 0.8078125 0.2703125 0.190625 0.0296875
0 0.05078125 0.27421875 0.1015625 0.034375
0 0.61875 0.27421875 0.18125 0.0296875
0 0.41328125 0.275 0.1734375 0.0296875
0 0.2078125 0.2765625 0.16875 0.0296875
0 0.953125 0.29921875 0.0921875 0.0296875
0 0.80546875 0.3015625 0.190625 0.0296875
0 0.61875 0.30390625 0.178125 0.0296875
0 0.209375 0.30546875 0.16875 0.0296875
0 0.4203125 0.30546875 0.1734375 0.0296875
0 0.0515625 0.30546875 0.103125 0.0296875
0 0.803125 0.33046875 0.190625 0.0234375
0 0.9515625 0.3296875 0.096875 0.0296875
0 0.05078125 0.33203125 0.1015625 0.034375
0 0.61796875 0.33203125 0.178125 0.0296875
0 0.41796875 0.3328125 0.1734375 0.0296875
0 0.209375 0.334375 0.1640625 0.0234375
0 0.6109375 0.03359375 0.178125 0.034375
0 0.4171875 0.0359375 0.1734375 0.0296875
0 0.80390625 0.359375 0.1875 0.0296875
0 0.953125 0.3609375 0.09375 0.0296875
0 0.05390625 0.36171875 0.1078125 0.0296875
0 0.615625 0.36171875 0.178125 0.0296875
0 0.21015625 0.36328125 0.16875 0.0296875
0 0.415625 0.36328125 0.1734375 0.0296875
0 0.05390625 0.3890625 0.1078125 0.03125
0 0.803125 0.390625 0.1875 0.025
0 0.40859375 0.390625 0.1734375 0.0296875
0 0.95546875 0.390625 0.0890625 0.0296875
0 0.209375 0.390625 0.165625 0.0296875
0 0.6140625 0.390625 0.178125 0.0296875
0 0.05390625 0.4171875 0.1078125 0.0265625
0 0.4015625 0.41796875 0.1734375 0.0296875
0 0.21171875 0.41953125 0.165625 0.0296875
0 0.95390625 0.41953125 0.0921875 0.0296875
0 0.803125 0.421875 0.1875 0.0296875
0 0.60546875 0.4234375 0.18125 0.0296875
0 0.0484375 0.04296875 0.096875 0.0359375
0 0.05390625 0.44609375 0.1078125 0.0296875
0 0.40234375 0.446875 0.1734375 0.0296875
0 0.2140625 0.44921875 0.16875 0.0296875
0 0.8015625 0.44921875 0.1875 0.0296875
0 0.95390625 0.45078125 0.0921875 0.0296875
0 0.60234375 0.4515625 0.178125 0.0265625
0 0.95859375 0.04453125 0.0828125 0.0359375
0 0.05390625 0.4734375 0.1078125 0.0296875
0 0.21640625 0.478125 0.165625 0.0296875
0 0.4046875 0.478125 0.16875 0.0296875
0 0.8015625 0.478125 0.190625 0.0296875
0 0.60078125 0.48203125 0.178125 0.025
0 0.95546875 0.4828125 0.0875 0.0296875
0 0.05390625 0.5015625 0.1078125 0.0265625
0 0.21640625 0.50390625 0.16875 0.0296875
0 0.40625 0.50625 0.1734375 0.028125
0 0.7984375 0.50859375 0.1875 0.034375
0 0.6 0.51171875 0.178125 0.0296875
0 0.95390625 0.5109375 0.0921875 0.028125
0 0.053125 0.53359375 0.10625 0.03125
0 0.21484375 0.53515625 0.16875 0.0296875
0 0.40390625 0.53515625 0.1734375 0.03125
0 0.80390625 0.53828125 0.1875 0.034375
0 0.59609375 0.53828125 0.16875 0.028125
0 0.95625 0.54375 0.0875 0.03125
0 0.0515625 0.56015625 0.103125 0.028125
0 0.21171875 0.5609375 0.16875 0.034375
0 0.40390625 0.5640625 0.1734375 0.028125
0 0.603125 0.5671875 0.1765625 0.028125
0 0.80078125 0.56953125 0.1875 0.034375
0 0.9515625 0.571875 0.096875 0.028125
0 0.05078125 0.58671875 0.1015625 0.028125
0 0.21015625 0.5890625 0.16875 0.028125
0 0.4046875 0.5921875 0.16875 0.0265625
0 0.60078125 0.59765625 0.178125 0.03125
0 0.7984375 0.60078125 0.1921875 0.0390625
0 0.953125 0.60234375 0.09375 0.028125
0 0.05078125 0.6140625 0.1015625 0.0265625
0 0.203125 0.61796875 0.1640625 0.028125
0 0.40859375 0.62109375 0.16875 0.0296875
0 0.60078125 0.6265625 0.178125 0.028125
0 0.80078125 0.63359375 0.1875 0.0359375
0 0.95390625 0.63515625 0.0921875 0.0359375
0 0.05078125 0.6421875 0.1015625 0.028125
0 0.19453125 0.6453125 0.165625 0.034375
0 0.41796875 0.06484375 0.1734375 0.028125
0 0.40859375 0.65 0.1734375 0.034375
0 0.60078125 0.65625 0.178125 0.03125
0 0.609375 0.06640625 0.178125 0.025
0 0.80078125 0.6609375 0.1875 0.0390625
0 0.953125 0.66484375 0.09375 0.0265625
0 0.05078125 0.66953125 0.1015625 0.028125
0 0.19375 0.6734375 0.1640625 0.028125
0 0.40859375 0.68046875 0.1734375 0.028125
0 0.60078125 0.68515625 0.178125 0.025
0 0.80078125 0.69140625 0.1875 0.0390625
0 0.95390625 0.6953125 0.0921875 0.034375
0 0.04921875 0.696875 0.096875 0.028125
0 0.1921875 0.7015625 0.16875 0.03125
0 0.40859375 0.709375 0.1734375 0.028125
0 0.0484375 0.071875 0.096875 0.034375
0 0.60078125 0.7140625 0.178125 0.028125
0 0.79921875 0.7203125 0.1921875 0.0359375
0 0.04921875 0.72265625 0.0984375 0.03125
0 0.95390625 0.728125 0.0921875 0.03125
0 0.1875 0.73203125 0.1640625 0.028125
0 0.41015625 0.7390625 0.1734375 0.028125
0 0.6 0.74375 0.178125 0.028125
0 0.79921875 0.7515625 0.1921875 0.04375
0 0.95078125 0.75859375 0.0984375 0.0359375
0 0.95859375 0.07578125 0.0828125 0.0359375
0 0.41640625 0.009375 0.1765625 0.01875
0 0.41796875 0.09609375 0.1765625 0.028125
0 0.6078125 0.09609375 0.178125 0.03125
0 0.04921875 0.10234375 0.096875 0.0390625